$ANSIBLE_VAULT;1.1;AES256
39666366366634623762336136383366376164626661336534303138633036636162663133643439
6337623039643133636563643432396337383262663363610a376136396461366366313830393438
38373132616465373733386132613333326534333439333335613163356435613565643362323131
3531396231623530320a393466623963323565663963386336396531666366356666623266313632
36343235356566383262373731616336383332366262663235346662333639663132373236303561
34383536393064633061643165333066653130653662346539643564343936643562376134633338
65316634363635633666333636323563646239343262613436343564353836376137663531346532
34393836666337323236333366303933366663363431326437363363346236353931336363626663
63633637366332303064363566363038653565666136343734366331376161626339643030353364
62303034633863336663336163316461316461323135356338366436393863633536656463313563
36363438636531366165326361376563353663616430313537666165316238623436343833386165
39623363633833643862323765636139373430316138623338663833623337643538633633343665
63636464366162363337653964333132353866393735323939376165386236633733376162313037
61303765633134653564373035313734323730383262383763623136303962323331626533656133
62376434646138643133356533393438663234303835336533363064306234626336613966373466
38633734323661613631633461616632323835306565323633336265393836396563616533666164
61313638663039383833346633396539613461656165643130336632323165336134336636653862
36323132613935313333376435323563636465643530303565623934626461373366383336316361
35653431393938346138623830646632663731653761363364326365306535383630366538373639
66303163623430303234396533373231396131343030626536383736373430643164656161393566
64366263653536366136376462323631343834626463653935666235646135353131646632373237
62363230653339343066396539373230353565303634353962336434323439313664303633316131
61306334353930623638336463306639303563313961373431636266346161666566353965353061
64636662343735646633636264646635663137363732386633333763313861393235333730323263
66666665333236396464353663303038666138666139393962653335333731353439663161336138
39623262356430393366393936613265363238636366646166333861313465336136303435326263
37313031346165353934366331623361306339656137373737646366326235653630326336616663
32356539646132326463653166316138326435643465373263316334346536383830333531356537
66346631313436633238653133356534636266373966326663386363663262616366343863376364
63356238303630626362343231616632616139326531363237356661343862333061353066616265
36396137306536653739303962393261626266306561653266353432386434656639323865653062
33623836613663316364343965313165383433663261366532376563633633313066653737383434
30326130336530333331613665636234646636333862653661636163646433326435336566643435
34653565333762656333353334663736366138623230313033613339633965633634376666613635
37656630633064373463626565313061636465376530623331323030306333366263363366636138
36633363383930633339643164616665393038303732363335363163303837363463653630623730
63366637386563333930316535306462393333303933353763616231396331353163663961396336
30366134386363616235356664343937353232346430303433386463643035353537363464316266
33613636346663633965393566383436333466333465363730373533383737616236623932383664
30333938343161353164376530613332613661643261326134373735356133633137316361376132
62376338396437656238623363386230613663343730346538333134366163323365363165333663
62633039333830393239363166373663633835376163363364663965633330306137313163303139
63663761616163383439373839383137366137316235363063646435613939666265613466623734
39373136326439663466333733666437633961343563663934313930633135353538323935623435
37636332303839336536336237363137633164666564326430396136643338383136663963363334
34343664333130373361643835386337666533396638376466386638303130616133396461306138
63616265643036393836303764343433366165313532633066646264316139353461376665636432
32633635333361313032383935613834363436343166626162626339383038353830633965333635
39626135633532303439643065636437613836353739653465346632356336373138353963323436
36346434316137316333653338636333386564323630633963666633636461653730363134366431
64396661313061376630636431353462613166323966363432356163363764323434323636346164
39383361623037623963663439656663313833643836663063343263666139353964616165646638
32643636313565616661623537663062666362616665373538623931313931376662623235373965
31336565613736363063623939356238616537636335353736323665346263303031393530356331
65323666323463663862633931353234353835303938613533393933336366656536353331626663
32313962366166663161386564633132396236623132373965393634393533306130623232393230
62626666373637363734623436303165323130353262303339626333306564656565633164663737
61333233333133623465356630653735396664363632396263616335323130643338363035356365
62633936303466363537623361656335383234383362333065363964613338623530383939653830
31353362623366386531663462643038336166666535653564383530333136393834646330633733
62356634616634353062636536333334643136636337353836656634383934373965626265313438
62613133376566653534323134336462376538386537313764346237383033636430303635623661
63653138323063303063643737363732303131306530386439616137353163656335393765643537
30376537623961303962393438396332386163366534306363336166323137656333393266653362
34386337373336333032316338643935666561353035626534333735616530373532393139343361
65396536663035393631643639373237373362326464663330613037336138363761373433363236
37343961376364346532643637373035656361633262326361333361643334633639393432396233
37333532373566303939363333653765643462363565363736313339663030393834623832356264
37333436623663323032656333383432393639313035666264303831666462623265333966373731
31643430343833653466356434623237376230383839313066373734313561383430623830373134
30316438303039383030623764666130376134303036383839363363623831646261656663333033
31396264383338383766346361663865626661393035353932653464636635356634623834363731
33303161343138646631626138366661343737646465353634666338356137613231336663363131
31356464666337633938313366303737636637383764343065383737353366393038626566626462
64626531343961393730616630643939643761363739633733323963356137613261306561323762
39343737343035353835326439393630663533373230353331363762393731333137663837653265
38303030666639353438356331623533323564313335383961383234393738663661343536373230
37336133363062386636326564356534343061373434653333633562326533313030376135376635
61313933653162633538633166636661653565303635333339333430393038636565383936366430
64663335306666643061653731373539356163656537633238363032336131326336336138646562
64313565363438396134616563663533653438656661343833346234336430306334396165373530
34373739653261663863316261396530336562626438613832306263333638343365666236653832
32646135353930326131363161666134326533663033633663373330623133346636353339346238
62633231316238626638386565626133306264386639316333653432653431653765623965333534
31613732323037623666636665323134346263333061316139333930646264663161636561313037
33306437326161363866383737313535636231666137643336383066363430633232633864633238
63663664393465613231313735366561336635306237666133333133326433656137363939343662
63633565316666373466353234646137623063366464666131346135353236386636313230633335
30623535623732383365643532636364306466323535626638646430366163383365616430313039
37383833303539353066633937306137376435303032323535346537613631363532346262346133
63616661633738656331616461383332356363636562313333623835643633666165333239666435
32636534366464653163306334636338303237316539643533613562373133326135353064653436
39656262366438346632373332353833346439376334616139626534303162353334313435636363
30393437613264666531373166616663353766313238303561393837373335663437653631316431
30396132396537373230666666356130343333306231666561346239656631313935633337396131
35393261303830653731643838303966383539326634303939633235336134313330373839636237
63356539633561626264653439366432333432383736333232373762653839363966346536313930
66633839356439623637336564613961366531643961666262653664626635643036383633616136
32396433373637346262373265623463376334343538333161316162643961353433363465613965
33666335383362386432353865623662383531336161656539663136373065333264393162626665
64643831303866346439613139616431343238336438663465333339326264653932663434343433
66323134376534663436333937343361393435653561663262383366326665393464303835303636
36306333393064383364643664623964633536313434616261663434353437396435366461343337
33393965613130333230663737366630396131396337333636633662646130373366653037626232
66613966663038323764373262356565343563386432306161633066663234313731653539333363
35643164333166393332363266363433316638323664356234623466643335366162376131343835
66333266636331363235623730313436333366343837653737343964666163326337353164343663
38623537636661643862643962633666333230316463326262323565303631303136663961626361
66383036396232363436343763346264613238373733613538386336346430336462343633633366
37633635383866323362633439383637376532366337653463306530623734626438633635646665
61633236303033653666613130386365656661653939343439313534353238396334646439366365
33623864663466613935356234333139356437343065303136373638633439666563336166353836
36613737666239663236336339666331383966376361366461653835373833343437386535323961
35323765313665336639303361646463623630613037336366326166633531393936393739356431
39396337336138343764653933623634313534313638376364346636393237333636363935643966
64383761363536363566333662633561636531363862653137393966653139306539396364636431
39646262626664636137626431376235396535386133613566636432616339633132393263336565
36386233303766373830333461326530656435343662613335643337346135393730663262616164
31333664316234323765666532383765383737303663636333386666653932313131356165343131
66363230373863633131656232613032356132393239633332653430386237313365353462633862
31616162316235393236616263373166346232336130303937333531363231393331336439613532
62383162366539623564336431373061353065303162393462613464376561383865623533393961
33643033303161663061306362353061633237616238376539613036663433303730633433313333
62656330373730316465323337323462346532326637653266356538613361653665373362353739
36373261363734616533373235303733323430626233623335636634356562343464356438346235
31316165376266353237333465373237313037303666306161363431353639343264323633373832
38363433323636643238326465613030353465326531653639353765336163396537326636636136
32663266613862383566303363636363356166323164353431363239636366343435663439343766
65393365623730313234646664386437373633313664633430623862646234386165303862623364
32336330393338633737643165653466613938313131393763653933303132663834393737343334
37626236343037376433663263306637626233616263613232313765653535373764623961386163
62633065336632376262346433663837323161623865393331303936333866633234363262386333
35633737353261386464393761663936363066343735643236303137346133313066653832653630
30363965393861663362633137353962376335326537356239333865346539303636393063643263
33376239363536346366333735316163343364313665343164373439373866396432346532616261
63393664613436633962633033623563353336666165376631396361316666373833333662336232
62303063396439323639306432623031623033306339653563383666656535376338346333376137
34633430353231616662666132663262316632303238656130303765623537333939363466383538
64366338383434363530383063643665666634323830316566613335383930313466366266303431
66656238616462343932343939363139356438616537646465343335393864343064313033323237
32616338363361383864333462333538366466303162353662356163353037386235643366663734
62303834386564343036353662636437356635396663343334396437643736636464323662663264
32336531666161616436633964353162326435383764363861623237356638313565333465333431
37653865663237343939623834363033336561326336653634633562333233336337396134323638
66326537303438336139636638373965333332323539616332313739643162633661616534353138
62646363353764663063643130626434646561383233393638643038633864656239646630663333
36346330356435306135356439383636626231326564653534386364656566613933623733663466
65313030653061623032626330646139306632623437323034656666386630343864316362383464
36626663643032376134373264343430353762646433663738643735373531356234656433316663
39333537613539376337653532323765656532623639366137666361616664383164646462306135
37366433393132663130306237353066666664383063303961333435306436396132646136626362
32363037393836303961353864343935663661626262303464646463666535333565373539316666
63303066363639383830663764613838356266383734303265323333633064623635353338613564
33656263313164623063663762373161666331346661653764313465633035653037623738373935
31306266326363303430636132323330373136336130383461353863306237366463333331376635
65383564613731643730646333623432383163663131316462383965623362666439396162316538
30303933363564346463623837383735303130613432313134336135316565373937666465303662
32366461326562643063663931353965306165306337666335323730383363333965353535333533
37623531333839633535323834653064663166623733626137623035343431653565623332663634
39366162663031366462383963646235313761363031303535343065373030333766653535366261
62643764653061386463636165393761373936313334313031656362653233613162316638353463
36336138396138323839656464363362643638623130383839616363333234343765366139613838
34623362613939363831373737366539323863363334626536663063313166643264336431386434
62383134653066653431373861626461623565666636316238656565303932363335373262643935
62366330303262333363373737656465616566376633653433346330626632343737656562396131
33313137656532656137616364653338663334313832343961353366653065623535393163623362
63623737373465623065656262623162343539316635623562663236313031363438646532343435
32633762636430633133656236623639313632613462393463613735643464653933313266616465
34633163623437643334663933616332333332633534323265346264336132613035653632373437
30316637376464386235313239323432386530636466663433633266366564663834623435323061
35643438613836383037363764373564326433623630343464336134383464373966303330396163
64326638393863303365306662613138303466663835393535343066303161343765623431333965
31636665373437323539366661653330623466633037316637343532656263313634386632636238
63323564396561613837613362373732616131663935386461663761636436653439386165316165
38646130636232343239353761376330653264623263343939613035666235623237623033656563
34613263643561323430326134353965313964646463626237343135623733393463323336653362
38303161633264653236383234633262663137626262653064393537346235636665323030313137
64623363323837616330323436356133316361343165653363613962363063316337623337376132
35376133323237303335653638626436653237376233353332643437336335303237653131363363
31303039343065616365633835623166393733353231636333393438396363343035303863613135
38616334383362303565656261316336313031313332336330643431373035393733613733663963
36316162313835333961303931373065313331393036383530333130393131626463663361643839
36306261363265373436353664666432326435373039626238643133303462633963393662353834
66346539646461373564636237633564613730646135333631623538306466323365366165396439
64346332346137613631303635356363366663373034393934613535343636346131613332633434
30306237343333393730303039386333323832333563353961326466353663313666643438323235
31623738656233623662336461343935346466336166646437663366356233626566393330646532
61353931336664616234313038663363373863373832383931376666623435613163393835313730
37626137353230333565613833666261393965626239663665643931366465313739353931303836
37663937356538373939666330346235326432343264336235663539343563633666636362396430
61396433363634303136323361633064356236663332623239653830353331326435333966643235
62613462326434613736323732623864336565616564373137373562373930656366656465633461
65373464353063373335363362346565363964356230366566303630626132303661383934643931
38666136623438313762323561373535346662363735653435343837646630643036363031333865
37636464373561386566326535393330353165343164626530663930353561346238663538333235
61616466623139393236623534353464346531653162623864393831396562323736646531373830
66643064336634313831366632376638393962383636343133636432353830643362373331633330
36316434613462396235613165643061373336613236613638353832353562373633653531356164
35323433323864316339353231336331373661313965633630616332643434313533663762336664
64646465356466653337323332333237383136626362393436616163303465626363376366383732
38336163343436663162303764633633346637663066656233363730303332636235366636666138
37646134623761333338393836346335623733363134626637653831666563336337393732646163
61376262306165663162373133303430343235303261303638356564303438656238323533633333
66366266633335393066663562323265666539616438643632303432386264373637346137643737
61653863373539323963623364396535363364373839353762306163326138303432313866646237
37626465323037623462386233643533626635313339616662636361303861623261376533313738
31633533613961393765386433626465373466396361336166613161303661653439633935636331
32666265633462316535363061343862666131313463346136333038663538306539373866363066
62366661333462656536313836666137653463666235653334666663316134333632326434656166
39613336666434353465666330393065613465633335346237616134616539363832383233373635
38643835303439633338326530366339356436336532346261353331316536626265663532643335
36623566646661613061383435333266666337363134626137653338313130623962623332316632
61346361646338653638323363653634646235323639306462333935336134653562646537346566
39333437663266623130386666333462343832306565656566343266343936613765656263326334
62663832333164613735633664643831383139633539303263623466343966303938656239396166
37393938343561633336373939303038313732303863353961653736383866313062386236343930
63343133346532326663666236313636376230306333623738383261376539386665633138363039
61383835356232306561383635396265613732663639333333343361346564653131393031613563
63616431393338383466373766313565613731376339313463633863386665663835626233643561
38326237346339326264383236633462323066323765663565303236656133336362383939323563
39353665316632393038373737643438646163383833383562626134316634363532333531616165
62646535393033653461363262643832313363656631653466326336653939386431616638343736
62333463376536623238376337373237336231656432626234643661356539363762646630643233
36316461663835323263383334353035393236623162616632336634636165613233613964623933
31383039393964336535323737656235393233383164343966383331326535656237616561656137
65353833336537663963613734386134363734316432323233386636623136393536613939623630
35386333633139306237323534323934616331356236353736346165623764323631313930636566
64626235343530636631636430613837333734656165313835326132633734616363656531636662
30343931636234643438333437393531303862326439656630636133626665353432316235373935
65616137353637666230356664633966626233313663366233366638383236393335663636313766
39633664643861623564363838346434363363663963643562353534343331393633393334643361
36383737303637626635356661643236636663633433623336646539376663376236336566386433
30356463626665656565616638633231326362333064313535313663383962343734336136613863
34653837623039653430373663656664346161353462366262326163336333323337653733626132
32653732316434383731316137363934373462353433346338356166316430376530333032373261
35336132393731393035333463363664616431663532373838656665653037643735353632383031
31336366313339666362323435303762613438623433636437376365666339306164323061643864
38376565613064363562656331316463303735396238316265633336623162633037306661633037
62333961616163313535373264663031393364663032323933393032356366653563353438613934
35646563616630626133313535306638396465383262306561373932643131313333616163636137
64396630613363663165323165386265373664383065393838616161333764656532366131653930
65383462366638653534393439396139396232396633663434353436303937323066616164316266
66663738316162656364353664386437373330366264313564383832343865303439303531666362
39386565393033396365366335653635363232376534653461663964363332316231653130656363
66313834386432323632303636353730313231313233373035366232613637646635386663383931
34616633373031383662356233306637636163323965336465373438626461306165396333366264
33376565626263386466393461316430336432316363326665346238393631396663356639356632
64373963616637346231376534326436636162316531653166333532383734646339363061336638
35353962356239653232356235643064303264373862343233613139643633626262343235663034
31666532626562363237626264656161316265363339373338663235303966383539643236373332
30643963353036336331636337626436333735373535383732633730363932656139643736366464
61323634343232653938333765623535663333613766313439383463613736336566333365636435
61386434373934303062376265393437663662316134383837623231373535303934366335346639
32363932653836313738373239623331363061306237383034346236303334383338396365396333
36643837656430343434343836363963393439336561323334653864343831343333353233623837
63333163663663643836396133633464393339396334653963623033633538303461313033393632
34333234343266373235653964376434373963653261613866323138386534653436396165656364
36623964343932636161653766333939343835373435343064323533326565643534373235643763
35643730633937666164306163373638636166353535643138653038326536653737303638666563
37393162316131363263343061373163616334363232373063393662656163343333616633393264
36363931343862663239326138383839313664363263613032313237343365633236316631316366
64323538663462393231623962666365373732396130656362653435653439383732343937333661
34396535306138626266346635303438323166363333363163323066346163303439633132333064
62663039643766623266656365383336373062303835646331623832343264313265666464333531
36393065333734643536356366623432356338353133646461373263393737623866313865323233
61643835623861393530613434386435353134623139376337363464346535366631633538643763
33626436623663303434633962653039303464633066353462396566366235333838356262613138
62623132646230336261383663636231626338396236316635633862363934333830333964633632
37646265623466353738393536343738356361373833326437323731366132633666663331303630
64316338363266643230386365373038313665363232303138633461346434313834653566383561
66626339623539393238333862326634323934323362323134326535663931313062363138663532
32643263383739356262626136616433656165643839356539333138323230363631656439613038
61616563393431633630626332616433663364333830663235326333306136616561393630373031
36373937333162363564653733323631303662336535356466626366646637316562376463653034
32353234613762653535653335336531333762616434616262626334393239343361633564373363
64623938666531346432643564643466616437393236653836383238323261643539376430613966
38363335663666313831323739643364383062653731313535663039353465383830653162316431
65316130336265393566383537383333306135386638646639333939306132666536386164346130
38616132376665636534376664313565306563396132623632636530373333323233643539623637
31393036613537663631336365633762353163656262663965336361376233656536653433363932
62633432653765666634393866316664383939313331383362353035393530356261633933363561
34376466653832326330633932646137336663633532636137626536386362646563373532653531
37613164346531323530323363303138353939333736343032366266613737333261663236333931
63383330626263666165353137383035613930646132653461326531323764333662343338656234
62366633356165626364633165363832306337333730613864363664303737393330383230323432
36663664633161363564663166363633323435626563323431316539326365373666373761366239
63633862323365333832656361623661636539373537323839626339356538616535646363323735
33343639363166616437623038393030373361666461663436346264333038663239306637373238
65386261383934373239623235393634396336343235623432653731663965346164653262666631
63646334366339393931363635376639653839316165643730336330353133613661323133383236
34376230356532306538633134663339643630653030653436393535646133383465306464393837
32346433666464613166353039386134643865393930346366323531333936386563323566363938
36633836316438656465663635393838383632633765356536323137353734643434323939643030
34666438316165323637356330656266333837363435353336616538383363616236313232313634
66626534383132623036653839346365316431333663373866613336616463393135633034326331
38653731613839626535653164623035386230643964333638663833393134323635616535313137
39646538636436643866353038323332333135623037636237393861383230373664323866353936
35633663303836663533643131373334623038333362373034373733376637343562376663643530
34666335343066633364303163386538363738306138636137383932336537373934323366336238
32383835383539663063396165353936383264653739386334393939346130613161613762313939
66383161616261346333643434376637336539613930393734616164613932656266366566396333
39363062653566666364343132376366303839646362323330373638623064343764373633303634
31613637373166613530383233343630303162653234346539643965383534376631303266353832
38663535343738386535383936303161346364346436303934383133336133663762336135623437
36666633393237303736656334316430313137303963373833333633303431613162376134326636
35366563383135663465303938613634613264303563643833363537353964656530343863613765
61613662363531613139326437656263616437653661623232396537373833613139613063353536
62633232326362616637613362323338663638623638656133626335363334393432396131303535
38353030643131326533633337363137393865333432376537363137323133663733366538303261
37633262373861356536323264396235653338363762663964316638323965633466363263626164
62366261303832653666653931656465643633663536356463643531323565363839363739666330
63656538363835346131613362633733623966383065343366313166366139383463356132363763
34366164616234643266316533346639343837363639383864326631393939316630373435326464
65623262653264393533333564323064336237643738646635306531613563393464646566346532
31653939363833323030326334643237336365643133626461633233613334666533323232626439
61366662653233373038396636333530373665663835343436396139303830383664353536663439
39323964646664633162633765663363643531653431356432633635326361613134386236616236
39396437343438633362343836653836663662613462303931306363616132383765313466396238
31343837353431623531643366376336663631313333396437633862306664393232663637626166
33663566393035363962666564343236363936326137646234363937313865386134346434373735
39323539626337303162623435643239343838646536393936313265373064666336373838393538
32653764656166623632346665306430643364623435386130613263366564393661393534613635
66313133633861386662663438653462663338303435316161653334623265623665393739313264
35643165303532363435353566333133313864363332623561343232343439613338366532316666
62613164383937623438653330646566623539656435656136623863303466353361376662626634
65383963353836323264376362663733326435623730336261633332643637623261336661366432
32333338376233316665323231393031366133303163616530626565663832393061353535643535
62306261646232616136376130316164383039623631333736343563316564336566356664396335
34666661366139653136356333356439353661646332623863366161363664666433383632626231
36643632343065303534613733373938613065313334633231366131666331633163616332633364
37323462346137643232313837306663613331363134363766363538633338343230653337366639
31343963633838306566333936313031396461393666333439386530613432363638333061306239
66303036383939356431303134306338313163343435383531373031646433613239623130616238
62663762336636633034663237616135376139643462393961353964386239633839363138626138
34663531353937633963616636353765623638393533326637383165616230313335353666306164
39373766353631626236363166373766393531663537653538393339356562613666343564633937
34383530336139303933656263373039386438393235636434623766313935346461313239363731
35646330656334663230616133386363343236353031666231616161333236646331643731666338
33653739663265326666393561313334363739643935633436363634326266363830633634643334
64356166346463353864373762653436343562386564396238643963343962613930366232616464
62323339613564366138343830663234633134366336633633313530616361316165326232666134
61383939363933373365626234366566366530633161366335376439616565653431633231626138
66633563626233316136626239646436313239656534396137656436666563643931333039396637
63346434353638616334663663303166353030613766323530653130663966333963336365313434
33646265393563353236646336356435646432353333303536636435383331623035306134613135
33653132306665666262636265633863343930386338616238633938393338346564353464303562
33323235333330346230383338313566313737373639613832333566643831373637653939363261
34303133346163366361336539623338633064356430633036663435383866613565353837363130
66356562653731633737613865386232323432303466383038363830366464376163333534343132
33353430343834343166383962343664323065356265346238323663313632653337616633316337
65653937636439633463643330663033393232333863333965306138343861313531306662653865
36326232336462366331663331336664636662363166323161393539666362393336306166353064
37386634346163376635663063363031653438343766326433383731366537623364333034663939
36336366366238356532616339343137313930313637306639356131373239633532633866623630
39346263643536396530643535353734333235333361643335613633326331623961323261636636
30386134303862363439333830393033376563333735626561326666663936366437613464323164
34323633336631393266333134366534303036303934333765343666633030613132623338323262
38333861376466333766316266666261646261366131346266373365646430346464306131613165
35353434323263353435376535623130353035313064316231366563333534626434303436303930
63323433613533356564343837353334333933356632653566623165643130306439386239376137
30313266383063376163616239323736373436343131666262386236623736343466376333323436
35343264393734373563313261323536623734393830346635373330323966346333643032376135
66666539656638343166396434633765633533353535666533623163353862656338303032313165
30626235356638373733313563323933306437313061323262386536333965326636336332643735
62336135353236383139313133303961333933386131333561313732666332626431643530343763
61363963353264626263333530633135393535663833373265663930633939643538336331636138
38323337616266333939383962303835663637363965353561373733643531366639656664623037
32663665633861333764646535623531383837343835326333396465613938633331646338613363
62656435323438613862653563653335656232396132613130343932373963303266356132353664
35363961343961613534363331663765613065323037336566336261393865613438306362666636
65633136333362623231393563633830383330366137343536323561613835353733363739616637
39626633316131626132396134323531653765613336323138383634386633353239313530386535
32396438333533313039316661363734306634343936663264613066643333623232653034366339
34303163376636666533373732336166353464316266306236343937323636323364653733356164
39636430386534626239356561336566396465383166346231653833626663383865383539613839
66343335616335306565366630326463393138633238356261663137383337313066366563623635
34336266373433336266633134313166396531666162656330643935396131633535333534663431
39653461663832653132626231323465356632626137633633306132343432326132663962656566
62326332383062373661383439633035356633393563353336366634663134336639376632383035
38316339626538613533353431316635643561376434323837363930386463303739326430393434
63343263373061373365643164393165366439333661653535393734353632303966613431356263
36643430666264656439653231323439656134613431373036653065633066336439616637306364
65616665643263653431623362343232393066643364626234303861626262316665363031336365
65323266646465343236656332323864613530326235333965313666656362306363303335313936
65653330303862306233643232323633303535313038623331646134393263663133346339646639
31613931653061303231616534663765356238613362376634613833396433353631393961653931
35383335343362666339643739313032396163393462623265353464666338353862386132646166
33633663363439383835626138616631333335616166646230613162343939303138303065646237
34653162316163633963623430373539326366623564366466373338323163363265386239323231
32313635353337613766383936323266343063393634666263336162623631303433376334396366
38333234363136636463653936653832643936653738613830363930393866616137623565356337
65656435653463643437373035393066633232373634323764336632323365353736656666373666
33633665313135393563366463656263373063343364643032373236396237313161333334393038
64316332383362666537653762343339613734326138623634366265383262353664646363616137
36316165323036633237663635613666376161363062333431343939343736323830633766623434
36306337613562373431663436356535376461653666383663663565336339626561343436626436
65313263646536376366363834393566623135366364393162313261366139653538373036363834
35316265383837366438636632373732343162616366663164643331663739373964323865323238
65336161663839303235323237363135613164346365613838393432353530626262373663393062
37383838393537306166383963666565646330373337363930623731373665333436663331316266
66363262363863303661653436666465343433353464653261633061613937376638393966343633
63353862323133356635383265643931326661633930643364663165316436346561346361386132
37393964613732383031383337626630383433656331373431313662383738633862373137663135
63663734616133636630376634343165353766653239663765663135623133393265346261346161
39386234363632656565363236623431386232653161616138333463353031333262376239363863
35616138386465616330393239646666393162343162333038323237636432336339636362643265
63626633653664663562636663613666663630363438396136303432656130393934343562363364
66623636376539656262633962343366343337313339376531646138343238396433363333323565
31313131326164373137366132633962656164333030653234353137303935396437373363376265
30666466386133653230386539613532313032616262383636343634623336663061336134656461
32626631633662353062323030663866356538393737336438333462666134363531323238373530
66353261363364303139383036376233653939363266326466336534623465613561616233336566
33656561643530383535646534353665393162393939616365616336633136626139386562633562
63306131336137383635623231363935376165313032613734653436343136346161393439323533
63636362623138643533303239646161343132363061663936323838666631646137663437366433
65313165623735343938616230316235623233313531616232373863366537373932663934643030
36303564346563333365633663393266303962323435663830393730366163396265316235616163
61656139303038383035333232663262626165396236373338323163623365613262383039343934
33653662646433353133326163336139393237323239306163346261343161333133336665383161
33353136666237306431376639333939613564383663333733353837643362363436363737633139
34616461313631613033353436343530643466386166326330613837336636353136356665626562
38313131616664626266626262363837306339313831626233646464313933653664363765353934
38316166633732346166323330636364313364643034613432633431363464313436363961366137
35353464663538373039653138303938326561333435386230613836376539323332363065356437
66363836643835636362633135386436626463313731346364333637313762376461643036666263
34646433646263376365616630376234326231383465336237356637393762383230306331656165
65363666623463373939663566663532306163663665323633653361303734353337393533306362
31393137636361656133323930396332653161616230653365313735646662343635333932393864
37326165643062346564343533656165313536633334663662363032623931636566646231356638
64353137313930353231336437653630646465343633346633323939313935316137343865363331
65376663326665623230316139623436326566616630303565376163376161346361373230313963
31653561383663653738656166656338353331393866343462653434303264313530313436663631
62333336613332346634333636323330353434373830343534353061613933653462636237313861
63366238303834363833363534386538313633323037323163383235343464303836373366303534
35393238343061346531626161323631336164396639633039316234643263393330346337643530
66346538373336663930303163393865356161663935623032333162383565333630663566636162
63336131313539326462663132316239326636323837636563653435326338656137313336336135
65623861646266343935303037376530643264303563373464323663633738386662353038636533
38383839333337376234336264326337656436333331396333653261383935343634316466343035
36393938323035613962646366386136383436346334393535363830313630656136343764613637
34343765613230353135666262323065656565323466316630653639313433613539303663633138
36396363363933303637636336633236303034663137623231613438643363663138303661656432
30303137383466333035343033623566366665313135613766653935666661633063356533326138
66343564633632376436316539386139373166323161386561363439663332376136666134623439
66656663316334333832663763643064663463663831663064633166336439393138396537326637
34623065303730303333613731373730653563633030313037633037366235383733333962366635
37346562376163616631666134373839613864346665613965313235303235613034333834643136
34313231643334666363633535336231653665643463313939303361626664353331653561343830
35353939333734343265373466613265623031613537656231393739653231363137383962333831
33646432386139643036303234383164643430646330663636303964353761333139363537616439
34306261613035303831386462313639386330653631343366336535653763376265623238313964
38333666303062626663373262383338333538306638656564663833333937333230643162376461
31356164663630613331386430613832306166323737313662633463376230643637303036616232
34666237303135373665663833646138653064333633336336343733356638653266643438333265
65366638396536643830306665623935626364333431313964366333613437356361303033343663
65323566336239333238623363383965366365376565616633646431326464333332353165353530
66633263393965643535623263316163303563366136333662376666363736366636346462353137
38313361306531356137663737313365663062366237633263623436323865616435376163333732
36306561313561656237386134373563336638323430376566396261353536613136616433323331
32646336303562303863353966636231393561616531343436626433326230393239393962643232
37663963383439616664376165353235303664356438383433613034633935636634373035346537
39303263323831656261643237353363306334376562343333333538333933386337393633386431
61343666666637646262376465623931306232343263633838356666616132616533663561303965
30623866663435623339303030306533376638303165646562363166316664393662393031663165
30616332613539656235633636643431643831383835323165646331656166303063333936323037
38303233343965643832356362396337636537653339353364343462316331636165333965653632
39646666666238386135356137313936616532636465356462356338626337313031326262623637
32343861623330636435373339643835396661313030613931316239343931663231666136356335
37313162393739376335386137656232646233643835303230646130646136663736346463336630
38663731616234323666663737353966383165373361393466366335626161393232643630643732
39393330376461313731656135383038393261656332363335316165616662663135353666323531
36623837303362666635653931623132353039363361333463653636663535643434383462346439
30333335653936643661306561383138663532653061376632356234353263333838613233346339
62326236666130396366633166623530383137636637326630373230666432633336313033313132
65373234363861383437363935383831346431396338643961636237333038386639616562373866
33363835646662343965633365666632353032303638353634636531333939363339323234366161
62323930356265373336346239363163613239623635653635373765303665333336326231353734
65643164366436383562346164313364306333373936653937356332353466366265386564616464
38303136393936346130383134643537343334316431316537333838643439343761663238656136
63633335313963633335346561366536646561303838323265383661346465396666376262373634
36363138316230656631373332346538316565313033623433343435313036613830386238666461
63393065636563373063663831346537393237313436323237363236326461353461303337636139
38356630633161303337303661306435326431363465653633623837643035313731376637663633
35656431376638653434626130336132376633653533633837363035386437386135343237303566
65663832303032366134346136623134373766633635326166323831343835636365323834313736
33383839326637383764653736643633653765623330653563333331306262646161616134623531
63303434613535373136356362636438316162656436353631386436616164613533636662363835
35626536653532623836613762373564623064643833646334303539656532386335633639633863
33383636306431303237396261376163373939343338366231643465386537373466313634383532
32383839326163646331373864303664336464343939393462633434646163366434373036616164
36643239396131303830316331356534356464353064323238353735333363313236333365393037
64643864666265313964656435303136636533353130346663343066356662333432323063373166
62363931323337666331383261636335396665613734633932663537376530626539623836303764
30303865383130383435323566646435643737313364633466626133393037626533303061643135
30613039363632333064613234613536393235323466333134613132663162323866383233326461
35373739323464643430343734333332373738396533363534663033613136383638323361633634
33656166373366363830366336376665326533616135356130303333306232373538326632386663
64376434396132386464613036643634383035373837346235353632343835646334336561303138
30323135313737313165343365643236653734343166633933356434363633303439326461313463
65313930323864616230383331373332333137656362343137306535346161306533353230373434
30326237386230303635663231363561303737616439326430353837626438323264353536623061
35346566326234323065383536333562396264386463633733623231633830633438633562343465
38616137663938383063616530316561636139343331386463303961343732313838633564653339
65646637336131313636626638346236333638383039623766666664663636363863363461616137
35643962326531333738323334306639643939643934383736663630363933623263663831663932
30396161616466653033663930333234383561626366303563626561363465306339636630323865
36643562323263393163343132366238626333636639653264626332613763383062633234336562
63356465623262623931656462393766623335626139653131376662303938356337636162643766
65636339363631663461336637376135623933626337613139353061613534313162303338343938
62383238303434326662633132396562306432623436333162333433623166363463623366333439
34643736353634646634626562396132636466356331633434626537636638363062383932633661
61393534376632303232313162343062363839393538393539346465646333636430386532353165
36656534623338653561653666323333313061333365323831303236326139383837313733626239
38343763396231633136323862656361666262633538376366346438316161346632363161656338
63326634663831643963373435646336373932303637383963653238373262353435373536613366
30653437653837393436646461343237393535646263326631386563326238373163363263663763
62623532363431333633346631616132363866386464613766343633646336346235303764343530
32303662326461616237643332333035376138346633663331366234373261623966313863616333
37343261396164653564383532653239323934633062633164313762336461313562326262326234
33313636313462373537633630623136656233366133366238303130363435303933396532346666
63623134613735373030376265353936393366643032313833383863373238613933653531343931
62616334333034393836633565666234383536643036363238346334323530646266653538316639
66326564363030636463373966616662373936353263373566353434363361366134616337353661
65383434623035363534303236646162303238326134666339613238306362616138336633303663
31363366343166663966303965666134353066613135323835313161313437326364663733306566
37343864373563663463373339393539386532393136313233353063316361333363396362336261
35393130353566333736616535303838666338343733396533383161613263303865343461616364
61303365623739316663303365653336323366393362653630613132653764346466663963633966
65316365613636313732386465633462396532613731313235353432383163643731646230376438
30383664373962313663613263353634643761303232326634636462373637653030663831336235
30333838653035636535396465326636626638643665396238643537343230663966376466343337
61653263656562633533366363333635646632653661623962366237333138363265616330366266
38316130616434636665643335643064623332656630373239366332663865663563306662323434
33303264373930623434386162353537306263643662326636323030303565373462646130623330
34313932623766653665613535333330623062666236616134393030363739313763363035306265
34376330633535653836633965616532636136343738336461623366613337626330326637363939
35636431633439323936353464656431323265373833386637633337353062336334646339663435
38313536323339623934663235373335613032663966326461396564363233396537346165623436
35653662366334393835623864646465633961346362303861663632353863616438373931343164
33663037306637663537396634626562343735383634396662386234666139353336333265643263
62646236353739396134616232666566393862633137636461306266396164303437366239656466
63313032316234343164316335333533326234373632666266336161373163623333386235646664
61633431303864623165363134636166646136613664313634383735373663363661623936323964
35623761396137383062343838646131333133666662393131623433623834626464363439393632
36316536316633303230646262663234613762393732383032353438346234616638363435326565
64643265326435663431393864353334366465393238346366343564656637376138626338663535
66353132616261306139393335623464313364643333396364396433316634643132343062386161
33383838643036646261393966346131373135623839373934626432613738306139336336393465
38613032393739646638306466633131313461366563356439613333643533353364663234366133
36643035336539363566633431386364636136326562653734383333376432396633633562353062
38363463636665313465636234323030653164626132363065646562376436623933386237373932
65623836346463373761616136613935663563613266313733633561386465343266313865616335
31623164393366343835643836333938373539383433613661663533636665373939626335396666
34313466653434306436336538376432356331303031383262353536386161363634623733383864
64336462636164383863373238306463363631636135373532376536343861376335343563656532
61316539346433346436303639323730373739633037353932316434616335316364323434643434
38383033623730396536633830326231333337343938323563363865383534306431643162636564
37653862653133313463666433656633303664313363643665653764326630303931303335353966
37633964653534633934383863613433646164643061396639633931303635633530373939626261
35653134336466343030303164343966633434386161383262363739346261643738626138616465
63626361326330343335346534393363643432313835373734663435396434663662346435666264
37386534323765656435343863346236306362653364353864613434363866656439333763326433
31633637383133613764333764343030353231646132646330306630303639393165373438393937
30616565656561366334363861613666613930663963353434633133376435343564333863643063
39353365633630393237626633343730613761636461356262316338333332653462343063356230
32333966336462356231646339313335613564373061383766393635313064303665383064383032
39623539653163306365643166376131643761623632373861626662383063346162383664396337
35383735643564366466393938303632626661373437363934393933393764653939326161663462
31343537303839303662343231373862633638663662363563383934366565393739623530373839
36613336373739316361626638363436376333383064653462616163623035336539376162396238
61346431353763303165396132643864313834353363613836613764373135646433626532373762
35373537646663383639316266393266326337346439306534663635343738396563336531633335
32613463303130323138646564653835323437313037386461633632666434383664663734316634
61616334383465623934316330316339626339303064333963663761373431323135393933376438
63306336653435383662616166303637343166336163393762633632613833363130383765653763
39633363666563613362386334356562376534656366363463633638643437383661346465313935
36313265363164323162303731336135663033333439636665616134326438646164356332373263
35633037326462306162353763323837333061306264356238336565303162326663326564393833
37363934643561373861323662343936376566613531653137393766633237363836376438373034
38396334646137633237373434383663346435303361353365376330376132366536353433333663
37393761303038346362623036303136373239646330373238323638616638343731393038313137
35643563616664326433313664306137636165306466653564666663376665376532356665333861
66393634323037646364363333646130643663653331373039633030383563323261313732363833
35373837626366383562313636663437393338333532333763666133613836386632396336366662
31646332373238346231383634626632623637316266326337386538613730666635363530306566
30666136343266646331396136306461386561643733323232643166623330336461373836353338
65656536366338393735666131613666626566386262633438646664363231326633643837393637
65346536363235323465666632333666333761313764366462353863326162363431373734383063
39373135646531373736343966333037383636643963653165663662653332313339363864353564
61653638353633613539613437623638363939306665313962633030623266633762613433656566
30353133333162353836353032633966656339626431643239356465303832396662393264373436
35626263366433303036663133373835653665333962643262363937653133393464363133396533
32393239313764366561313831363561383964303165353931303436343935346565303435353965
32376562363534623930376139633938656238653562356335383262383230633066363230333138
66303238336563396636623862643938663530363139626161613263323130653964313666613936
33663965613038623864343838356637633933386563393536326539336661356532346439613334
66613164336338366436386231613136363538356339626339346634666635616365303063373765
37663666646365313432353238343165313238626165633030383461343638636264666365376231
34303463666165376538373864643931306133626464623862623738303735393235306136636130
65323430323233303263633939353832306562366264336436386461656538633032313035353264
30613138333536643436363930393338633635613165303338383030653834306634613465663065
61653932646363313732356332323538633132386539666366656136396265663338373465353039
30333935383161333739393134613261303431663737393630633333363138666437663733343562
34666236356334336165643931643765666235666364643161323164643337623437306432636638
66326231616530663531613837663430353863663166343331636439386365636535323034613039
66353036353730353465626666636235613130653964633961383033396236313239366635356364
66396630663535373130363635343035326339313235323538373363393464383538313930356564
36623930343666633665336434613461343461343238313233343139653964326333313665633233
62663034353238373034306261323162343737306336626465353136373136363638376532393337
61336536376662326563663530373761376637653063613266616164616164366433316162356239
66323137383366316633343461333563366233343864336132366433386431303431623733303464
64333134373333633134643762376366363166636532366230313235646437666530656136613234
38616531363162623165396337343033353534333837313731663337646131393536653461353261
62633063636530616331376564393562313430613361303135346334303338356434373161363763
65393335663063356533626536366563346338303763613638386630316362386338366364653566
65343464306133373361323739633337646134626336356539393538393661653035366438396538
37656333613166333532393830646437353937636464376264653366613666376539333835336537
34313730346331373262373965616263636430363165396664376366326663303535353466623161
37643531653936373234393863633235613861633336303935643639353231363139613066323137
63346536366665656566633765353135313831353165396333353733316239306537373931323231
32376262393363313561366264623862323035653738313764313739313838316166333430663534
31386530343631363166396363643165316632386632643438613935356266323064323635366439
37376239393465646138643435326363666162646262393262663064623230336261663534333230
39323064313766306462313430616365313435653430393534643436383563356131383237623232
38653234663135313338333634386561333630313038663230616336323133323639376562666235
66306333363364373166313239623738623464373232613332393065353639623339333562656633
32393863313663376534623338373361383137386464396535323764663264613339623131346331
34386231336235313235383732386161303332383634633532303637353066336339376437646365
65636232333166333235663431383234663865383863646435643331313365383135393565326439
37316230343134383639646137353132663834373639356461336366353765396130373538663132
36623837316164336238376139613837393163656465613238646664363730653266656563306532
33653330333366653037633732656338346435643666343739346561633237303162636139613066
63366534333736326138663137343234656536383034613834663862653033303034633934353031
64303437313065336338386531633538643264303363343262663731323063633238626434653232
30663634653531646366646432633262306233303434643430343636386461376638303736613133
31656263323536376233613837383065386637393165376163356330363931353236643861653434
33373138393465393962396266313966313865613136323431666437636239653137376365613730
32356366636162333865663036656539396236383438613136316462383934633238306263366565
65643739653030666364653032353130663831323563643434386564623530333134663130393331
62653139623037353139343464316364366165626334343062626366313234356132363462323863
62366463376434653135643665643431336639626632393265646637396331306265393964633739
30633036383632353837353435653435383833363439663138323666633162313132666236363766
66376363306634613865303734313830313531623137393934373132366565313933396564303438
38306339326539396330613930663434323334386537363735373931646565646666363230316335
65643239326533366664396633653134643430643337663161306265656632306135353862666231
62633564643663623663393933346534333639653964313064663834323830313739633739613635
34393961323637373161646532626164363662333334316433386464313333663335323765306432
34633165633431613830303861383464363730366239316533316137323038343963373836653638
39303535383836396438393338323632636464623932323761376230303163663633373431323638
31323030663062346434306662343139376239643337646637343163333232643331376135373031
33393336613330613437306132343263303638303934373662633335373736663832353431333863
61303330303630306339623964393863363964303465366435333030653930303266663663323331
32356131383664343636353539336664633534333739306464363766663365613831646364656536
61383665363234383431303466393563393938373630633639613332323038396261613163353762
65323736363564666463623132666433303365326365333462656231343236366633313461306335
32393866653165613365626232643231656335303238646332626361333130303536393033376365
30653137653231333264366330383035333861306331363736376334396236373838333834363664
64626533616630373639666433353336336666386532353137323834363463623936326132653034
30616462623638326132653563386532343666633162643838633062653137356232613462366366
34316162366339326533646565353331316533666435393161623066616135653861346266393135
33326431373138333365636366343732313537393639663863386438613462343338616466323437
32356265323532613735633631643531333534316261376135613865373863386536306364663934
32373237623439613531623665353839366135396331623630343761323935393537646366383264
30626438393565343135613865353931343262623033656335653832353730343764336131346431
36316136663833316561373764383937346332323233663462623764643465376536376336633838
37656364386465343337333735346161653630356533393866333161313731613435386431373333
63643439326636653937616539626139303862656533643337663436653862386162343531656538
36643836383238313937343037363438386630316661653365323632616138633438313234613836
37353861653566366136326139376338666365363862616463633035373962653937313933323130
63363037663533663634646630323736306430393561313335653065623263653239323834323561
64313832666466316166366439623434653662306430363330646137323032386664306236303337
38623662633337663263346163633338336637626533613630663631343834393862393739663136
36323932306133326631666133333935646237363034376331386534393833386661663838343361
61343039313534346237636161396431656461396239323232306363336363383231646236306439
63343137653138323236633535343133663162613839666163363936376637393031656138653033
66343836323666346337383331666533633830666239323839616130623164613739643166313836
30613336393538636461343037313362383239363236343666643535336133396630666335323934
38616162383239663364646363643733323261656331633736396664303162646231333338626235
64306366386335633837316262653236323162646532646266653262663538646436383936643366
30323932646366333861626366333164343163333537396432396537383831653661613434616663
34306237326661323437653864333031653034383461356264343164323663303932653233653462
61333036306663306433383765323031316331623361336437666135373732386665663031616362
39636465343030376366666232333766333033396436306263613961613633663136373936663363
38343963303738663935343361303463613830653033643831613136343166346661376637613864
36336430373230373961303436343438313234346561353835333032326138323139653839313532
33636634313033653034306435376462666233396235363263633030373630373665616633323536
35363438373733613635373438313061616630646538393430656466616534643264646362386466
64353766633537633638376636373430343431396338636132653230326533313937663939353435
36663831663133626530373833393839613564346433656165386333656433316630303064373833
65333462366266653833333161393263396462396536666366623663383564666436386530366332
38376135316263633833636465336333306230633966303233646666373038393439653665653133
35303038373765353562376232376261643836303332646165356239663865386165343763633430
39643861333566666163353731363430313230383937656338323133376634663765623265653939
33646133626134336535313333313839613962386234323331316164313839303638373163643131
38323732646166373339313131623530643133316532306436636230663739643435323432396639
61666363393131386235386566306634333962386535313934356632386165656134636536653666
64336262363531353461313434346536306664393464306230326565393265663737303336383630
63363332636537623834646565633061363765373834346134323634306331663734356539376136
32656432333538383932663466653030353437306130336439633435336366386166653834326439
39393662333232393830323936656163666162656533353938616635323432323436383338653730
64653531333564333465386439366665663264313633356264396261623630313463633430656634
63396539623664666332376236646134343133663634393237343839663234356634373031373333
36316666323063626561396563346365373465623830613939663838353261333330663337623135
30373934643364306664343666336339373836653732366230656532383165313363336332623362
66373861626565636133353934393537663364663564353466383335666335623034346430323062
31376530626662366234346230343035376338333235363330616663633463626337323364333835
65366239633038623863356665623436653334363364333762323237633337376430333866663765
64613431656562336439333733623832656663613964656337613732653833333561636136373839
66356262636662366465373265323862393137633735646466623733333239346364666531653935
31393335316336613939636231623334366262353539363635393637346331336633653965656638
65316639383735373132376366336131643466343061636266343761653030616536633361336464
32346636663263373565313231383863646139663966643834306237643337393061646630333039
62353963363262353138613938336266626434383236353936396261613932623639613437393330
36383337613833393164346530363364656235383064333666376431313039346237643734303433
30373163366331643439643239336334346134366535333865396465383332663731643130333966
64363761663432366461383634616132663436643534343634356463656233346534336161613330
35316562616434383433623236366263656637383337396362646532613565653133326437303533
39653138616162663632383832323263613139303035626661303831396563346635303064363932
39646231613437656231396638646330323766343632613961393664623431316530356165393936
36353933343839363264653363656639343334623438663833303365366336663866383837613963
32386236373435306461376339383631656639643965396138343537313038316339643733636131
34333038393966323536353363663437333432396565373764363664363336623536306461396537
37653261323331363636633232333634623733356331333961373332663136653937636262666266
33323865633130396361396265643732613866633039623531336666623761623331363435646563
33646232336135376637323265343662393166613063343665653334383661356633363961643232
62366563643861633538333937623863343739656663613733393964613633643461663465393931
38333462626336656435376563306233306433343236666632333764653139613432333865613565
33376462343938306433313430633637653537623532653533626330366565643963313234306234
34643366396366373838303566643034663064666139343832386130613933326333653936303862
35326136313939326530383539633534636438386631383734323739383539383733306131333731
64323161363365393530333535393130653836316166646337653830336162366461313663333966
62663462383330633035643862306639306463363737303531303737613262646339316539366461
39386135363961633637326363303465326166393864646331333234613538393564623834316338
37616438353139353931653465656636363639383663393534383864613937303834623664643431
33663931373832373437383735363066373666646562313135663330366337653130643732343236
34656431346139623135383462363639393461303732303934343962336462653534346230646135
38386662346139613632656565613966626530336135316363623162623935313432653162643462
32376563383837373930303236616363626137343936316165666334336531336430613264663239
39386336643462386639323637333164313966633133376634303362383238663765363932663234
64356638353665366562306133626233343862373239656261343464303839356337623337316461
64633161386435346363336564366135633865356164363463376366363639323034663334323961
66666633633031633166363963633230386330643132643035393938663031343035396335646662
39393737373230343862386635396261343432613331623466373433366163643431323237363932
39643966306438393736303566343665643736663938626136313633346666343739366431653364
61613436306234386336353032623536326539333335353966643731316561383933316537613535
66663438353138323939626139663730366563326138623631353834323961303162373762343466
34646334353066633834376431623237646330653166383063373439623631396432666566306330
66643233613034646536316662313136376531363738393262653337383039383366613733316362
61366430663432653731656232663732303839636231356630613562303735306331613565306163
33303139343966626433363066313233306430323935316461393530643432386461333236393435
65643432393065393833636261323839303865626530353432613339313864333063356564656133
33353162366438636436383835336561623531306431323438356266383966393839393265623730
64393365356638333163646537316662393632666635323636383331623231663666326237383932
62346266353332373931306538303863623365303361323635653466613633303231616438653938
30386565363663343530633335623830393366383132373061356463306633646164626131663166
36613439333261346563363030303062336135646234663362373264643636356637366339643232
38643538303366333131333331613566353231363237393232306235666638306639303938333961
62323739313634373135623037333466363364346166353938383838613363353466343536396131
34393535316165646139373362303166373436353935383430303730373330353932313831376633
63343765313562633734626235316436653731633565613339373239363331346230343361363636
31626564333339616333393934616335663031663436386664326536326231393734613432343766
37316231373264666662393036646566326361666361663839653234346666393538653165363031
63326530353365653262643862393062383931333139353932363333303034616161653834623263
65343763656363383032393735656564333439373336303036303531313732656331626162383463
64313930386466346130393136613834623965353537333232363965323636663333623432666633
62393136313666626634313237376530333034663436383134346365393530333839356234353530
36653265353761633465303665626666633530333333363362383237613666613631373738653330
65313830346262646162653239353530376131386535656635313637356332663462623634623962
37313835623065396665646537656636636262393665616539343761303164643033323137663362
36313765303838383631643531336334666463663664373266326533656130323938323561383663
36303835326435313634336439643964623630383534313666363336373930333937626433393231
33386361353961393733306231356130393034313432633839393964353334373066353564373933
62306664653037393361653537306535653431646261353530313734326235383932373361613433
65333366306564633138333662656630326561623763343334313233353135633131313431653735
65316135623166626530613664633362333238346631626234646639306161336262336138626562
33306639623434343031333739666633663736306435396139346538346562323831343431303366
39353938313566343736363231336530653733396336653662613632376165363239643234306531
32633832353034656131616238386665326661653337393362386134643164363863373762333938
63303265383965326663363832653264373639333633613939653938313135633130303232343165
36323633663535626265643665366632323435613365356330383437306266646365643233346661
32316562656134636135643361313165643436386630623563313966323664353565643763633861
34626236656261353432376561643233353261373865343132663365363862333132656164323861
34383361313431316663323766663334643034316563353635303230633335303163353030643364
30646438373836333963626334636634626362343935373262383631353237393465343763666139
66373363646636366239656563356438396530663664333839356230336636653332333866393262
63646666353832303164303539353163643132393632373134353330346634613461636437626230
39646436356166326561633562376130633064363439313635616337333262376338653130303835
33623532326534396532363438333038356630313131633264646664366666316433346230303063
39366461623230323638636463663261333830643835666135623863623436616131373464346630
66363839393866633462353730323061656137383136353038383735356539653639343739376462
66393863643834393430633835656633353730616665383037393066336166643735386361666538
64346632373738646134656133656361316138383934613731313535623166323066356164336332
35643762346461313333636566663839383834353037353333653039633561373830613039333138
32616466383436306531383838623466353534663064656461623032316234383238666539646432
65376531663566633463383336343630326537646561373064623934316535616664373735373435
62333939313030626362353537303031396163623864376537393532363435376363633333373238
63613630363861343139623837643162613965326165643464636438393033623432306366393362
33666265356331313133336133333738623064383639353833636462326132333364363536376264
36393730643433376262613964333232663435643536666231346135616331376437326362373035
65353163323436333430373239343836636633623830666633343533383063313738316266386263
36623538656239303436663433323838346464333435663737353831316161636438386565613831
34633739613763386235396330393731306463653730346438316138363462303238616430336131
38346266313465333433646663646664646364636338663632656433653130393535643963313436
34616137353038396635663337643165343564633466303232623561636261353563343963353063
34643561623133383966613162383665313130613732356636346461373564346131353633396635
32316336383438393134323964303337363562363730353634323332373563386635356431363163
39353165616562333833333065313230303962643439383639363333623066326566666431333439
32316232353033666265356332376563633734383939366439393234383366313265656461363561
39383263326464323032313830663364396431376366663865326131386335633364363636333035
38656539303836633066636565363966393435636366383035343966343235653666386638386332
65616462363962373965373666613665393963353439353166646337626237313639653436643464
30366663303735623635613366346636386438306635646364333139623262363239303238343739
33373431343633303062313461663765633833396232373735373030353763313932326432663766
32633235366333653336303763623232376235356162646636373335316436306339323734313263
31653132626666323037313131313562326532653630623033663837326634643565373662356430
39613063373936313035303734653138303439643166633333306533356566623235303964643661
61393531363530326136393862376363613863363264356439333061636235643532383965306333
35323735323130663063303034376633356561396364656337333139663932626137636637643761
65653266393261323865346433613861303263313635313336663762323164353634646236306632
37636261386261666233316137303836363266646338386530366436393566393938376463333462
62373738306135363261316534356338653639356663663632306434643365653964316235636439
37633766626461313537363735666666343830646663663434313339623863303536643333356664
32303636613165313232316431376131343432386434383166663864333833346263303365303635
33643737303930623131386634346664366333366536333964616361646331633339653631613266
33303230653733663937616361653635383665323337343232313161613936613937393432346534
62323962653466366231613639316436343932303638373964663337316666346139616535656431
63336166623237336634393134646530386533303037326530663065306631343431666262326234
63386636316435353438333639353862643365633638316237626330353439353239636237333233
32323466333738633066326232333934346338326661396134646365636637383731333430343130
33396661336432663762373265633434303838336437326163363734303034396535356262623764
36663235613836386661653139666535653737356564663361623438663661343439613738343630
35663565623432646161343263313333663762346330373533383263353730656635653736646330
34663535353431626238613431396235363766303139656333613032303633613738343264636661
66656237336239666466656562646635666263383739653634653764373839376633336635343938
31346533313431373462356230336133303938333364616638626565346139653661613130656238
34343465303134393535376433323165643934373335366361326264616331363364373638626338
66636238356363393764356365653735666664383263636165316239623231313833393630643535
32333736323838373534646239613861383135626532643938383239653235646435306566323466
35346638663364396661623061366461313938636339313536616532396132376330346432633831
62383733646561643664613333353537663235613663366138646263396135383337343237646237
31363032366264333562326239653431613362336631306632393633316430303135333762633762
39313465303966656230366137333039346633653536393839636530386430326265323530376633
62343065356161623134333638336366663163643039343932643062303839623732306633383330
32353435316532623164626562363130393063663764333365383730316432666536623939373739
37663466373034646631653435633734653533383139613265653331366633643938333334633163
61613264303539356131663834323762353035363731643762326335343936616236323730306461
34393965323462656230626137303664653631343662303266396361306565656365613639316233
65363162313764666264393364346265643439313638613565633435623563666533646463653733
34303465666665366332396563306132613536666335306664376666373039323363653362623434
37393163623661333035333463626237623364643066396232333234666165666132663237346530
64376131316461376137666435616565323862663461353136313736303538633235613666636431
63346236633431353032663630356465643161633738313865353534626564663666343630626136
61383639346138616463343032623265323631383534306466623366636431636462643561373366
64343635346263616530373266623137373632643835353665373735646231376335663938613364
33343639626438303736373332396161623638626537663338613238306436306336623563313462
37383437306232636264316637313365643536376566366361363139616634653061393962396332
34373661393937313863656230383632336232393638613764626338363631386435383061336665
64363063633866633230663633666231653430326666306463313338656166343966643139306236
31356636353731323031343264643864333534386666363732303563616437623237646163643832
31356237373435646332383864613630383438313466616534376562396562366135393930353466
38306535366336646239336635396536363630366233323666323766326230323034363331333265
62373836636436666133373739613330616162623932376335363065336165396531636563306163
61333231353430313139376330623036313838396135333939383762313631323536653239636532
66313066613130303835363330616130386236623566323066326330366235346234666562393763
63646435663564666161643066646361653830393632336436316532613336613936313631396466
34636261383165306437306534346261346432336465366237396636653961323230333465303134
37323834373030356339633862386136636162373966653233346330623033656234353933613666
32326533656430303866316137373931346535613736643536376664323566383331613339363839
30623535396230306264326664313131663364646230633338626339636362336164373533613961
65656665373264323531303366326636663762303137333030366233363231623763346331333866
62383836656337643966656361353138363962376432323434663738326564356562316439353032
38376634653834663636623837306233373833346266343232323739353061633430343435316231
38303730373062383263323538616438613866346438616262343739646565386436646532343130
64636165323838336566626534333062373661353364373831386137323965336565656439646534
39343165353436616631396230633235373439376663663364313830303737313037333334366466
31633531636336623835316136386638333735393539313963666266383930326532616434653538
38623431313636336139346666376537616438376633353439613637656135376563383930643233
33636537643232306436663034326633613330656439643630323563663837383435633639303533
36663165383566653536353038633535366535336539363966313132313165653065633166366133
62656363616133396561666237303064643763323363383139386133326135343230383935323139
64356333626131383363393836633864643233383261323039323762333538646336346338376333
30306339363166616231313736623533616333386163313435316432393261343633343438313233
36343831333865326439646163353464643763633962353437393934326262623361613663643433
37393337333138303630363032626566656662346339633966386433333333666564356232306165
66353161656435646561656166393734636561393137373265393934326234373938643965323633
39366564336438626437363233303437363430623462343033336363386662393936613730613937
30396133613761633061613261353839316136613238353162643339353466616334643164323362
32633761666231643833333034636632333035623433393336343165613732343039613238613836
39323264353833356236663630303834363265373065333934653139633464333634326461666662
38393033303462386263326539303165383238346335336333333165323534336537316534653235
36393538663062633933633434313439656133306664303532343861316363613338343564326463
34653130653336303930666439393138313262643839313166356261653862326564303137663561
62306231353264346161626261333330663539356437326364363737613866353138623563346237
38323962353137373139373739613932373730326266656465343066636138303062643631303732
35316638356361633038373438636264323330373966646166666439356539633730323939366432
32366133623464666235356130633331656131316163383133323333626537663864373764623964
39363738393233303564303130663761616236653335663931623735656464376233323336636339
63623063636665313430353535623864363638303434386561396135323739356566623062346262
34323333623761336233616535656539666161326363653633376530653433356534643538626366
39366530303137323836636434636538393331626134663362336535356230613463316661633561
30613830623937353839303362636333346532653432656630393132386130326432376136333364
65643435376335666162366563373966363562373538356563653631303364636337633863376633
32373066663631373730353963346531303465643639373738333439613865653839623238363439
34656231626364303138393436643262333237343539643833353737346362333734313131623833
64366562373938656532396234646533666563663538623030333563333637336433366463336131
37323035306431633634643762623438323132393161346139643130373863316663616666316634
36336130663839663530373261613461653162393764623330616532616136616563326262363664
37373864353638396138323531353166646337386662663262633261336333396661366533666231
64396437326365653966303563386233646430653562383063363731313461343462323434393334
65653331623263666266353436656130653338643732376564336231316563376663346265653665
64613935633039636665333735343934386631363430393531656662616232363834393731313662
66313364346364303536323365313765353934623432343834333633346136633430393834376661
35343437656132373738313132666338396133663562663962306539643436316334653863376531
66643838353162393031623131643366316130356633353031636461353761303262306566613662
34626666633962336433343039303537353862393435383664626635326438313939353830326661
66326431393636323065383832643232353536343236303530353634323064613639616535633034
30356163343261323761623237353336623631393336303131326663363739376532306137373534
38663135343638376262363633616562376132613431623036643634666366623938326364626463
64353037363933366332646361666437343362383039333561633937633630376531376338316333
65313339333537386636636130653235386537313962343036343465363461326537343433363664
63366339613735333761316263666630656637616536396134303864613162386137333863616163
65663566623932313562613665613664383839663338343439666236373433656434366164343230
37303037303965643962346665386435633537636662646337633966363364336531653763643330
39346432643237313438623165383436366263646335653961303930313236393466383839396138
61663937396239373832333035616565326565393334323837383832303933613032326435663462
32656639333963373833656333396337653761306362613162346538343730393538343133353234
38633765643839616163623739323336356563613564323835366239613562396237653962386364
30643962343365373233656533366538386163623831356131313239316430636463333534346339
31656136303436643539326364373036363731623233663366363365613938313661376665663636
64353139366666316263333230346136333136383330303137303736383465343234376239663831
39383736346165306135323166653839653864356135316461666436336464613838643765356633
65346332346661653666363133333264303563393264633834393237363130303165656434353761
38626333383037623034336134366561656632343962363764393137376636616163656132656130
63303038643234343537336233363230356662663163366436633066356639643435633962376337
37633565303966353936663834323562363765393537373864643938663137613431666332373161
64636132396636306433346430386164623563646433626133656262366665323239306562663932
64396438633733666135346464316566396333346465663733383831666565363939626637343662
38623238373138663264343533353339666461616564643537303166366534306232333966333533
32663231316437653436623633636130623666663465653765366137643963633539623233333237
31303532383334623065323763383735323961333062343335366662363139666134386462396165
34623963323861333938336130373564653438303938343735333139366336623862383763353537
66653136366437663665353164396431643830613432363935383738366232626334313930323635
63643339396233663132386461326437323536636231613433383865646532326261633737633666
37323963613538396463343534313533353263633739393735393931306235336262363734373331
65643135366335313165313262636364613933323437313531636232313332653736636163353737
38326366633965313662623662636162343964356566383864323937373435386330326163623737
39303062383362393635373330643237386666323864613830383961336262326438313861653439
35626632363361333663396138336338396365646339613835633462353862666662303163656330
66626232316333313564316437613135333332363736306461623561353338653837333834393739
38656330626166623830623234353565353837363832653233306132363130336162646333656364
33396634663039633462303862393662343364393539343237653363343961303966653933646133
31613564386535333965303035343537366364356438653565653761316232353834663362356338
66386439343765313666393638316166613333333134366666393862383165303733636439306337
62656337383134646332306639363731333731396534613665303135306632663864333238383336
64653964626365386232396232343435393731383535306161643838333764646238343666313935
37383238633834653931306139663232383837376333613132306532376666313433313132636231
37313432346538323338326364303432343563303466353530313437623535353238396635613563
63636664636331323936353935306564366462666639383336613666613562373739666133646230
64363530656538383537386666633536313232396539623835363165663438373438326530303566
37613762623038653465346636393538366630336633343539303136343164633734343138356264
36306331343665646133636637343230613663663437353737383262643135353933306231373237
30626433613637656663383036656438616232643764376532623034343632613064386534666462
30333165313263313934656664643730343531613764376362303137356238626465636133633061
39346435623966613865386231343261663434333033623166303263326363303633356332613732
62656664636638363734373363643161613062363563393332336262663065643235373137643966
39663230303136313432633235363237373562643739663865363331333231366661613138376266
66313539623735663434363032633561323137626231356330386533653235633135353766633563
62633134313663623363626335643337386336653634373935363662666632303664343566363330
39356133306537323933353733623132333936626264306636396566616130616430656366663935
66656563346332333464663437646138373837393331666537626164343536363163663636336338
65656161663338373138373230353166306363323132636163613632643462616339323237313433
63656433643563303039316635396464363031323634653430383336383265646436366634653138
62663531626632366662633731356132326633663134323563346362323566373333323937646631
63653332613036633932613562316430316264613962383162333264633432663134306334336535
34636134343161646365393265653764353865396562396539626132646465356337366565306165
36633239393130326562393030393230636365353336353164613738363662373465653165333366
66656437306332366139643737616631353463353830653865303664653966373839323039313838
39346235613162653637306233313937353639366436386238323565643635666537333430343730
33343033633134333232613139343065393133396632336130656164383035356233633731663466
37333661383237613438313266383235663235663633653534613735346338666161633833326461
63316466393664303266356536646230653339383138656634376462323933353835653265613132
32393137383436303162356238326135306238656566333737323435376464303632383262353537
31353531666432376439366139336562643936633831643262396538336536326335636135333561
66613237666332326634646131326233306430356136616438643463646333336432643039383934
38393466353432353232663039316539353161663436303530663764363461356537386664663063
63393162373835663362356464663466663837386264393037643339626637313662316530333966
32363963646230653366633936346564333766356130396564633032616434373238623036343032
36636562333061653731396435613238343535666538653735396335386633663138303236643036
34386235626266353430623934643335616330346131313030323966636339353530306537666431
38316338646335386330373662323131383537366662663834653936333937333230363537363764
35646532613265366162333630353630653931366261373532346532613635303735356430356533
33623432393466326336663464623064643831663933303764343034356531626538343336663635
30366539653562633537633539363862313935373735306265613961323730616635353234653135
34383063343465333461333265356132626130333965346335333035313234373966323766363431
37326638623336333764316432656237333761353934646132666666363566636531613634663138
62636261366433323037613432643564333264313037346631636565306166643236363163633231
66396666303835363436393836366164623638366136666539336431623165636263333436356361
32383666366662313166633535663833363863363235306463666638346265623233303361323764
34643533613162346339316332613365346630663061643964313935373632633166386531646535
64396137373264623432383264643931623162363031383565623234313435346261333635316132
35353961386164373762346162626664313837653234616165643066633131393531333663323864
62373832613038643433356235376264633262613330336533373030343037353234616234633634
36316636383434653832393961373566656366623661353264326235333365636134303232376230
31366338306461346361623361373935353633343335643861613461653030333033383162356238
32353139313265303764633066623735383534396666393732313733636664383963393361303032
38333431306361633131663936643364373934666261303064646130396665333638346263303038
62613634336337363866306131353430633261306534626261323236373563306166646531623363
64636432396566366130363364333935393064383639383137333837306162633334373331373237
33653232643537336266333437666663343536656135323864646636363864353464626266636336
65323331303231383265343332306138303132653038333564356464383636646163303263636139
30303766646135666633333630346231636136613863613865623836663530373039343838303532
31386330303331373730383439623933313161393431633062386533333739623031623266396264
39623035613361336464373062366530333032663137316466656130316563326666626161666262
39373766303337633532373634353761663737373630616230313533636364313632313166313833
65643331643932376365356231376563336361386461306563613762323265633139616665376462
32346331313237653732336237323363653562633563616633363930373865623462306638613361
30663839646433326335343132326332626665323264306461353361383933343262356135343333
31333864353335336165313266613631613437313539396464653337613563346563353161343830
61633664666335663231636330313732316166323337336662313166643632653365343132646539
37303364366333346162323265333165636336383634366561646432376161363664303366393237
35633461613162353939626163333562613631353665396130383664393330343937616662623332
64383665366239663461306564613765346230663664646264626664396636623363626536666339
31646662383132623931623837396666373231333434663437646564646564623335373365663535
33303765616630663732393965646262626465636230333632396264396665653466323162313838
64376637656662616261336165326564303330623166353732643764623061356632383635363064
37326336336638343434636534333233666433306531663963663865353638376636313331356664
61666461653664366466333038303830363666656338656334643336303032313266366337363731
64306136363339306166646335643164323562393637363332393361396436326165386131643935
61383062643433376137333232636530633164346263323933646536643162323034356535343266
66623634386532663465383935306362663464396238376631346130633731323439633537386161
34643463363738316630656633323437373661616566363731613164366364363530663665343032
34386561613365643239626265633666386566313434363639376132393663663739646530626634
65336135623166613734653963353833633237646132366432316465633962346365666563626431
33383263653332666130306331636364343763383737376530333239396439313965333333386136
66666565626630666264633436303839613535363366303034333836653335316538326463646439
38376633363838356139376335333230396536356630356532303562656466333831626234323032
36623532393231623736636132323463643434633734646362663932626631633462656435366630
39623537653264313263626164333635303062303137353961333861653236323635376531323963
62333766643532376162623063326330633838303831653365383038386666343061333462653265
66393438616431633062323132306533336432363062323834616464636438643861356162366636
66363663353637353531363834343662393539666236636365653437326563663330666535303434
32333038313739386331323337616534306130613866346265346238313264616632353133326665
61663561643439646162343462333761613839666664336264333037306132363066313266646532
31633037316630666662303132613361323633666264396363373736313663396538396135363539
39386536323765633463393933393033616662656533643764313338343930666135663839396430
35336466343333393334653265373163623330643766346665646236643163313466643037626537
34303461323030643639656264663939646266656138646330366431393864376533646330346265
38396430653936383936353566626635626266633630316264363132336361376562326333643961
31393762613663353935366562376535646163343939376338383462313334326466356566353261
31613735303731383036613664633830346265313861393133316535646138393062383333333338
37366437663138383639663939366331383437343732313339393539616238323235396631333665
38336635373563333837633732393737633663653961316465396463336339633434323533333764
37396137333336386565323537623636386235393761343464386664343236363438393533356161
38653935356463653762376661613762616434346330333337643961376637313234323930343535
31326133393866376437363136613938383334343737323831353338366263313239333361346466
37613661653264373030353664353365306134303436363936383236636236323062346262363164
36626165623138363030643635356135646161616335623163343439306537633430343339356336
30373066383966616234393535303965326435666237653066653032316633343036613464363963
38613561623763613962646666343863326232623666303261643136303635353432373130613861
30313236646338323737303435656430306639326130393261373565313736366665383130363065
35636432353861663963366131333065616435613535663933303136323566393764383861396339
32376262633363616538613836373631383965323038343332613833323839313666623034633637
65393463613261393964653832623239613864616265336438653064383230663463306630363864
33373032313061363761643561386166666431346636303266323238393634303165393463633732
35333734343739353865623335623165623530616261356261646638666635326430333934653262
65373535616232613435346339636262393737643330393665363566343836633361353932316162
38353137646339623036346536373834383839666633396333353662616230393937636262646565
66376331336165303764363162323736363637353566316235313539643531373636653862633430
33353664636639646132336333623661666235646335376539393364353739313939396432343534
37323138343133333532623932353036613139353766303062303565376532313435646230316261
38613636306131643939383737353234626433663934356538313930356361643463383137353235
30313931303935326334366466306332613331353534633135376165393237306531613033373639
61373937333665363938636533616136303666633531616331663865383238393136396331636564
36396366383663373639616566373164633633323763353261396432393633323736653637366363
32326665356631396636306366303633653730323530343138363730373665356165643031316662
65323832336231366439323734313763666632643235353164616432343737653766656561613037
39326265653839643933313566323462336636323164653364326230633962386533393461653837
33376538383863353636393765623730623536623137616464663135386163643436653934393139
61316365373263336230636462343732643131336233393337326139626361353639346465393539
39326633333331636436663862643563363361316135646261306362336430343434303862613335
66393932623866623836666666316165663230383732303131613937626531333065303161636562
34646261646137663539386330313636666665323536616662353434326564666634666139666632
34373534326231336566356237333661613638326535303837316632396665393063393736373037
63313036666439336135363963393836653130303638663034336263633533393362333735663035
64366365663633316531316161653166303765313562383138663938306638383832346335383435
63666661303439313032353336663334653963396132646239393664306466313666356332313264
38633833323836656633393062666335393939633030373431343563303763376264386632303233
34353039653632323130386532663830633066316535373733393063626334346230333539633239
61313934623533356135623665636539616438626138376135386133616261386263623338353061
30653565666564353261653864383839333737376534616566613034636366316466653833666564
32653836663639663762626361623330653130363561353361303837663636663137316433613964
62353331363135343162386335623063623262666134383665396231633335393239343862623633
35656137343230616664356530366430366136353438386132343230333030303136323565613938
35393235373465336365303562326164393566626536363064396435663338393631346639363736
39633863303661373938613130306233663739323436303462656336663966323866613635663564
38323935363165656365633832343965363538616261326266303033626561383963393438626237
35353635343031613730356665366637653564336562366636656365303238653939666562643531
38356334326536646531386438666265313831613065663666616239653230633964353932326533
35313064326439626536636132663661343335663436326566616230663939313539323837396666
65663361333036313435633038336362333562316330333035303632396139353934393438346266
62623539323134323431613538323330306437376138363066356364393436306666623834373362
61306234303838663861363932393930386365366630636466643038633632386265303632373766
37616636643131333031646231353238663230356566356463343137393965363236623633306332
31613933626431643939333430363339383739333162316466353034323736663735356466616330
30326130356339306535666436383765363365303862623033303533356239326236613764393361
63303934363333656565353062613833363339613962383862383339663664393936613837363565
34353266346662323737303936653231353534316231643736613266633366623437623764353535
33626335653966613262613962313731376563633630313264313136356365303266303033653863
65313432613033653130613433346465666231636261366131373632393966383364303165346164
34666431336662663237353962393862626533313333326134366436613465333664343836303936
66303038663438323533363537613262323461303166663863646536646535363836393833666134
38643839646162636438666332363833636239393835323131316331356463623837326263353366
66643037356463323934336362646233343133333634643536373136313930343362333737366439
66613335303264323934666635323236633134303434656364643864303836363661653334653666
36323638313739376234356361323734303261336239316233383437643033313065363630393139
33623139313766306137363232653038626265663766333030313933643165636432353034616437
39326366656662343936346663616436353164343235653931623430653262303534393637383636
30626239623665313630353230613566613463396463353163353839373337346235353234306264
31363963313631333137313663306133366361653938633264383165396362666634306266353736
31316431366662366364393963663730336235333365353966343538623431313233333661313437
30333632386462663338396266666634646161363066373961303038653036643139626230323931
30316633393862613238626663396435636564346636343466346232356137363337626263386638
39363534396330383937643730623332326237353466323862326237616163363662326535353733
65383337666531373731
