$ANSIBLE_VAULT;1.1;AES256
30313232303464653430663931303831663463396339316232316234626365633363316232396233
3263373636626366396562333837396237336262616662620a323362333162353964643334643335
30396466623465386665366236336339656564663430376339336164346435383166356438613639
6238623664643032330a376631666233653030363065323230343633666662663530393532653333
39643963343630326634363134393731393265643031313262616166636164383363396638353261
64666531373164653337656137356333613930353933383666376133623437616166333566623561
62326664636361386235346235353639663563313162666336386339653465313637306536356438
64353439393335646630323739343732616665343362613963396366653032356164373166383061
39333335313361643461663339396165323132656236623231393537663630333232313965396233
61653533383861353534383366323263386130653834663832313731383164326139333434623032
363838383838646433613466613533383666
