$ANSIBLE_VAULT;1.1;AES256
38633539393766356561356561646662646331393337353464633837373339313464633534633230
6630353131303934306165613861383862616638366661660a366334636136336533396531626332
30346137373139646266616332623966306262323731643937396531613363386565353266363631
6165626366323732330a356263333339663232623764313634333561663265613536353935363933
64666439383364353366313834666437616563373462666536633637313537326164316663656231
34623966383061346336396236346534633063616139616131643462393263303661393530643262
66366364636634323631663538663031313239656363643966336430383938363965326166396464
34666631656362376138353131653938383534383531343630363766363839376337623437353161
63636530653738373636323864333034333163316135653337386231623531316262356234616630
36653333666631653537316132613137353662663732356135653738306438383165643537383964
30643339666633316533306466386436346434633133346238396139356336343335353736616334
39386533303766346130383938336130383531646464316263306263386338326539366134356261
66363932343635393933383930323438353665313361376430396639653334383263313365373731
62666566376231303737613436396432343438306363653938303131353534636465373238393933
63633339336532613831643737383462356431376465376633303536333337353533663464366337
31643034393963666436356666303131306238386239333531353062353761643630326530653238
39616232333061393666343536383364363031323938663935366238353835323533326639333836
65653630373364623061316566366538663265633865373262353664656464393037626262626139
61316331363535336364343433386634313133303434313061343538663235386533316664613332
64363961363365653031306662613132353330386264316264383336333334623138633163353637
62653861343766653437313461376339323938393461393231316434323739616366373030333939
36313434663736343566386637613435386666373362306433393463643731323962623030623766
64383635666137396237663130333061306432383263353066636131653865386633303033666334
37313966656235666566316563643931636635383366373636653930663139353066643531666630
64353436393236363361613361326162633536373363363362343364393532356531623466623364
33633264353338316465313733356133636237663139336564326431346536656336643532323938
31383739376531383331643439383164353863356535366135613033313033383238303132396464
34326662653266313064323361323665323838653731623366306235633133373537613535373431
38306366303231363032643034303832316664613663373032613536613333643034363436306230
30383365383731386632393931653863376638613432353236303433353737353239353039633232
33333761613930353433393437363336666534323566356532323965333564396462613063663632
63323536613037653133333336323762623731656166633165346564633636643239396365333935
64316239376330313464376536643564393038346564613634336462373465376535383837323663
37383138373265373563633865393062643335656430303638356439396533343731653233613062
30363130616137376432353936623362313666383937636531353963373462326163643862323138
38646665616339373131656337653736623331323138353131613339653432373634633064393965
35386565636331623436316234383131376237633361316239653436376639383335393435616138
66653734666231396437303061633465363936393936386636623266643634663339336264396238
36363838616662383665376333316563623539613365343166356563333738636239396336656335
36626538326435383262666137393963653033316434313137343132613361326533646137303437
38333334323432383332346663633661333261373461343730326537616238356464313765386633
63303066656435646430306665363035333562313466626464616333363864343732313833343737
37343561356130363662353637333632643965333836326562313665346562616364383762656266
30353637653231653761386363656636353563333663643031306130303935303532386332353165
61323561313633393437383239313333396263653539373761323238393131313764663965366237
38623036323433653331303566396261376438393938633366653735326531623637356235303633
61353030396238353934373038616633616166363733643136633036326130303061393938346264
35383632363031663730333236356464316639613761616535663433653033633064623830303761
35373166313934663331386230343964643165373636373937333961623965613533306233383636
34343235666438353238353062646230386631643930313730353934393231643530616662313762
36356331333661613933396662643534643561336565376436656635306332383637353535356665
33616166656231383935323933353336303635396661656338323132663963343635663465363936
35326630623866623162313132316438313663353961643465313362643061313834653465383665
36633237373237626634333231363265383537373432626661316161303639363034383335633535
37663733633631303966626339643966373662336263303034326632316262376234383637356566
65383731373264633736343538653330336537393930616463616336643037333932333839323235
62326230613963303961623436323064346134313362396238613566663063343564646332376663
32616366336334613134623139643033623539356137666562653031346332343234313365633961
36383764353037383164623363333339393134396537613738316337336162633233346237643635
62333436666233666333386131663564336364663534303263313435363033363335346639333164
35646339313031666333346363303234343338623264313530316233613563333439303135366534
64396663306132643438616664396534643031656135383963303231373436316430306438626533
64393231643164633239313433373930373635373363616361333362333163666633356266633430
30653962303264383965346630366235393236343561313035323263616439383636633636653134
64333565336637353137653464376263396461353135323261306633656535306438386264666633
32643133303436366536626461383735633032313633616164323536666663396634333361633236
64623739616466666533343565326239656638653834643261633766636533393137376363366162
63633538393865376663396133313965656233393434383561363539626165303265366537633662
62633432366166326638303664653765373431353366656634386466623164336633383633373034
37316432316439326362356632326131626636633133326230666365306435373438306464383666
32313766643632386437316564656433636565396236313231346339656539383337326366323734
37306135343834323166373364353664613033383535356430613965313138613164363134373064
64313966333163396461656437323063653238363663656166346530663965346166383835356265
38353439613261333564376565303237326264653838306430313135633963623166653231663430
35643637356366363937376163373733343032396236303136393339643566376261336436663730
38343939333038393632396331633165656531633232623133363665613732306363353861323062
34623961663538326265373630373963663664333665383162646330373464313032346663363833
35373861663039666463616362363936323061313532636237333661666661626436386438636233
37666363373865373566343735663061383331346232383036363130326130303135366663383730
35383364393261343536626461323463633862666462646666623437663630373562306131316363
31666663653661353066323039326366313962666138306137306230343633373962336666323932
65326135373434343065353766346538333832663066323934346139613132633437663165303638
36323065646638636334343534636634393635626434363861313538353464383833656335613862
36653332663932326361306437653333333532353232343437363961363535386237636337346539
36336165376533386432386265323431626565363430356531303631316162633936386364353565
39396338633766316265373035653764376430323335626335356330643163353630346237613263
64663233663732366433353036323137376136363334366234336138666363346437366561376232
32633537323935313661646335343033356664343164343330633562653364333739303636306634
35653435333863353136366132363233663731356665616333383133373963616134393734303865
30333632313039356563303839303830373161323032383632346536303966386634383035616565
66633435633533326666666130643033356134343335613864633562316432663137336664383637
34373262376166373334323163323235393333366130633532633861346266316263646164363132
63393632346339306530373632646636356230633231303438333062383238396339643237393134
66643537346339323739376334616331646430316631376264653462663864636434653065396530
37636630303236376430646133363033363036636161393532626361643263653836646461376262
36666134353266326366636632373961356665663038333262653431323635633464623630303532
30623035333361613535636565326634613832396366663366323062653535343730323365316138
37363130356331663364646361633932383536656330346166393637616237613061653963396232
30356437626236383464383235376134613036663561336265336239303862326161383037363165
64623438366263656563366462376430636263616536313666633938326564306664346237363339
31616438643339323462666464376630653566623638386431643364626263626536643234663931
66346465626632343561373037363138316437313431366363363035353266396538323662656535
38303738386363343135333530313437626563616137336336313932333231643837313964316462
32323963643834653436303365663965343938653635316161663536646662396432623737653131
36653865303333326631613366613265666534363064373137643034633635393836383534626362
30633663376665333463666133396135386333636532353063343262316661356266383337663938
32323531303163353461643435663135653039633365363236386433306664653433333936326332
63366331376436656530386162373131333038313066316538653139313238636162353434323635
32613735363366613862353736376433383165633862313539323163383761656235666666646331
38636231623732303562653163396663336135323532653261663631626232396231626632373436
34666136366430613639336365613463373539653530346433383434346465643633386362316630
36326338333433383232356261626231346239656237396538313637373939323763386434643562
63343633356638316663613763623733653565323733313664313436343535333932356564333032
36313238646134363863366564396438663963656236373235353030646663633063346535343630
63373465666531386163306338616632623764313931396530373637613037616662623237636461
62303936353532623532366365316666346532323861386438643037333365336331336335643766
31396365353463623862303861633035636639653232663137353935643139316432626161363264
36396137303834616161656536393534643661353039633730376432353565356538653936626366
35383533626361623537663363353563336337353833623736616335613333376139613132633932
62643938656366623732643733303165613563373863343135623237316465656634303832383632
62616366653732383166623966383135386263356531663862326166623365646665303163373735
66656431336538343538396135306662646264663965323538653365393862316134323139336133
65393066393139333763346236643730373235623736643736663665356664653530646535356466
34346532356464313639663164656339393563623432393632336334353930303134393436346532
61646630383361393135363731366431363637373031366561353331623964363037633464393130
61663537663665306635643530663932646431313564373637313365626438383766666635336166
37616530623338616234396164363436613065373632366361633030663237343361303633313161
66353061393033303739623731326638303864656635613837326330363839363636306164383234
36373031626339333164313232376430646335663065626632613263663465353337393535336336
32333037646234643630623465323638383938623437313532633839626664316464303732313332
39373039616330653734366361383962353337393661326161636230633732616462383139326162
64636465303730396464643062636339363034626338353035313263366531303033313233356566
35663337356666636330633437343636313734383932396536663064373263386562373264633462
34326234356135346366393431636437386562373563626464613439623835383030306363373437
31376664306432386133346366356363303666663538316365323735323665623562646436353263
31616334633039616465323538343035303365353364613234386165633336303963313233313036
37646537633331643364646439653435393662373937333561323631333932633538303538656437
30386636643462643132383461316630323930373436363033376664373962303861636435336637
61313763346130303735643334316438646537333762306134323965326238353636393338613263
33363538313132653337363733616232386438643361316338666666386633363564636138363538
64326135366363653738386635346431366139303931363666356334343466666331353861343234
62623434363963623964636634646333393062373763333663363562306637633032333730636539
39613839363462623431636136343939663463623862303634613736353132376133396564643931
30396265636163633563306639376265396336656536626137383836643366363361363734383634
37363931646537343735653536653263363061323736623764346432643835383162616464326539
35323336313136356430643031633535633736343233343936626237393730356535653766613038
37386362623135366632666330626135316139336561663937393735393561386234613931636363
63663537663061353038386133343035623231613365356465663563303464393664306635346339
63366265316537383166663033656264393033333638363932636134333330643337623433623936
37316363653062616664613034643862666266373330376365646364646139636339616161386363
64336233646666656562653366363139616232373239373264373331613262616661333034363436
38373935366638633237643763636134666336306266386533333262373133306539393533646634
38313261313933303965616639343831383261336537373335383264663331353664366539373065
62363630333563616165636266636439356466383633383531303733373466303735643666313134
65353462663337356533313634386636613966613162336661663137666364326165633662383939
64643436643864663134303337353862306663636534663265623261346232663366323863343733
63373039376366386132653030646664316466343563643934373666386434656332633636333834
39643230346135386266646361656331653166626638343562663063636635353164323939303132
30633462313230356232323662306237353932323732383132373731346236313338633762376534
30633532336464383363383036303361623638613762623032323935633238663865633764663631
65313733336161633537636664376338353932396362633863316361323036316461393464333663
64653961383635393437333530383162346439396138343761333234326632646434613064663566
37373835626362633730646666363864636666313039323234323266303037333336343631333031
63653064646435643734616335646234623236313133653234363834643237393739616438623335
35343563366131346130386561643966353639383232363933623734333966613638626231373231
65393731353537623965396233326131613765666234663539333739363539393463656636366436
38376232393666313930343462653839313235393464646233393162663535393665613138643531
33663863653238353131636538663137386363643936656338653161323066653530663636366531
37383933333763643836336236363032633332336233636165353737656332353861643637623165
61343866356663643566623766343434623666313166636166646337636165316139356663303961
37613366616563633337656437616164393939646339653031623762666633626334353034346666
30623737306631666437316165393334393066336330306234343864383362643564343934613264
65383166376138306231636533663965333764646665383232356537353638393335386438336163
37373430346635646130326132643432323436656630333830356638626530333337393330623462
63623632396637393064383464326434393563353632363865646230663232363937346136333531
62653737333966396331333437613561646163343431383438653732373230633061316530343439
37373432383038366661333738623461616261343331643733333763623634666161343962396338
31316164376131356339333237306137373335343866313964336138393134343835363235343438
35663165386532633837316230373764316464393861623765373761303066633534396366626231
38623838653031633639653132393562636661303530653366303337376463383830626332666634
38373163363237653664636461316238653435323837666466353662613037383166623965613965
32366432343333323563326136306635646538323634643130363363646331343464653733336361
34613130636639393232356434653265613035383739633530613437373332653231343663393864
34313236613261303761366231306237373761396665626463313131306634646336376265656136
33353039333439613765343433663337333933336235646563393130353563613939623566313836
63346537646662363731373232633766383837363061643762393239303761393639366538363830
38343634626439623235346235626263373333653130633463663563656338663632363165323033
62613536333361646331613031393039663437383761353030306662383663336563363434653832
64303631616433383339636233363138393936306337396232383739313634343535616561356336
62386432396530623664643830363431633633653066306537663734653766646230323031393932
38373038326135373462663938633137613932373030376332356566336462373561316331343864
31396138353164343564626534343365343862653663323631366661313732393036643335653236
39656133643665313337306537663066626635383539643461333532376661353635303932303131
33396265323232376233356536643333666630663163373466383439656666653334343231396136
39336334636639363536386532646265343130303966396138643862306166656463323335363837
63306266396139323832613830303037373765666165323966366234383536643230323962633534
33323561333461623966313966666332366264376132313165623764343262376639373837373637
38643066663530313465616262613738613065353636393137643365323639303366306563663032
62636437303131363761363030646233343131376365666362633635616462643132346339656338
34396637373339656230643939616231336164626230663834356237643566616335633437343662
32356561333331643733396262343063656166313631313437396633396135653130613433623136
30653039306566386166626664333530393562313133313830663931366130323964303636303565
61323931653665646533343764666361303634316166653239366161313262396132643835343733
33353866363731393034316132636666656361323231376132303863346438323865356532613730
33373637396163623338313862323865643461303061313331636462643036613361336164383338
33636639343134396633633330313133306664393233336138303339646339353330353163653035
65623466373531393864373030333366656537633131353737626264633137393264353761363336
34343264323839613364653638323964313633303239666432653931326530336162393565376664
66663531616237393132363765333561353235616438663037616131393465373631386365333761
32663932303538653665643830636362303235363563326332633434646430393661336562316630
39383462313061313630316639373732343864393831613864363037393762613233396364333263
65666537346432326131346261376332313333303064303365323264373139343137386333323634
33343165396336626131646532633231316666323366326365303630616236383138656330656362
66393666663862653763346361353235376336333865373133343639353265393665313833366164
66336430313765626336643562336638346239326438366330326531303830363664666231613836
34373766653336623061633166653337383338383062386138336537366135613735373338366162
66313162306438613032633834346639383439613664356531386562346165393636616337346462
33373231616237333662323537393463386466376536333139646439383865656464613561613535
38313763626335666566363434326564323733346431663236653339613737386434653737613434
65383661623337326332393432373333313661323033306634396365366137656662316138343361
34356637613865633834326566343161373865326439653463336262316264373634373237383739
37376538333866333631666264363532646565626635666135666133636362656137633563353438
34353832666230616563306265653162356439383636393534373066653065396263373561356536
38333565623039663137623766333732336265396531623737336563663963633462363139373562
62333232646132343831386532333931623238346438666633616237653730313762613939316161
33376433386130663037636433663533396338623639656533636333646532643934636230353533
64373761666536663033643531663433323363336435326539386363336336646638353835306634
66313234373435663631353635336264363932666230656439393665353965323866646564663233
30643964333037653935613734393361613936306538323932663966353865353236323163613863
38613136306131303839393739613137343437396532636631383362636230303430333638373036
62656363383064386263656666633634336439383839356361393339336633393736373162353234
38613066623061323735363338336231366261323738313738336265323632666662303266653035
66393761643662393365616362376562356536646637663231363430663032313132616565633930
35646232316638653835313261653337393665363031656362313932393232333630646163636233
38636635643530666533383835623162373965303232613133376632353135653832366536633630
37333363396435626339373230356665646135616166343663366335333138323139663165336363
64353038613265343162383932613730316564363061326665616631303539643362613334356664
36373763323930353134643739323566643261646261323430366265666137626165303636316434
66313430336637376461663539376539633938373637306631316138346137656563373734323065
36616134633334653739376639363666323065336565313338353339616536303465396539323363
34366365613664633532393039313737383163313239353732636663313533666661333336656665
32646164623461313838366638366533333333623639306264663065393762333037333635613839
39383237386638666162386161356363363930636439313365383266393064383764316333316535
64613037346461353738643232333834613662666363323836613438373165653536656366363730
37626537653832663930336131306533623365653435373662393832366530643365336262643962
30306430626337643666363738336235376238656633393964336134356139346463303265376336
31333465323530613235616331373938613739343461373430346239356236376437373361666134
34353132303832313062303038343265353037356538343964353132343766623631316539356636
30633135396263326266636539313536363438303830636432313733353864363262613066386230
61613134666661636362653034643439613836663332373263326535333737373765323637343632
34633637333035316133306538383265346233626661383065383663363739386433613837336332
38323361373065383932373439323861353739393464386361666663336264373565346431336338
30333461373261333730353934346431373732363137613536646563323764363731643238386561
39623062343032316632616661326234623230643838623437363333363737663832643839323331
33343363623266623732386630646135643266356561623434396162323037356361343430363330
62663563646162303165313063323336626164346661366134663266333064333832626266656332
35313432633035386461323230316431646566373536363166323732323335653437303039636339
32323933376366316339373762383166393036376133663833396138643937613464386463636366
30356435323065323233626366373364383537333265626265326635343462303131613963613833
32623331663336303132353164616135313139626231353063386664626465633439623563363738
36346664363564353932306137666437393866663162623165353138656435306661306238316165
39356439366437643039633762323366353139353862393737333465373134626165623963633366
62383761323664373538633161623161383036646636623030316664343861376634616366383838
66333565313736663530313737616535323137326565346364393235373935323566393231323463
38353736613263326365663531316365613862623334393036363865326666646366656665396334
65353733386531646465386135303765373036346564333132396334616665643265393164663361
61336333323761613930666666376538303033613835393230616632643566343934623235373865
39626639323630346338303431633664653838623561613835326331336538323161393936653862
35353737353133336439633834643839623434346435353234343030343663396537323637323539
38336361363430316630313433353562646564366262336534613739396265623835363333656139
39316431613736333530646163343734323561316433613236623837633238613138643931636664
62663233333064313833363536323766663062373361313133653739643636383330623034653933
33386165383763366334666237363731393264633861313236313066376336653463346564366561
31326566323231323661316338323032653661343231343332373565363930316231636435613165
66613166613039353764366262643539623437303431363366653233306434653135393036623430
66356131333564666133333933633266636538373734626138356537306462323038353165376564
65656132303338313761626637356230323538393930323966663838343833306565646162633138
35643266646238303764306361336162653234303863306532333134303233323463656561616139
36373636633866393334343232343163326461313535396237643866663164623362636561613366
36343135346231313939386264616563626233623430306236656566626265366433356161346337
34633130303834303539326334613933636634306465643433653136333636633663646438343030
37353565643464663033313936383739323834313438663164643463313338356533376664303930
62626462323938306230383733323766636632343663363137636632643430636532666566383731
34653263383364633239366233656563643766333238643962303035613634363439323662333962
39343564353434343162623633333433373737333038353439323138353833366233343633383430
34633463626638316563363236646663366436386637353238663264333338306439366461326632
30356636343965363666643537306632313130343462343735306166626135653533663463326262
36356564323432383765656539366465383038656637356664613732363133633030336266356133
34383866396662376338386463323439336364303333346630663563353833306562353433303330
39313066646230366663613930396431666430376565643330653137653332343739386233616536
38383431663637366330316636313662613061393936636137343966396239396334333337623435
34623133656330626138386435316338393131633837306632303264616639643030356134623734
33383064633263636333333166326164353433313564616233353463336566346334343566616530
39336638313233313133313330656237383537643162376564326564623665333961323938313737
32373033663461383333353934336438383231656565343333393363393132396434386533333730
34316536616335653763663532353930363864303733346165626138666130343039316665396263
61383932396563613463363666393137336565346636393431326564613733356531363935363135
35363665626264666233323861623966376665636133363165383935643463363166353664613230
30306330343266336337636633636638333439346437336137376332386234643138373466323535
62326462663433393763316536343163613563363266346165633735656336626637663661643131
62393831333634376265613733623933303831613263396434343930643135633338343132653031
62383332646130633465663837663633343461383933356561313064653935623961343961646333
30613731383362653139636139376232376238653461623064393030616662626638663361666363
65386135643834623130663237383134643137666538306139366536333330303436313165646264
61326533353334336266373164663036386133333064346463633733613930336361643966306634
30653164373330643861313534303162303630346266343837393862653334393161653836376235
63376262313030346263333039623463643263663639663739363735363536656133613635303234
36383930363661633762303434613332316632363233366638623135336433653637616533323836
34323833343934343964646336363065643134343832303962613633313434326135663265616135
36663430363361613738643132643062333732613634386339643932316562313039363765613939
31623463326437383737353438363033313036663130303631633134396230363035663533613362
35633535343132373263343038663664323561343535643836333364306261326634616363393733
31633539633463616561313866326434333065323161616637316431303832383731303862393637
66363031393535613838636666333531383062393834366666623034333930653965663366363730
65363630616561343436326566633364356533636234643132383538636330363239323364323532
36383962653634333831373431633162613233323237623530313130323639333837343262656533
35346233396538313134373530396464633037343064383337643533653562376563623835303165
61363336386165373434613233373963623931343436356164383763373032623732313538306439
35653637396430396238623466353061623336653135623666643336626635356634656361303465
37663639613938646264663637383530353737346633376439613132353439626463373536343833
66613437616461306463386164383132623631636362313238313836333131323265373464346431
30623739653661616437383365396131633137646165613262383665666564393663653530356166
33373330306131373535663336613531313363646361346530636530326133353230623433303637
64623466633464663135356130613435303466376366346661343037653632613264613936623962
36633539616561313537393630316530613438313539393537393530656536646661303462636161
65366633316164326363623936393137616535363633653337663532366437623366646661323665
64316562363135373239343866366635666161646437396633636261393030626239333636663664
36303937333639613935356135396264393733663364333162356166313566366461393664383562
30366464373534386236393138336636373562353766666163386136313437323562313062333565
36373265663534386439393630623262633431666430646132323237306132373635346339373963
35326264313331653339303138653930373431373162623839356563623338386463666639643463
30376364323366346465623165353837323837616663616666636238306236366333333364396466
64396333383033336137396537663730383938646463613661346339323137613934333035336638
65346538356535323834653862316238626462323233646435383534666132306261336133323431
63353461626266383536653835313165306235333033366637373763633062636436643234333865
61383030666466643763303964666639616539333962666336316333333866313162633230626634
30333766316564313936663938386633386334326233383430653230336566616439376465306263
63613035663838633264613162323361306231323138326239356138656330666135616130616139
35393831386534656635303439373632313830356565373163323137353535303132616463333936
63396330633261656436323034306233613638343731323164633164613630353038396639623064
30636366373430653339303633326461383631346239373439323036343839363463333261633261
61393638643365313463386238623239376461373263363361393138313034383939376533656161
38616439366365376335643262353932393434386633373134376233653234366337663634306463
35333666656433313566343430646363333830353462396366646535343864663938666630663135
33653230353662343033313534643566626232666464313239303032383538373739313763303831
62323539326161316632343765613363303830653335336661613965363533336634393762663838
38373766366330336339666139613734333466356362356539363062306139626538396236656638
63356538376634393432373036643063356638333365666462396132386538356131313934656139
31323635636166623263663231636266303539303734656237353661646562313439636539393632
38326637356438393130386633363361343762396532343063623032363536393338643636643032
64323065613430373331376538343834623763353237353062313163323362323666613261353832
33613935323863366634303433396534653433633564303536343262353261613731306661333833
66656564653364383261373261663135393866316231633262376132626133393130643937363237
63636263306461306563396632636430613566366138643836636536376163396237623364303231
35313363666635653238613162626461303632646464396433653433653964623333386530346538
63303630653561363434313436646431373461346636316464646430613261353330666162303063
63656436343239363732346563653166376165353836313037313565316465396362666662663563
64623263323065363661613335323637323334623666613265646263653234613337626464346562
34303735623064376463363162656534393866323862366432643763313565366238346539346466
34383536346631643738653534383166623562306633313666643836363663316237333839643238
37353065363930383439636137636363383666343035383630643939303534303965393861386137
36333735336333356635356262323562613965666330653834623231346531623761653237373735
65333339616464633662663664386662393834643434313536633137336339356639356338333263
31666637653336666164623561636165626364353033386563616435386335636230643733303766
39656461333266316438653335366434613564653834333332323135373235383233323464306637
39623332633965356461326265633033393463356637386537373066326635636664386335613362
33313463303633313739376139663630353164646233366163363830623235386339383166383539
35643534643061373336666161663763643837653334613566613032396234663534396262316333
65306364343837333962646464353135643739323537646266326332303030393034646433393233
39373739356638666132343066646634613438386533653065613432643236633139653964663637
39366633336566663563343631303139656162376639353334633061343838343835313663333665
37653436353462646135393031313961663534313934336164303933376538313437316532383962
63663433393732333237643931653665316435393938396634313464656632323935376565643962
34663666613932376564633537363739346338383361623734326532346233623264653164353537
31396461373232333735323339346431646530623061306664643632336236353464323363353933
61316363333462396537643333636364336235663330616439653531666661313931356366653061
64333431303130316561656233333233306264636136356139393935643138356135363938393262
36373239326638303239323566363263663662383439636363326566666263393763636165333930
31633235313530383734376635333063376639616665353962356633353463313632373332323334
34353365366236323664306537336338646163616462356139313066653538386431333634353436
66623235363334633432303431383534623563323961653165393463336132373137393430343535
65653830353063663961363862386464646436633536303963613265333238633832353666613636
64363830653534656163383534613635626333666439386534636330376231616266383436373664
38613535313534316534393438623637336162366332316239323634626533356361366635313739
65623238326137313561643366306535306561303361336663323434343831336531333862313366
34323961303766353535633932326165666564646333376562316665383664616532663531646139
65316464303231303439623438633933353266326234396438386332393638653239656338653063
32633634313264623835326539393232323361376165616366386532393431383333336135656438
63316432353033633862346130616431373264323965363563396562333166306262613536303661
61663232663566326365343336396662326633353166636463656363373764316663643839366135
65373938373137323563633735363364363462366563343137613261656431613936356163623738
39663165646331613737386265343139646634333561623233316561633630663335636638313638
38343865376333343237356165373364326162313963366334656635353330346531633935376262
66386632643364303934656536333936353862656539303930643637366336323631656261316539
33326434323834333835613633313738386135393438633836366163643538646165376438316538
62653030343034356631316132393032633464653664633039323366623666353262383433356663
38623434653536646334376636643364373034613833363638306430623739363937356333653561
6433666432303035383836656261313238373866386263313062
