$ANSIBLE_VAULT;1.1;AES256
32316634373964663461633466373533656232343733366135356537303238666339383438323635
6364316132633962643135353038333539343330306538320a363761363638626363633639633536
35343739633233656561386261316664316431373533383565393061303164356363353763376635
3961626262666635310a623839323537626361626665333036316361353861343034656663366631
32343439366230343961386533363633396162366533353831613166386266386264303939376632
62656462323639326362356665373332363131376538633930363765333335323437656637306432
37393261616463633739383566393863373431613237666565303462363139626533653133656262
64316635393466656630393364306561303638323239613333393431373063353032623032313133
33643231306137636664343031343665383164653362363366343432653937333662353630616537
61336136353635616464613264636631353034393962646664633937333833353433393662306565
356538323131326461306435326162663532
