$ANSIBLE_VAULT;1.1;AES256
32313761363565613365323035383839346637653938373662613436346431646663626566303232
6631343266353962356430643362323866343839663130610a646661653661306437633666366330
33656533346231316133386437303232333835613932336332306365336263363933333265326339
3237623538313631610a663461663661616661353730366337333135656532353635653963373736
39393535323932356632386562363234666437393930663035376238346335336237666331316264
61356266363731336364393032643632313062643837653961373261666633303039336364323032
39353031623864363939363363366465643365363466346532306331383563396631646465343062
36636639393337663233353631376138383434306630306263623661346263623930646134386163
39643737396430353561653665316331656463626133326363633266663864376462646530663939
32666136626333353337396634666538663066366663343831303135633230346262346466353135
336234633932633031363231643536613632
