$ANSIBLE_VAULT;1.1;AES256
36316635383861646464646564656333333465393031323437636433653439336631333932616532
6536376263376164396534656333383139356337363463360a633532636264346538613930303762
30333061366562666230303231356363333866666262303765363735643631343864376130343034
3839656134363065620a383663656239356531663331383038303664323639626363336631613231
38376262623034306330316566363539616233616461373865313633316666373034336163303338
39383837616336653333336632343638663839306239313435396138316338343735633937346463
37343862313638633232376339333139623631396232323839306237356138363533343937386536
30343066653761323432633561393662343663636361366230616266633733326332343663376666
38313965323836316431633434646635393030343335353837653864363061613563343135386138
34613865623962346165313332643436363832663739353136646138383462396262323333643834
393632396432303961633139663338376462
