$ANSIBLE_VAULT;1.1;AES256
34303031316536393331656534626437653930336165363738646634306232323663353137636665
3239323262623366613731313538333437363864363263640a356163316263323135626139343731
66396332306136633339633931623362346662633166343961323637356537323532633631316330
3833363435356266330a663836333633376163623862383065613534373339326338633034303733
36313632623233353139373566623131343731366231613833623135336366346138646336343763
38643465613636353765633037326130383662343434643937663261623864653532363661353933
33616131373838366165633938656566306362623164663963346531333630633038643632646230
31633235663064306535643032353834643637386166613362626432303333633037663466386566
35343638653961643065633836613266666263393663616562373637646339383732393835616435
32323461323661303765363165303337333865633838623165346463316163616561303839333763
39626664643837343062643339363736646365663938656530316261646666633161643034393438
65663862373531353563373437373466393936656638346561643133373564323763663537613665
37646638643963666264343035333362666333636137313330373536613535636362363739653534
39333163326163656563333832643934306435306332393235326261373165343732356562653666
38356465663734356563633935313939383432343338363134333834636364626136383637613031
65313261383865326135386433393263663930333132643666343236326363346635383962316530
30393838363765303233333864353562396164346230653864396161326334366637303963353066
30376133343963616261656363383465633763363233323938636630646664343261633938643839
62646230313537356662326264646634633261326530336432303863393865656664313566663262
31323236396466343364653961613963396335313131303431616465633032323862383439613135
33393866626661393238646364623865633731366638323062346131336531323330306364633832
62313937326133616465306437306161333865623234316239346165316132313862373137316337
32323135393133643834323237656364316535333232653661643334663661333935363762356166
31333636356530643435373139363330633264343566653362336234306364373738633465626564
33333239316131303063366532383436626235323461663236303937393635303237363666363734
65343532393639363161636533353332633361303662653439313432316132303965643830373239
64613031653438373039663638323131633764383462653061393530313361653863643062646233
32633630613639616536383737373634663533316661396432373733663662353837353633643765
39373165653639396466326638396461613730633235373834656664346264393339393938666262
64386566643833376639393835383266306161366536373934353734646164653361646337646263
38316339363137613537336430346236306662316362626234383835376531366165353836353434
33343638323964613633613736653134353336363361643739333361346139613330306234616465
32313265653338353835666333613463653261303736643264393865333935363662393939393232
33386139316630313132343332623762616362343735393830363738633839313836633433383337
31656165363337643363373665626564336539643230353962353564376137663137373334356665
38336235333234303137623061636339633764346333383930653561386232643264346261626433
65663031393866326236366261656361633837393563326265313539306166656535343237356538
39306632313831376561396439333262323333643331336236363237636638643534353931323062
66343937626338336536353239306537323133386537373433383038393935333933336630306239
63386563333438393238643134303166356637613131653261306339316663306235393633346631
33666162643264306430386362376137373034333934336430383038353465393861383535303030
65386638633037306162383261356530633131626339393762646233333933336164393763326631
62383838363233656166643064343138373231663038303037623632626436373631653533656139
61643162336134663636613262613433333563336538626661646136343733663363376339346130
35366634643662623733346462633939623432646162663235343634373362656138303538343330
32316666643635333338376461386334333639306536303366313365376165356335356130353366
61313362383663663234626262366437663164343037336162353234303634323938326265373564
36643937303833363238643764656433636435613738356662663662343966663439343337323964
62303765626331376538356434316437383938346363313938373065613230313430646663303033
62393564373265373932343538356532616137626131323435313534633864333136333734316564
66653162303633313562313731383961303161383232623230656237313862306431653632656165
34336230383065353133383635333264363330663161383864336165363430303365306563366535
36383433326265376336613934633635346533326636393932366335633630643132386639616531
61656432353864663834626330663636386566336132323735376165346136653036383263633531
66643865633634663866356139633839666666366334393262613561396239316266613532303866
62653338633935643266663362653738303239663230646533326239623465653133393261633862
62376630633464326564373966386336343435663861613264303764303863343863316238663863
31386436366439326333626266653461313130646630386461643763626237386434623561323333
64636464303231376536323337646161363234333566323136396335643163613065353665663831
37346262666432636435383131626665646564323036626234306433306630306237323038306135
62666635393237333636633965346364303932316166613063636634346531373565373561666365
37383965393937663337636534386136633832643331613637303130393762386134333935633430
39316533386135333239643239353232363166326261386636653362316435666663653234623335
39393138356339316361393437353735326238643666636638653430373763333666353732326337
63623039306538383832666131383131326231623130363161373130303834393163386263306563
34363565393765303331343738383730366365636437643939353962333662636337393361613836
37636235336236333463343163633732636436663434383261376461623231343632366263393537
34623538623431326330336137346138326265666332303865303534373932613538373837383831
31363939323435666438356337653637323536613561313861386263333937376663316466333333
66363362343030343438393536343861373536663461386438376434656333623339616331356639
30653830633734613332613636333037383634636336356531356138323638613338636161663665
32366439663136303036313336366466333564393166383137636230333066343066366165633562
39323739636430633732313530626438633166303931666135666364396430396638646563313462
65386633626366373133656235353333323565396365326638356465306437333963336632393339
35313464376363373637363366346636313837333734346363303337616164306364376432366336
30306632316464343930613839366236643231653739653132653437643739663166353839616438
62303761373833386236366464663438306134303834326232653632383735313334633931636665
33623637316662613037636137393661316331373265376135303333326134363033333362653632
64646634346663313435383363613431303965353863666330363032623864636665353766663838
34653532623738656436383464633564653463666431333633643735363932303136633438303762
34666162363230666332653564393264643538396136386564343364396438613432616136663735
35656137643833636135353065616237333634306262323533383265666664356435623163383538
33323838343361343964353034383064643165303338636230326230353662343338623135306164
66663265373738343936656164346163363636653032336532643234343233613566646161333434
65303261623538623938346632393834643566643737623236633036353739333636313138326131
39666235646264373638316537656536626464343336373330336164633163346138663037333330
37646262373034643662643834363365393366356435373962663362376436343564383233666239
39343236303635613130326661333439383665343634393038373138376262623363313039613664
38623862393232616137316131646231363136393266386236633630646538343165346362656435
31393634636533376439616239373430616338653331633062353930303536303762393666376164
34333339636166323965643832616264356538386665343166393861306561373162656461653463
63623561366164653666636137646462353565353138653933386136666664666237663463653533
37336139373932623938383330396364303065623037303739343930643732613637383732393766
66646262633738396635393562313864303265393037643333333139616465616363313166616466
62383335613066616238323832643434636130353338363739636135396232373833626566383439
61663132626337396264396265626162653531333630386239363866663164666335626532366437
38623963663462343232646536363132303035646433316636336235346334323863623030373737
30373531653632663366386566386638653732646363303535623064643632646262653561663739
32376466386464353338363237316233393537323133636539323831373634643964613736386435
38333837333438343635316538636163303634313861356664373039366264613235383363396262
33663839323737333832366532393834386437313866353739323537343961643264643661633662
63343434666663396531656231303733323232323334363431323832306639373234313462333965
63356139613265616664333638633363326164653264363136393536343365613332326139353631
35383337633961616131643238613564633961383331396632613064343265623333396335303764
32346538613237623566643139656661643465666332333361386339303735343539633937313139
62303439643530383132663361386433353937616137323231643434626465636534363834663131
39353833323636643639646135313964623433623362323234346430373238653435313032356338
34613532343765636165343062353939323436393461643461643932323737636662633332383337
35653032663234633264666237336562386434663835306566343664653233643762643365323239
66393835376536323664613666663539623766623838333765333739623934666261346661363730
37366364326135383365396663623031316536323331666566656666663161623831376365333462
36623637306137333131646262363434396164623235386331393763346336623765383062353264
37636537346462653837643465313636323966383237366233383665303432393463616531393633
64383531386135666362666130653134323538306639303630636431656561373735333834383138
64333231616130313965323264373166646463303230623536623434313963383065636261333438
30383733333631316263396434666365326366323535323234616262333461613631656331323835
33316638346664386266626438623234626133306663383930353863626366316134313830363430
64376365363038616336393064353232653763313836643533366630633436623162623030653037
37336336333333653135353666316562376539313034366262343162643130356135663834336330
36373132326431336633666164636261376130643066313031336561396264656133366565346265
30653765323964646161626666353362336632656431633139643732643862643536396162363934
33636331636462326661303238613831613333666234623932656630633831313837613239386635
62663934613337643532366134666664333534393238353364633161366132626239313836396464
38333731303637323264613166373364356533363162393036376237373830396361633738643438
30616334653330666235333834323566333234613239653131396364313664623939386433633139
64626661303333336138313335666239353039363666653738303834383237303365393762666232
32623632323130653062383339363161333463656263323566383131346231653234313331386464
63666531333639373765653864356561323964616139323739366562353831343439643636343437
63393133623763633234613537626439616662363863376537643932313039333033653531373861
36633331396435303831376264633861623531643331616231613136613262336665326235323037
65373237616235613631316633623461316438613431653730346534333730643137613333643063
63333530326532373765623364353135643133356132313762343035333732313337383233323534
39303266373039326532303161633435636463356235653631323134373063363637393665353062
34623130643936613634323031363334383338353335656136346238623737323662633335663133
66386364343665393739353739663263386332666330393331656262363530396461366236663366
32363834656539646230383030663765653939633463616165333532323638396166636566646438
30363365343434313934386336393032656433373132383939656364383236373531353365326237
64623161653965303636616561653334353836373866316535393161646539623634353438346237
34393861316466313461653936373239373130326135636162643535666639653730663839343938
61633936626634396134303661326439303538663535666534326363656463653438623432353436
37613161663439616663323037376238396633613138323634336333346265616634383835613039
33653937316466386130346235643535656666376232383264613530306663393931613765663233
65343736333836396362356262633864333564663861383061666632653530386231363236386636
65386337303139623133653431343134373763346262383430666637613565313663636131363033
30326337373431346537663137313836303933646134306435646165636539623431316362333031
63656263663666663433346165393464656333303235613436323263346438313732376536613765
65343335336532316538393363383462636363636437623432393563656332383638303065656364
39613732386666643835393039336262626537373934336165303332323838366639646361663433
34373531353861623866323663393037386362333937656633383231386230613032393037333532
34653861643732323932643264316337363436666166623730656233653130333863343736666365
37373632346435373265306233666634636437343732636436313565646465393331323062333365
65343739396337323331316663623361353533616232376665383963376638373832373636663430
64356462323838656565616161383461363438326635316137333763613366653264346237313561
65303539323830333263323530303539306461366633343839643961393433313737613839663030
36613539366366653765633931353736313662353337613762393531333836333938373766303237
32353337626231333961383830326233336237656333663331623966396133306466376633313936
65646361636461386136613561663135666362646264366661653630666434663163636333373462
32306165313531636430313862333835376364623139363763663337313130333565643963383738
33363235373630366631643163313231373335656135393362626431363662306430303461613839
63313165373366653766353539343334353239366131346639363236323135353936333766666136
37376331353836343561323738316661383538623461623237336235316237346337313333316134
37656639356234626435323065363362333764626134353466383239303864303838613732616438
31656339363561636564383938633434313238356135653138343233363333313766373031343166
32633764343235636261646461363366303131396262356530633432393832386133666136353636
36303938653430643266316237313532623731653765343934613634626364383462636331383232
35613334356231316234386636616566353962363039333133366264623735353138326630313537
63303832616337646664373534633432353764663863393935333066623932613364613132383761
63653135343838396462666230353964373930343633396364393365333364626330623564306431
64663939373266663238626333326639313236643034633033623066316534316166666566613163
31633962316330643666383961646439346339656333366232336264323461633563636439386239
31363135393934623763363231626161313131636237336133373334396239636566643962306163
35363631643230653635613461636634643966353863303666613834306439323330306365376461
64313830343036356234656461396636313033643832323834316363343332626434316631383466
64316534393334643732373065616336376637643964303232323536346538363135633131326539
35333233363933623035366265376231356666343435333531383162303565323262643539643839
34336165656665663030616563376336336562616266376363376234343362626238623664363937
66326361316363373633396532656130303764616162636333646138626635646434336164343263
34616539626465313663636461303962633735633064326335343132646533643465626538316136
62343238356666353038633365353435353731343638393033636138393739643638306665623962
34343933643833623334383665623132333939646331393861363536616163623333323634343335
35393536323936353639373730363062653661613634653535393765383636323561343063383966
37303964323733353239666435313865323565306264386262643061343639343763393033613964
64303465663764353963303463396534366262623137353462343565386662613631303835636235
61333833303930663033623930363235396635393162383466326664393666333431306634643335
34336461656436636166663066353234356232323839303161396333366235313331383764613561
39396361613963656666396236356339613039626338633434653631383037663936366435633266
39313863346432336664663065636533376138636162383062643166353161373838653032653366
35343732326137363564333165343036323364626262316530346139343437306332366262383361
65396531646535663066643362623233316132646134343539383366393464643737313531396330
32646366326263366432343161376536306131623037366564346437316162303239323631396464
38393437636437383066623232663231623536396239636239303432313037616531356563396335
63353436356639396631373037313633356430643664613030313837383163656532646135333632
35656432333234323066626463356632376663363735663433363434343361363534353038313433
32663664383034626665653634653832656130323665356239643637306333653663303365643239
39363437663934376432366235306162363366313235373534386264306564396330303164393833
61316139653037666230393464626365353832303462343034666666613363343138393430333834
37353639343831313462346165333834303633653531333862326531303435323764396531383964
35373565613261643533306261633764373339626265306365323332353362636338343937626637
34383035363936303764643266393164656261383833646236353363363533333836623264326439
30396239626135656463646662343863356336393735363838306566646663633130613562373161
33636363656464326536386164663937653365663632386263323639396539663231336261633633
35653232646561613339623235333835616165326238386438613935303136646362336163663639
38616430393463343730376165343034623839633837613661613562643831636637336663346638
36333262653963663636393234613230343539356532633265633064313738366265363237323334
35666231333333336564633461303134333661336436366166326563653432636162306164363538
63623136616338633634623438373536313964383938383737353739323430643830623036343430
62396633346462333465303038336332383562316466353564326164386232376131623339653437
65386437323364316439323461316338396531396265656364356236393036333862383538323531
36643832623061393232366466613165643838316564616165653934623032383338393933303436
65313661383439376431653864353865656332303465653661393934636639313637656166626530
38326265653431303161333866303639303130363931336130316265646538383232623233373132
36313433656635643065363436613936363763343538636638363134623834616161656630343235
65353763373065363862393332653263363461623661393861653361653666383132663637636539
65356332303735373330626261376139333933626266363832636137646465313562366362353964
35306139393461313565323265393465663734653830663935333936316635613938303162326230
33663361646530643232636166663461313333393938646138656563616331353836653031653263
30643332386662393666303936393163386664373165373563653338613362636431316132613735
37373233313763313133363466333466386539633961373461653466653430623636646332376462
64313464333265616361393765653236303731636635343561646135643864663034333936306633
30353731363165393061626432343233646533646338336530613437633933353131373534353435
31353761646334363662393037646436666362663061623332386230386566306635336138653264
66343864623936663834363366306164646465336662323431393362376536396633386364653232
32376265653633346166396637653164636661373864633136356335383735646436303430623235
37316434383562643263356630383761623334613435663665333434383237383037353164666536
39383836323339326439343438353361316461333766353530616134363138366230663762613763
35346239383665316431613936326264656535633633343630306136383231393130633964383330
64343230353336326534626635323031636262363435373565633239636365393666383733353533
33613231303562323763623038363061383030333432383130333430623866646630333563666635
35323765663532363361346230366433373666393366633234333563363462356231386634343561
65376561653839303565313065396662613336613030653135633035653932323832653232623331
34633735393438636536376332396266353933343761633536353337303730323839376637346635
66353339623135313361326330663930653937663233336639326634656361613630333733353766
64376266353131306435396238313565623134356534376462336638633736313363366563353833
36633036623264383637616565366431366635356634366165313161633036393439613532633038
63366434323266326532396164626362643632366234663532666537306665306231303539373630
37376233623331613237333531386538343133656334336463626136323834373330363465363631
62353838663466396131356261663961386661616437316338303961306261353634346136376339
66643965363533343932643537653361336366373235386236303335373130356566333765353266
64623338613966343833316464333437626466303436323839623263353434383635646438306665
32356165323463306139373562643263313834653164363566393962323039363961396639633762
31326132323930393635363934353034316436323934333136343663376536633733633233356538
33626562663765663435353261396333653234623532396562633730613431353164653163346636
31353463613232376638376131363466346537303731653133636333623036343963386530313566
62653833333535663132613565663031623261313335336262396538336162366262393432643466
34396333623932626637346566383563376232383634636136346163643561366464656132333736
38306465383562363866653664303063306238323531376535343232346666396161323263393137
61366366663161333235316166346338653966353265663934626132373265623036646365393665
38646637343461366662363636383330656535653535656434303932636133383263636535336239
61363833633466353263643938643737643266633331363036333939353565623137616538653662
31386131383539303639626564633935633839353032326662653066386536633266353664383430
65383465353233653830646234633338313534363133663038336165353762376234393038366266
34313632643938353132383434343831326463383739376536636662386234356264303537643631
35316239633063633034656334346265623833383536616336363663396430383839633735623837
38316536303531313432346338643366336336656633333663386238663533646135636666366362
31386166343939366635613435306434333035303837346630663634323562353930326463333931
38326137663462363265333835613934666339316166613039383665346232346434366138623831
31303037656237303337663565376463353832613361343261623830353635373739353638396339
34383334636662626134623939663561396131393239373233333534643364323265343662336338
32323131653435353764323837336331373031326338396133306264366132363332646136353231
34303435323363633839356234643431363539633536623033326464316464346539386365376330
35656630303466303362623166663238663965383238326261643331313233336464623866643638
65666665616361326334383563623638346235653331653636623661303136343336333265313833
61306138353338383332663337323965633166646364643638343035623664616536303132343332
65356235646538386363376465383534353166613162393631303639653234343264626638393137
38663463616338663762363632346238666636623238346434613232663232346439376232333033
33633264346636656434313339313763623534383166626536353533303531613933616161366535
30663864323030633338356564303430306536633932656430633962653261666166386261343131
62393439316330336531313664623733326330373632323664666262663936636637303034666334
31336634353162643939626130653736363431333862393265633737333361353839616431353332
64386262323538366163616333363664343634333436616637326563613738373332323435616666
31393464383230303936633365346365313036636364366135303033316632313662333135333765
32306264663337666134396234623265363236316466353866633361333730343732383666363337
38316137643461323337316462303361626435383437313231386437636537646433656137656235
31353862616165373838623363313037313461326135323331366663626138326562343666313563
39616661613532623865663939393339306231666338393035306334643631376566353931626664
30373730653965666635663535623738373830326236303239336438336463353337616131643730
31333235326330363135336466633238323439353131633734336530646562616530663761613834
30663566643437623361633731353939613666366663633465333065326131343361393037353338
34656434653332653236333332353630363637353938643736653262373963373137303162396361
33666336646663393832663637653934633338346361386434653935313633303566306462396133
66383634363932313538643032346662346635376233613865663037343436353137373735656238
32373263643163343262383633613765396362306135373031636137396239636637646533356333
36323138643134623030353735633263386235313337616230633963623833643263383462376533
39363961326166333266646136653537353166623161343430613538383465353733393463356361
32643737653938613737343533666130643133633664323139316233353933373936346437343761
61643733613963616161336232393662636333336336643661373966353332313462663663663533
35353935646634353530366139323130383035633730636439396562306665643938353431366362
65353538353361646533663231353338646164653532303564333531303032306135323130616461
61343134343938653437353437623365316665663334646233383838653462333330643039356630
62336264383065323862633962376362316465656535316233663963653736653834313533623632
61386231613039336335643430386238333731376130313161393463633135383663646563313532
32646661386666666661373239353963323738366630333961343766366533323962343766313036
31623864613766653363646265613361616162353736646566613635396337623139356430393530
30663330326161336137643931346630613430303334616137663361313430333461636332366330
61346333656434313334336463666563653036316561643338666465313138373637616265353236
37373465306236616263646537616633633966383035363036366332373237376130306130666235
33626339623232333465623931616539376261353065656331666237303632666532376336633563
33343734646362643634343934643633653730636661323033636565343836343037666264343439
62633939663966373064636631613363373439643937386132643263396161386138643466326563
36653935656262316535303839303862313139636637333437626234653933636130316131393164
65653962326266393338363261616335343363353030653239643832326637343538326462616331
39623235303664616234653231633238383365333066633233303039306337613831306465376165
34363031366565353730303565373963326539623864396132373331313835393033616232633632
36663030663138656534346366383565323638393161346132343130383033323639663336376363
37386363613035623033386239373864366463623161646133393162366636653263653236356233
34663531363337346162303063336233396262633834343765393239383063386136323839393233
61336437303461616335373962633035616530326530646132616461646435383966333137613166
38613833643162376265363231323131656134653134306666343936336265366233383636633934
39653964326132316464316563346533393765346434393633656539366232396334656431633938
62656332616164643334623765303866363064386461396663396236356132373765313663633636
35663838633562393637353339636134336532363563336332306563613631656636393334313864
37613565653638613135303831303735336665383964373231663065376338343063373538633630
65363237373431363463356362326234313733623364323230303330626432623734613633346464
63383131396636646330663662336666633734656465646331396337373965643439663561356134
62363262313634343363353961633939663861663931653364336333656335616631393465386531
36343439363731306561633965386432396238626663346638666233616566353166333534363366
34353865383461346639393334623434616337666531626466623339336563656266326634313962
34376630633661363032613037373938633434663464613330316563353235633730323533643766
32623563663034373934326437633332303137383939306138336437376661656338643735356631
37396637323265356532636266306635376266353338646264346332643738313832643461363262
33336333346362363833363436363130323635663334663132633439383763633535353637396233
31366636653238666430623638336166663361623164616438386339393965343738373561396630
66653864353935366437363537393562353266663336656237316461663364303430363235636233
33326163366434336131393636313536656365396332343236623836356532376235633861326237
66323164663130626236636363633565386466343366323237366636376635633330623035626462
35656236383164336164343330353535383739343163396663643835316566636433643835343238
33646638303565386533626237376638366134343865316233633437666261323633666564306133
65306532643939656335343732383566643630333732656139373766366266393566356261353962
66363131336365663862616666616362383532323735653136313532616232343036326635353630
66386462366631646337633165356662663464363236646464656131383937343739353238613831
32613230393562316435343866356437616466353564663064656630656634373531613861333465
36636661643334343662626266303762346232653437613332326131316464383863383937663365
37663265306634346239646161316630376235326163613630613563613663363331666236643161
38653832616330396638363864313637646636613864666633383032613531363863333464383230
36346264366636326163393033383731633034326333386234333932393739626335646331633464
34666637383065336664373365346165393863356632643938653137343533383638313831623634
33663634623061313338623764613235303962633537373031653065636465633864393233616362
62396230663363616635373238383365653961343935656433393963653735356463366564396335
31313931326165383566656262316235376537663934373137333265653063353832343531666662
65323735643232633436363336323930353737393437613832376261323932343861373665313664
63326537333932356236333039353239363639656165326166633263313635656438353635623435
66623662363231663536343963333263303565323161653139366166363965343135646633376562
30643362623935363162303038393331353230663339373136636463636435326165653134623039
30323866646130363065613334636566336638396566373831663965636561326666663433356330
38393330663131373034356638343663633765643735356338336633346230323464616132646135
31336265313665356663633235646239653230376231613532613132613765353739396466363339
38626238643862613465323465626464616433383239356362316132643731346664393066623930
38643566656366323365363333663366636435383661623537376230383736623634356332663132
36396464656233396236653931613564653366323862396662383637353865356333323333646261
33336365613865326131326431343363366330393165316230313362666330386233333762623962
37303939376137336364336532393361363463313165636333383961326431393036343038353335
32633436633537393663366432353132316366383334323732666431376432653365363065383133
30366539613933613366363339363835353731313163363133613466303634356162343135663039
63616562666339313133643838653734343030383763616531343131613837393332306436303535
32343537396231623932313665623234626461346630343539623734386635666135386436656437
63653965373765656639646532306631653136613736393166636465383162613538643265386538
32666235663135343065326436343937656365616233336535323663636163633932393166363365
33393963303531313266616534616366373731303261663363306633326661313533653462396133
32626639323634376237336363623765643464616432636261396531653531313862646437306435
61363362663134613232363832346563356664643337323461663766633863376538393463336132
64306362623135316331666230323530626666353838626665393262643963393530376136363266
31346532663662383962663164336562393531633065363034633734336561666432333535653931
39323534316633333362343632363262383665656535616132333532626439616431656431313739
37316637383535613264656535643634346562363830356537396561343064633261336534333939
34326132383734613238633934663831666639346539333230353261393765656166336431333439
65643763626461613832643739346361616465643333343037376437356236616463303461383635
62353832376165616539346163653434376638313135326133643437356131636464646535623965
32393534623638353332663864333534396161353164663931333434363462303136613163656336
39376636376661623235393164326262656630326131336364356632343735616438333131633164
61383133316366323263623664396533386561326561333832363838343432303363626264653964
33373334393331653434626666653365643634656330633033333665353464313462376531646130
33366332333539353139666432316462343535323134353332666132663332653164663164643135
32386231636438636431646266623737373035653332623162336235366364373034643431333830
35623139666236343630343464303530636531366466666132643762396265386561643737373831
39633939396433366337613539636361383032646339333434653031333032323864333036376639
35666636633138646632303166636638303537313035663233326461316263633438663236393233
32616262373333623965343837376532663433343765656430616566623139386535343262623031
65333637313733346365663731623932666438633731313062373135363237626234303466343432
36376134323132386438356462666233363531613330363862623030343366366366333363373838
33326531313263356535613338393631353364353864366636326563643563396634643732353031
33643934666334353034366566636433386638343461346262383230363065383466306235653631
64346433653538646330383930343232616336323865663262653235386533613931323735333666
30653930396162646435373339393136386430633264353264333434303934633664623536303535
61343861633962353034393332636661396337366330376161303161656561346430336533393337
62353138643065383062353039343439376665666330396231663364626230613634396266393965
39663466373962353033636132643465396664663361343333316664373266373631306534376435
30313338346163393038626164356134376161373030386265373434363539376462646261303231
63373664343062663032626433383735613461643532303130303461643662333237383265326365
36393365666435303438666662303631666536363233663539333630636130623735396361363137
37333830313838376137613863356138633731376636313035333639306265373830623538343737
63396434363666336538613935326537636463343733663462623331663431376330353434303764
62386537373663306666663264366133633966346132343363353834333234323239353763363533
37306231303838383639353233303066346239636239313234633162656631313862343365373730
64383030323335336334363164313537316234353634353030383561623030653863613330326134
37643266373931613065373639653930373330626264336535343133383462386335633238303130
37386164326166373333346235306461623939643663353364626364663465343932613865353933
65646638666137396231303765363331393065366262343964623835663833333635653534326364
63346534383737396534626234363639366431643466393963316332343431356439636336616331
63313063636336633931306338373966326561323861383764613031383135636439336139336531
63336234326430373435366334393765626164343839393733326234336462326136306263366133
66643962393530366138633031646362653761326637613438313736666338313837386262633032
63613439386566353831646239653361636333323764633030373066633835633161366535613565
30373238663261346265393163646339353665646432313431376565666239333939626235393063
66366130663765343830356136643831343834353262323061653366653733623064373935346236
37623038616637333964666331396663636638373662633664653339623431313965616436663666
61353564326431313965323566313438643732353538623766646530306165626138383634353566
61663732363235303735313635613061336435323639303663643537633461313634366363633439
34333831623137636130363937633962326564383236333830396131663766623934366238613734
32363065303862663964343062306432666665366538373362626232386364653562383564303531
65663363333433616330306634323463333232623934646638643336346539663164616263663366
32643134623034356637393263336262656235653766346530623762333638346633383137633334
31333565663162663462386335393963313432373733656164313035353266643836386466303333
64646237376364373230313464353531643634323638353439303666313234353036343932643533
63663333346332636462356438316263363939653063636363633661386535336536386437653734
64656562396631613765343061343433333839363938306530616662383634646531363232383765
65303664396333343863643132346665333861393036656361656230643136316132343637633232
30303930646234313133346139376534643135383832396164336263633836633039316634363232
35356563616463666639643336653036643364373237653666326564393866393930306533636638
34616437363436393964613736376132356361373930323636353137626538656635363362613833
32373663313933366566333636323933353734656333363063666163663030323765316465663632
64333763613662623137396430346231663238323832386338373630336662343738366333373338
35383638646561393132333331653863343764633832613662636537613132386237363239656265
65646662316163316362393838393962626438373734343364666264353731613135623135366563
35643037333231313061393865643666336564346132376365313663383732633562363861396138
34393432306466396366396630633962653965306536336666323432326165336364343238346162
66363763666232376164633464306333613261633266633764643862346230363739366161643465
37323339366464613465626136363638346334376230363731353261626436393431623161343966
30373366373634366538613738333931353932363835396431376262323762333939373063643035
31346131373466316462656261363466353764653836373763646338333963633739613165313063
38633334333839303363613431313731353366643434316531373365303937303631663430326439
34356366363661613466643231326131653964636464613539303563343437356334333939383333
37346165313766653138376237343336383837346338666637313165633835623137326565396462
37336430333665313039363632636465373835633636326637366661336338633331323133666464
36613132366637313934376535343361363235313565353033393338616431656239303732376439
39316162376261613464303037346664303730336139333739643138333838386532653962643561
35353763323761646635376533623736633464356238663463303334396533326538643466303739
30643132303862626561303062636562343666643032376662663230383732323638356366643464
65343736653661656638633765396433616637343832653139666436363236306332346463623964
36303230616436306631373236363835633335313439646230306231303062386661633839343730
37303262316464326338643534356666333166363661306233333639613064653064323663353061
33633635646435323239623736623838383833366664663961666436376366303433323064633961
61306430623962323732393635333237393366616237363437663363363430343535643838353433
64343134653534323538616434383964363864373065616466383666383437376662623536653332
30323762303531353434613137323261623237653839313865333233313466313637396164633639
65306530306531366562616638333730613736343432313839326439313334663234316265343363
61373035633534646635353138323930303861346132356365363562346136396634313866666464
39643235663638633139396136623165306132363635366663353736303561616461373536643433
33396437656632353766623034653163636631626536643732353336343163623038643730386231
36373364656633396330346335313363343032633162613432356564386331623062386563653832
61366462326439626161316530656536373832643336666565323066613765343366316137626438
31343238393638633061303333326134653538313232633265616162326261343861656138633464
33633862326236336362346239343937333430316337326662666363653137333836666163323538
64386637656333303832336139356564363436653132363437343337373933366437363831326561
66383162616361363361306563383965643930623861373633323230306662323735663636623434
64633235653739363762303163656433336365633139613436343334633435386363333230346663
62653035303437373534663336663461653134313166386364616531656532613034613866346136
66646231346263366135346331383533343431346636616232633238383431366639613962633134
62613737643966613538393162336462343263663037373565623862363239303131373033653839
32376438343733376237613263313337643932323766653136306262373065333632343135303930
63393138353161323339363333303162613432356232306137393166626439376638636136663665
39663737393566643337346531353266626236303365366265633262656239613831386537316462
64366362613131343039643666336362343662666538623439343765333634646234316562306233
36646165393236663361323333373637383764326231333337623332363436383263636261666565
31333831653236393034373135363139316432393835313863613530383839333364633663616665
33323332306531363330353531653933623266616436356162363632623861326430646434383736
37626661613134656632636237363834643866323364383262306230383533366332636433663864
39353065323836636239396431623634646431323762666166336464313530303934383862613537
34663732623832653638393262373839316162326636383162663738346633303933383364656662
33373039383363643631306266346266656132343031616539393931313739366138373535396236
66343433396261636563363264386438333464353537386563656637373533303834346239393933
34306363316661616633346639353336383966613763306561393032626633363536363935636463
64366664343365636438303235343961633333303635366263326130623263363639623762346635
33663935616338653962333837663233316134633330616232653237386137353462336138343161
35636539613165323334343231653239383636626264396135356638323364366231643565353536
30366438663362323836303633313035636433313136633133343033643263353864383963636534
65633034383130336233313831333632326165373530616663636630333031383265356138636561
36306331366463343939336661313963376563313463633963356533643762356139333761323635
35663632333332623637666534646662623836393163636138636364353939626433626439666631
62353266313832666437323163323362633839306639353438323732643761616437386363613837
37666135396262303462386661623131663039336436393738303666623366613861353536353038
33653165653537323466333539366438393961373333353162303738323231313237333866386537
62373665646536336439323532333065393832376134336366326536613265643636396536316338
62643164356132366636616236613935373037656163306431613963333434303435666438626362
35656135323732633139353638326435383665356565666466666664366665313764623761613834
38396662663431396533373330363835323863623430396665383565323734356231313134633466
35373439373432376531373335373637633032313761376236363836363436633564623031653135
61386132663336626133666365663531363165616464666539613233393664656262303036326130
63616262343232613936343861343231623034643433636130313266613863643030303132663634
64633534623466353735386431616434636133366435613161373462613064353235626433333839
61353535356562343739366634323765356139633931646363376334353934373536613638393532
30633866653435636661346365663230363737663537303039663431313162356630336132633066
61643034623464316661343337666431653037373835366439336631613161393631313534306338
39393338646462656661396263323939353132353732626339393466643932623663386364323637
63306162326366303166636466663663613730336135623938626230346234616532643066343430
31323037366430386633363263393461353366393566393632636365303238623931333334643135
62643262363332346531633838653864313961376531333534313738656563643132626231633534
34326562363561613865636434353332383036393031623638353536626231373135336538636365
31636630326461323130316430613466616235666331396236666432643931373831373466633538
34626461653831653461346163663338306234353634303965643538326439333765636264666330
38313966303364343133356633626161323064616361326236353831636233623964636235313064
33333031613665636261623432333532326562383763366234353736303133316564643530613339
32346661346532613265343432336337383839623830613064363165366139646333316332356265
61393737356265303030663739373661663237653638613666666435623339346330633232393865
30353337346235356238346265646639393364323935653533393937373832663939303231383239
63356565343363343233326437623239373065393164616136323639333033393334626634363938
35613536633037623961636662303739373839633830396236353639613835633664613130396432
62643730306263366336643239396137333031636438643737636235373832323266386662313035
31636238623265636439316138353034666339623635326234613662633964363262656662383938
65303332663334303837306264323732646461636464383732653235653564613634333161356364
34353962366665303165363965626531323832306630626533613239613864653631396364323834
35373534313232396330326435333338363533303631613134386465303635373764373664386463
39343565353765306363623263343963636466326466343466306664313436656561333033646630
32613531383133313432383464386536343339383836373030313337366335373763626264313561
33323738326538366632616434373462333863393164303732666165663662633738333238666466
64356632656163646366613762666362313761393932353665656637316133643030646461333130
36386536323833326363363266613764333739616335383332306563366461336133623164383639
64363864666564373665393137343535653737386530393132643233313838313332333637616466
34616463303362303437363363343535643464623437323765626535306164383531333837656434
63316131666662633335636665623539356234643763356262353533333938343037343835373132
63353131613730393433336262633436633462323061633238323334326165383062326265353361
35353137323565643830313339643235623731613364323434393635303935626534313862343138
30333932636232333862343566373665386336386637383663656134363430343161623737316438
62396463336239366264366530323363663031636461613039393663653663373038633961613564
61393765303234353930663733626137373464386330656431613031333730386439323735313732
36653137386530363761373762323537353964666630343330616266353836633737346636313335
63323731666162653562333131653336303834373162636438333763613232613632386564663465
39663535663462656461356163303862303164333039663139653836393635666236343239303335
30623634356531613630656439343131663662396439303330386564623938363939623030323634
63353932356662363265356632653365366464353833633961333363333339656537646363613435
30393732306663343365306437353465356363396536626636646261356434616365393937366363
66363561633837333162643331396662616334343038613239643561626137633336376536616634
62313333663336343763343539313030323738303139616330336135626437656561353631383931
33373736396539336462656436626262613063653835386436313635326164646533343332396366
32363062623231376539343061333635623166376266333434383939376137663938653663306261
39623764383632393361653332333065303138303862633834613732643365383735383136623235
34386131346461303861323266633064373862396139656264303566653364636435356139323034
62313264633837663336313736343564376436363262333838343036373136376365356532393963
30316537623933303032373936666237633833333464653637396236393839323632303661633363
34613361363466643833653436636535643762376366333631373831393333353234353166326631
38306563366230633134343265643839613563326164396537663062353732313665336537646666
33663663623766356363323130353735626565303032363363623334633065656432373665393239
65656638306663613262656334656331653065303035643130313536363561396230353338623634
36613063353330643661343666383566383766656634616239636562323962343737653935316630
36643464613262383730393439323466646339613664643262346432326332636231316138333630
65373564383665623963393831333561653961346134366239303733346333336464303034363039
38646333323031353364656632643634373838656133363136656439323330303662323066326465
66356233363266356164626163363533633962333630306531393338373537663935623963373635
33663430313335353630393039333066396337316639333139363765643335646162333161646465
62363637373634316166396665633938386539626635643836353562663837376466653636316639
31393462626438313734613961393464376331393038663734383931663063633732366135373831
37356338333631303636656439323065386231633565386364653263656161383465626535366239
34636339653431656562393233326663623637303964663436623766646664343962303837366431
35353765353834376533666165316631653834313830616666373630373931383636633237396234
65616336653665353462623139393330623462363639306534653634393935373664353937346161
66313833316630366330653236613732643230376231373338643438643066626237333836366262
39356362363334626365393439623465326462613032313764623064393166336237613965343565
62636565666463353364633861353238343739366139386536343936393237636237636365346137
63626461303861346439343764663633306661656365363830323864353266393438343166373830
66373163326263356264393564623332363238363261393463316661316537396365353066333339
63323931383562613630363466646539666239363833386261326433353234663332616261313063
65643736356533663336313234626463306239393431656535636564376332373730353736623137
66303339663035306461623739646138643936303166353362666137373862633864313164393135
65643361666535343332646266343565363535356633333862663133373662363338326232633463
33373035333232666261313566326434623730656463633638353130336563376637396139613064
30626234383339396563346337393765363633613662623265366461303037353162623832613336
38333737653765383232613462343631623833386637363833333031353566636333643739373937
66626664636136316136353763633934646362323938396161653737633563663731393933643661
33306434333939323061303336653863646332623734326338643963323464636464626332636230
35613037613364346264356165613535353164656638643735353534643263353337363363303562
35633137303432633664363663393132313437306461656237636131326239353562326331363735
30393431393066363634376432316133633661626565613833346137336236356431333966616163
35376562376133366330616436643562313761396266373437343435353439643330613431623463
63303464646534383239303339373861623831333030633365353933336131663061363939303066
31613033663531393266306333383632393865303965663932656362613839346464663864623337
64303736343135393161303936396239363335363830383561383264616431646134633932633838
30393362363333323564623239636130303530646235666637366434356530376339353964386431
62643864643336303538346266313439356464356231373638613336323466643066333636393031
62663863313530653665313130663339356561653937323864623363616439356430336639336631
66323265653162666434343035663534343634643937333865353533373837613533373835353735
35363263306564363465303435336434323063656433393834386632323261396366316438336462
61313763626435306163386461343034333062366536313662393364326661316566653861623366
39653939303838303638623766626530303236633965623034626266326533326561356562653764
34343364616634333262356463303864626232633263373439653863666233376464383137636162
31663335373766346539623836393165386636363532633638386165356239393636666365616333
32383836366134393332353862326235656333633136636462393339303734656564626531393064
36373730343964633239336562366535336662616164346231363763393630356462633161633266
31313863653566626332366232386463613635653135636232643931623662646263333636626333
66306132633239373139626431356635333935376332306137633733663036356535366465623762
38646339613364323330373363336665633838393331386662626233386665613334633333616234
32613530613533623766373035363465396333363533653830316233393334383037353536626239
63656461316630636464363266366433366464323833373137623736336632623531363431323037
38346435336536666464323161366635316137373864613361636466373634396531353166303366
35356166333062343432343265613234366631356231613635626465313132376634363030373062
38363135633431323062353936363837633136656631393965363463663535383136326435646634
66613335396336303862306565313530353865633833356666376332386161353137613339643439
35646563373661656462636562376463363764623762373034336335303537386632336137663063
39336339316265306138613738333164393335656530626533363137333830323733636665326232
34343634316539356238613166613839666233373238633965636634306132616337656365393838
35383065313738663139313865626230656135646266333635336237363065626431306336323363
66343636303236303663306336643861623163306131393938343936643737616131646234626433
38303034636630303261663032626365643666343630343637616665646538313738636232623431
33626164376337663230336134343439633633646261636430373763323631323161336462396630
32356234326330613966333963333030343037333330636566393930356339386239323265356534
31323065303935666438336530383234363933393164386437613630643837326663663335653637
65326164303036373563326361343131313832343365386463346266306434616337633236396362
37396464393831306366393336313164396363666137396235316564303663656632666430636562
35333233376138646335656361383231386634623133363665663436386664353665636262356433
36333634336566616561646639656135623838653037623233623930383562633238376339663131
38356338633738613263623166383535326536336136383735323362333865636338663261373137
36333063616265363338613935643035383566336533323937646266633462333837303632623532
35613533346333396131366564306362306161636366343039636338316637623330656538313566
63333064303133343838303633643162653233316663353034656166353937646335623666623139
31643136653834333431373662636331333337333237616131306436303838383238656632663662
63306165326133313732386362333437366562323737616634373836313631623139623834366139
32343337626463633432343764323461666634663938616635313939646533616362663033313936
66306335303134663230343232363637313832353563303338353733306539646331363762383634
31386564653335643865656234313632626665363766333962303537323066613531663130393061
65303632326466353332323264393234613334626465396135383030623066383532613538303262
33616662333464353565303763626661383835336163356532656261616361326463316162356639
30363164343765323262336539323366386164363561313061666434383239383132393861316266
35666435646235383039633662333261393461393964303739376437326136623162663132366533
31656138623865363661626431616166306237303038323066653831366566313964343863346532
36306166323163303737663637383730623161663538313733663337333433663637323631643733
32373964653861363837333661346262626535383266386533653733643035306265393539343538
61306139663437646532663939356137646232383934383261616532303339663964373337373533
65336232343461656133646537333065343234373936303535643437313230343438366162353866
33386332623565373838346435623632663764373330396638396564373035353265376165633932
34363333646133643535306261343737623038323631393963316330613930303232326361316633
64666131343430303161343638643130306164663362346633306237393032393937306138316665
61393231623164323963326535613332363631616664666236656636386533646333393261366532
30616230616666303839653833373965613261353664303936323037623534373863353965326462
30613839323833653864386237633164346464333638323135616633303862626262363438626666
65626262346631393935656562343764613434616364613161666230326665393538353632336566
32656133386166306662303564636136663638366462386663643338646636303062363861666265
36356565373833316166626566306430623761346536306632376562376662613532653866343037
36363865613930313038333566663733376239383734646232613835313635356236613433303464
66663231626662623462656166313263613663376264643330613735383337383130653231373935
39376364326632386165653962643566643365386565633733343130663634353534623230616336
65616639383464343634356239636263303737363865626138316365653338336365323339616239
37313963646230396437386632333865363639346130313033643139303435323866343631333234
33313339323861613430383834333063393332626263633566386238346439663162313838356336
39613733366231313963336366396464396336623064666663366264373935343837333238373732
61623039346133303964333630356139653438336435313337393636303265373936653462303231
66643761316337346436616166666536393066383432646236343633663635643033306432303033
35306662616238666563393664336430323839666362646437343430353965343032396533663561
30396231343836363032356364643564366365366539303438666565346435323864333337343735
39326136646237626336336238653237343139323135643334633237376339383837393562383637
62646362393539393932366239323037623039643336356462363861333234373534386434316566
32333732623162356263646538343665326330646466356362616139313363313037656337323438
39666563396361353766666630663637653230663562653635623764323766316662383162323134
39373430333966343132636331373732643936653338336432666565303136323663333061626364
61353037326364316666343761656532396535623630393865383637303965653530633364383864
35633839313232366266623365333339306635363266646238383238366164636436666238383034
63326663666137646632303162643637343833386437343361303333353438396662333764633362
33653666323066363933363635306231376536653637303966326136656538383961343063313431
38383636363836666363336464386563306238326137333438656338633433643963663432333036
61626537656133623032323631396336386432356161393061376263313766306435643533333735
65343233383834613363353436663533326561663539326664616536313531646661366433373965
34336635343963316631376134333163353466663962393635346237373761326239663138363437
30393336613561653533663537383132393439333665343130656532313030343964386230376461
36333134366539303639313430333435376631316465643931353839646136616436386439396331
30663765393739323461316265363461326436623136353832313132656663656338303534373861
33663239303731346639643061636562333762386539646437333731313037613066383961303461
31653363326564646166353136303838313836623063653365353337376436316333616665353630
62383732656361646437666530633038613734386265623137353562333233336662343438326565
65613733633964373539633963363438363231373666656335333530316166346266336135346163
61333534396330376561316465653036613631313336353961663935623236663934616630313237
38623139303065373432633864356563313234303566376561323334666137323863623631643563
36363531356630613338303936626332646539626636356232303234303366373632363437353736
30386462373635363137366532666537333730663739313334356336343039343138323635633863
64633131363435393437336163383065633634653330616639343961373836336339633335323331
63393931633538373261623838313238333133663439306261363239396539393039633936643064
38663733343238326661613463313637313438323038363633336434643966323934633931616530
31323238343862396462316432633765346330333435663131633134623363323166353634643764
32366266656139663530393336353837616231663661323436643638303864623062323163336230
64393834623763396464373134653965616538373537616363633836303339636661353036653838
38393638306462613366656134396165343534383531366335373964303235316536326433636263
30366364613932656631376136653631616430633638316331306465626430353365653965303734
36663935636466346531663934363863393662643763623039323539343133636637646336653538
38623133343531626662643735646465343965643431393065346635653534656561326163626438
38626233356339643233613034616336303963303936333630373462623562376365303466366539
32613365613536616261376536636138393936653034396238336561306536613332636332633430
35346166396161313465613537633434333332383234643738313339666466393132643633363035
30366136633338306235616466313830396330626237343366613962356466616162623165663631
64333966646336646231633064313439303065306161333763353337393732633335623965666230
64396237386332316332383332353461663263393331626634376433346263633832383333646332
62373166383864373236313631613235666463333732363837623363323530353263653565633732
63316332653162373632386164343663303838626237386231643337383265613763353537313165
35393865306166656638653337656365376363333964306561386463303932333166353163346435
33653939663435396334623236383337383238386163336266303332313034356565386530663937
34643137313136656130643262346164343861316436623836376434623462626137383238626133
38623564386535656530363732663433653236353063333436323630303261633435623038626137
65363066633834346563366337646435303466336231316234303265363366326132383730393964
38316537313239643263316433303432386466623063353465393237663166363131303636313463
66633961376334333735303066386165636465363632666266383464636462303662653339323831
63303836383034376661343537336634343932363933393166356166303665306238366366376463
62653135616237343635366430326432393036326436653833373761636232333462626233366536
64646439646335633166393738316662356337333633373234613537376464636336616461663732
37313066646463363436616466656565353062636566386632666230313432376136613035363833
66386130623662633663373230653166383237313165396538363330636239363438643361363862
36333838393637663962306533616536343164353064383162373164336564326665643431356531
64643033333131626236303636633766363231303031616365383532303932346137386535343239
38393563306431633536346136343164316265313331633633333835643032303164386566393431
65616565613166353266643334393361333530333530366162383534633430393866303237316330
62623263623665643634383665636561623039396438636166613439373638363833396632636266
37633266326663336433376566343435363438626136656433353339373866336536633664313566
35386433383731346564323736333430366361353266626661616365363631363266363266393365
34643531663161353364346238383061666334323239626231333564653966656537616264356236
66623630343238313133386562643238346130373737396235653732653164323165383263663166
30376532616337303031356563346233313835343933373234303332346238633435343938666633
31353234653930356439306236343865313539333866653534623430313961396264346665376666
64383039316434663061643162613932373232616162636330336431323934346365333434343636
62646366623030383761356438353031616261343166353230313861646363626261616561623365
39373965663630633964343337316633343162653338303866623061356435643135373038383335
35663662353666353263626264323162396462323866383335653564656262396464393833663835
32363139323434643939376439306262616465643866623435633337313331613139646335393939
30393164626436393038616632393330363436383766333363623632376431336638343532376137
61383630663531353130633033653836333962336334316439336364396230653864616666366433
62636231333831326135666131323534636662356462363161333736633334353435633666613139
36646339336362373965363431313465386363336236626465633631636630386630353932643162
32633930336537356437343936393637613736346463633537313063386631666465393065346337
37633465353732373463623965353664663764373932653163666631323636653661656566663430
31313935626134626230626639653331653061613239623164363934656665343062316531383231
36373964666666333961646261343839636465616435653435393966363433646663643765383737
61326235363966616636353430663734313365626430383335333435613163616136623762316662
34633161363665613636313239343435323638396534363734366262336263346637346434393961
39373135633730663739303935343364613833366633616339306366353434633139356332323033
63323732313264363561353663623336613332346132313864323739323164336564643330343338
38623339303931343830336131393337326163313038326235313939306163663239336331323632
65613164623362626161613863643738393466306365616437613236393337316532613332336633
39396261343835643665636332356231383565663037656631643366633465656630666262393336
66353662393738316136366264323962306431623231313830346162366662396334663563646562
62346466666662623331386330363433386139336331376566383237313935396634303961623763
65356163643661393830396332313931633235653832363439363661373731303063616130323464
62616261613034373131376435356262633561336132663565306537356138643533626137653463
39313162336539613637353939313364373430343734633064346362336135306635366330343163
39373434613966343465316138306163373763396632616138306536356266396638383866616565
63383632663662336532653530653963623530363363303264386434623433383432303532323865
33646531306561373365306637353532643066346538333363343937666464643135396364396633
63303530393134333736366635316336316332393131303865613232316237306234653831303234
34333037373935663939636131633036386463366131393962393834393962653635373261383135
37303361646634653132383961643462313633366433383833636133366133393832343237373730
34636665316333326630343636626539316164333936383761633739666162313464346337386630
34633962616263376334653932396538653233613265373634633434343231623033376661646138
38313532373864356462303033366463326633393331333235373133646161383834363335626361
34646336613565333935303263313665336136643861346163316531393837663338643233363738
33303939616663356262366262643632636534656635356438613131323030636537373236333834
61373863343132623934333036353331623062643761653937353833646331333965376137613839
36336238623037623631616333303962623831636461393338383462623836633761333031633932
30353735356433653565376166656565386635393131353462616330643732666565363634666463
63653334353837363731363831316363613331356536613463386234323463653662326462326461
63643431383364393530393539353461613939646231336337393436383764373365383237333664
33343931383333343634656330396231633064343836313663346433363033363537323636396464
39666166306132656666356639313261363863353864326161373236666363656563306634643664
33663862666636666432333762303063663434313933663931363838636634393339343634363736
66363136323831353066373932663366323234316263613834366636393337366565393330663866
64313637383533623938383864333538356631313232643963376130306235666565333832306361
37646432363336316238343732356238353132333733326366396136653330356362376536646534
65626134616336616538356466393930623036383463353832306363313130616435653136323362
63633461303330316534623264393862646431636533313539376332366363323461646362653535
37336437626536643463613462613334633264356536616161383336336335326131663565613266
38353062326536326235633335383933363731636139653336393539633164396465346433366139
63633335386431653134346261343832633066613833383564373666613737666662353064396566
64336533353533356463343664353539376563653534376563356439333965353265373237353564
34316535633737643861336163643632633930303364376163356661616231326437353136363836
32313031313534393965396632626130356462333538643866636564396432633263663261343635
63323730336562396232386164376135323838643161333432343664383462306262623966316666
31363166333563323231633338303532643639303838303239613536306438663436626435386333
38626639313465653638313964336239393534653566346437616466313939636237323665323732
35316135616433643132326663613966363937363537363735363037623031373137306262633132
33323134653137373130333862373961376665356162376465633465323135656564396265353061
36373539363030663133623737636539383737326261623433383765396439393138386230346162
62383461643861636261666436636437313065343163303334343337393331393863373164336364
31366238633562356532363730636132353337316332306463633166343539633231383430663762
39303134326434383565643862653761366361306661323835393730386335326336376461646530
33373632633365363232323334626638666164633130373830616362376639316636323863376233
35373835623032643637663737356535323662333061353832376239386631343730336139336238
34313437316330343139356137363362663264653663616436636263656130646164666366663964
39623733613163363737633333636331643863613831303162663433623637646264643032316636
38653833633034313039643762393031376663306435636434616466636234333937346264363330
33386663346535346261303562363062356565303431613865366535643464363230333135643735
34313031646566323231393038343161653534316537363231356364343231323666383138633139
66636432343539636465653833386161383561316365353837383035306234326133656239333536
62393739363164666231323139373661373839363265656532613666336139333230396661326239
64313438316164633037393237373166373732616533303433633435363137306337306566326332
65663361303135346532663861623033623962656630326139306436393165633435613866616436
36356661386631613039616331623235373232626630363838323430323033393037366331383438
63613238633935666666396664623635306137356461663733323134343230323130653930353261
66663065363630353030363466316435343065376562646264393932643132643633626266343434
30616131326265333863656334303966663337616430333539376664666363303530666336653363
66336166373464613764336130386337313434353366313366323830306566333264313534303238
39356166626433326663646162623334303237303439343937623833623838353531373230333238
37393164663334313634313632393834643538303332383262656538396634643164623132363966
39316137653030363536326566366639663963323238323434613764613561323766663263323536
35303365653134613831653135396161653634393635363930363633373836386631616439643938
33303531313936323464346238393933393266663337616633383563303164373063623563386439
36623563333036663538366337366362303931626464366432353532653633366161626338626566
31333732373639373233613061343831333134396662653064393065386538633737393836316134
34303933376239363162613738383563373230656339333333366263316262306435353262383464
63316235653931346136626539633538346135613138323631323964653332623130363662663932
31353865643436376238373864346261356239633730303563353965373731363636323661306239
61646334633563656538666462626135393032316132623761323739643732613233353637373065
64666636616135333763653538393431313963326662363034653866363063633738373566663935
30393535356335346535313164373839316338303830616539363534646635306534356535393932
38313931613664653536303664633331323766613064653133626332653632393737613930393461
62666166366638313532396336366639613336323635666133626664303737343338333534376666
30303362303935303833343664336538663361346132313966313761363436376531633834363639
35656630633536636163633535653734373363306435656434323937373234623533636162663065
34396139643066376265656264616464626638626630656637383162653938366466326365333832
66353531353034383936613863613364336136306434623431306131663832373665323866313239
62646364343462353631376561313666393566643039333061303735306331376661383830336561
37343331306365336365663362343539626138323432383332613162383631643263656439393535
65353364643233643538636630303137623933333231316666666531643635313438363765303261
34616565333235626164666330636232393665366531323765366532643436373431373930323938
37633531353532353165303637646262616537336333653039386636333937313062396337656239
34633638303165663234646338313163613130306262663430396466316362313162636438613962
32386238316537626338303961313138316330366563313433383564313637306431323365636165
63656232316338623330643539613437353638623435373430336232336336396633383538303363
65626138363536613039333030323864616234663865306334353834663463343961336538306161
38343237333366366664323264376662613331363033326161326564646564333635373064636232
63373232336539616233386639663466316665616538343261343434346636313866373065643833
34303838613630386438336134326230623433643963363164376137383434353238653135613136
30306134353438303733633734373663303666653365633937376333383237353461396462333131
31626564373562343332363064613365386266616633313332616138396262643132393634373363
35343466323539333531326664633662336135383964376663393062393764386438643538643235
64353733613962313638373266613365663035333135613631336662313131623038373265626661
64363035376431373665393662343265363631373935633433653338626466666161366438646237
63353466313462303463636638346463346639626537356531636362353432356234663464373837
38643862383961363930373062323966333037323135323862633863613336343136613238353163
38336136356465303632353463326164333038623866343337663339383733376163613732333536
63326562353563393761383837643463306563356330373766353331626263373734613733323832
31323461363339303762323334343637383564653336366462396535353236373435333332353236
61616262643263336339653639653762306339383163393137393238313137383463656563333330
35333966633531323262633332326338633266633431333538383638636235393163383732373530
65323737373832346133393664663066636165326633633337623635666163326334346239356234
35623963633936376133633735643730383662306166386164373132326230333336383865323633
36663265616466613035633330346533316136633264303935363834613562353836363332373663
35656636373838623430633938313032646138663731376332643732663563643837303239336363
66656531663139366437666638303331643633626366303630313365393863363662363561643832
39316331333262653832353562323864636266636461306465393637336465313038306165373031
37393765393863613537326239393230386163303265643337396561363238643131336161333062
61633766633137383263363564646465333663393765316664396632393366306337613536333532
63656234323066386364306566333362363864666238343963326562356134663164613130633034
31346434623766333565383634656265383236666231636530346161336561633835363937333930
64386565356332656166623965373231343161666538643866383437623235316366316662396366
31306666366434366365623264646636373739616366623234333333366130313836393439646265
38396162626361633066386235633765393666663436383730623361653232333830656539616232
61643566633761373434663739316466373333626632353833303234346166313363633731306331
37373535366431383533373366663930306134373332346437363833313536636261303633386362
31633630373237373431336538616239663862353165366132386435393362393330333032333232
31303562373566626638623439303066663265373862643465343739366438323531656237336165
62363030623939633831663965666665346561323761383333643138353134653835663836623366
33653866666566396261616636666664316234326330333637306631326138613466333365323566
63396533373066366262663334343834316137366233396632343432303637666262653265326135
34313235373738366364323031353536623234363236393166383632383162323963396532623366
66613338626262626633393961663364363032613137313130623731636365356633333862653530
32303732363162303062316537386630326565393936363131383236353034343739353436333034
62336365333362656630656433396238303534663863313339313066623334356661316632666439
62386537386239623731666663396633346330643836306533323035356663376631373766633531
35313639346634623162626431343635336265363863336361386565613534663432623532396337
63306337303161393132353561333139393932386366653161323962326164303934666335303934
64353866643539313138316232643763356363356436386331316334336538326566373532653538
61306230666237356236626439643433323636386461316462306233303466636331663138303337
34366435366536386235323436343137663063326363636630386638396433343764353831313335
33393438643838373730336665313035353135303330643065313238386130326261663265383433
38363761343131336235343664336533303463656637623662323132376639336634666330343166
39333535656561363738333036356662623334323061313833323632343962313162313235363738
38633065343761616235383166643366613034623635366130363830613930303836353066613432
30383332303335336435383831383265653234646165396433336432343734616331396362313830
64626537396433613630333464393034633264616566346233366163616261333232653766643034
62333235626531366262643735333238386135356336353036363462383038386435626530343536
66653466316535316366616364626262643830643961646561346131303566383034656365653761
35346235633136376338353439313439326434363831353538396132613538636136663237663238
66613030346165383433653466386535323862623266363466326130336165333332326233303136
37346139656466353538336232313839643739376162623764313937383530663037346336363330
36613066656566363632333239626464633036343665643339663031653766303630336364383065
31623532333636663039623139373863636638666239326438646334393333636131356433383736
33316632643061343163373439383839396563643566613931363238336135656665366535353964
66376262343362373836373830346561306333326266396261653830383062346263623938633565
62323062383538363533376165343637656634393538656232343432396333343862323464303361
31343466626635366230633833663035633136633264373962663835383431383530343536396136
65643663343830666539653931383065653662626234646332656364336361303230663661313463
34373639393766623666623465343332616466313532306663376264323435666362303663363866
64393536613664343935656264393339393834643165373466363733333732663166613661323862
34393930663366663033363533373363356438363636646265376264636130306663666661363963
35303962653937333130653037626132656131616638613537326239376234646266646366323063
32396638643330376138656664323335333664306238643835656463306537363966613261393439
63653733633664656436306263386635343761383538616437346466386634336538373330376362
39323038386332636265353362633631633466363366343366313862303732316263313637626531
63653463323132653239393264333861366464333738313264663261383835383735613135316262
35663530653163343765656565326435643463353031383166393363336632616161333635343262
38333565663563643538633138613239343762313631653463643562613533393432666134346537
38326530393166303232363265666366333939636263383530313638386431663235323039666235
36613862646339346664663566303363366261356530373731613236306561326231616432613065
63333162613530653266393564333961333732623963613763613631656637653039643939613337
65323765303266303936666535646466383539303737616638323063313465346339366139663361
33373563323661366164313530656238363766373230356436373462666434656361383763363430
35376366373564333064656362313631373865323637386534653961633438303864313335643463
32623661306265653535383761636364613037353766356361313661393030666166306130613465
38643963313236393733353535343961633662633266363766393161643632643166306261346265
66633538333730343137343036396138656337333631316266323631383837626339353464316366
38626339666532636662333233623262326231313431376362326432376465646466393966666262
61376231303466633230393566323236306234616136336563373463303137373530333930626438
37313062343962343134393463323861613636633636313462303065636136383966646161653465
32636635623838306562613863613466653734383466653165333539626235346562383436633033
65393566313763663463656537613535393932613066383632336339653634356334336333623130
61666331356335363865623630636135663634323535326335313731373336376132306431386162
36623831303261393138366637666631613234343734323032646136393161663064333830616131
63623166366362646365613238366664306335616535313939316265643130383835613130653532
33656335633566373037386535636632386236643433666339396537346161303438633533333237
33633937623830633366363363383031666438356230363732363436373337363961616162333837
63333033623432363262323632343964393231303732316130663235383330373065316338366337
35383164333738643965623339323532313861313063316566653766663631343365323031366635
63633739623462623236353033633135363736326138373630383637653933363961323336396431
64643565366136633762626436613431646436313763623231333239333839306138353432653166
36616361393430626538653432326138373766663532363033396166383032316134376266613937
39346239326230646565326465383539626666306135346438633565623334383035656430353731
34366161346635386137653938626334393662303665393232353539356335343733666437386332
35643533616630623438313033656637653066336437326366303936383236333166313139623137
38656361373766356336336436613037386531656265653733323032366438393432336336316534
33303065346439343337366363386332653537363332653166376532396431656635343361616134
64373235383162373566303630666636316466616538353734393464633034336563633862386361
30393030623235613865666435623666386330646635396133376634383434663263373737336665
30393833353662316364343039636366366137646336346165326531326234373435356539386166
63636431633762643738323337366636343037393564613265613963633139303936343364306530
65363634333765343163333539663933653331363737393335356664336238663063316462353662
36316436646430343964366463353939306130653831663838353561383237316261666637383862
63626530323532313130363962383134356232326265353837666233613834383734386465663563
64306131623335323462356232323036306162613330343363383462656635356261363466626335
32336230366235623637306539656662353537333734373236646534663564303266343436303136
64346137363434303030613539356334346639306661373136356137636134633735363430646132
38616337643637383932373964353437326233343737363939366364383732346565323235666164
64363632353635333831333635653862333661623736363137623235303037346364386239653134
62663263663366366432613334643264323937383535663135363666643362666436623063636433
66393138376463396538326565346162356263643334613265353433666634646664653235353362
30306364383634373135656536346135363463346139643563346464663132316463353438376666
32663461383030303832613463373839346632643232373662313863346137613532656339636630
63316331333262353362323665303834396337643664316432376430393366666265393738323235
39313638346365353133333338323138646131343362346537353662633330626366343431306161
36326636616463393966616137643264306135636361643530613133653638373537356263383239
64653932666231313062376438613136313866626134633836616630303463613463666636353766
66336630626231303865323661333965653038636462663738343132666636376366343061346466
33396532623436313735363163326433323566653131643737316337646437653932666565316134
39373865336239316331653061346563383338306339613163376137643438323536666630353562
30636565643461353161613937396530343830323562396131633866353434346664326535616536
34333138386237396138303631346639383038626661323331333633643535656532663166613265
61343132373233303530623065623232393837383663663133363261343531353730636136343163
37396234353832386531333833303732303730643663386230316561386466366362356561346662
39303737366162376161396632326239303862313366336530643261313533323539616537366262
39363563663832353135346466376666633465373032666661343137643464373438393434626430
33663733636465393438363132343363346238316430363939663536393934353039313835306232
36636665633830323835313435653731313633393139393033623635316336303730376532653061
61323761633231353963386233623933646563613832623839623832356637376661343136663439
35666562346530363133386532386239633136383735333837396330353836346465626365326431
64363764303161343365623931643334363535363239633330346233616361653966393563636432
32353162333830623238366562623764613538303030613935623163663461616433306562393763
37653831313362653662613437653533396135663935653434356261613734346234393536373138
65336439396133643265393033363365623633376663633962636637326463343637323761386634
30333930663864356339313365633438663539353630383937326362626561383364333366333765
61613731353466633037346232363562343933393039643535616438663538326364353662346437
38636234663537323464616538623638663832353263373562333536356430343936353131383333
65643137363731343662666162373630373065393262343139363536653161363364346431366636
33633966323432386532386464396338656139393762623561323833636637316265386435336631
35393265393934316562323561666566383565316434393737653566386639623261666230343266
62363338646265613364393836616666376561646266653338376664393530666237636266363666
30346463393931323430663832386436386239333666663035376339616134613736343466616336
30376431643439333265363462323534646336363835336263333865393231306631303561353765
61393365633963306334363966613832383362373332303866626164343438303834313434326133
65643034323562373864383738373764323138626638336537626330353533623664393139623432
31623938613938343833653661363131323732396536356539663036376530373534323835366664
63613261616665363862333061626162313632653437363237336333333861336230323234333039
39313130663839666264363165663165363430616538633364393134396530633930306563656234
38383430383639656366343064313363336664356430326436636134613633633364323438656531
30643933373836303237613130613061333263376338306535313164373265653266313864353931
61653866396635633163343638613366363466643263643039323831636561383866646139653464
39383631653235356166666330393764303633653238386533663533383935383730613331336364
30363537313831626334346462333266366238643631653835336531613232336335393331633934
64386163323232323762363666306232623332363334313535393464343539393030613937333835
34376235333634636332373235626662666332363135663462633166396337616630303432343935
32656636623333313337613033386136333764623466313331663435623963323266636331336463
39663634333338613639613265626333663234653663356336363330623065656165656239626638
32666162386163366238643738616363663165376662373132643238356239616164346630636663
66623265306639626436636635393239356139646138643964353735313461386334303231636334
32363437633866353432303331643264373138376132306332323062333563643766303634643832
63343561626463633264323566366132633330633365373036326236613338326635383235623734
65303934643166653333326434313238393033393838353130633266376238623638336635366564
34646633333232336630316163313436616333393036346230353462663365353432393365316666
36333438666362326134653136303837373039633963616530326534626162336138613764643635
62386630363538316433663033353735653665363835373837306262643437323335393666636133
38343332653733343966316330646365376536383938613336646463326661333037366465353561
64376664353039376236323135373537623164643261623061623139336563393935303934326131
66366231333238373362623431336438313766613661323766643561386661363537316336353135
62363339353862376634643531383732623063623937623135303764366464656466313238353839
39653663373733623730376263303638326466383136393562326637633135303561623134343335
36376630623539623739383965323833313437363463616434333364396139353738323839303161
65393138616233666666633462353930396264666331313563383834646333336332353564656665
66393339653965303662333930356432656662343361366462383438346435326133333862666132
65653534303939383561383164353536616433323439616366616165356436386263656431643438
30326266646164373934306165316537373031656266376262343661386362306663303831306234
62393334626636643536333762626438613634643164313937626237636432363436313835376131
30353033323764656538316232363965613861393064343837643332343562666633323634353138
62383861343431633731343435613634373934363464386635646234363637376639373030333230
39633966383431316633653565396639643133323866623034303666646238303762393164656131
30646661396364616331653635303638666133646339616461366162323937643661626536616138
32326533646335326333666233333839643462303262396636656632396237373165373465643334
63653764633737616366313861373764653632653439643135323331353061663133343639346634
31376236663761326266633032346165623765333664613032356632333636303963376132646235
31316339653734636635393432633462623431383733313638343132326533326338656163336333
61363738613232306265666362613063343462326434323437626238333235386536343866643161
63313164613562663030366236316230353036383934373534333264313565323139373064323565
31343330383565376365326362643935363134643037353532303262343339393161333635323130
39346430633838333464316234616235316531366566613935356662313438656362323962616635
33633934613335333932363334303438323635386333363365643231383038653334393437333163
36343564663435343333646336653562323739356463323761643036653165653063653939343533
30643266373039663138663939663531313431303236633635373633303638646366323062373737
30323463343831326566613866396435616636316438316132326562363830333032323633303434
64383533306331623036333638326430333339623133396433313534396632653136366264306364
34383063653863623530666134663033376537313530353366353535373564303834623266613934
36626539653564326330333833303132306230396465306534623935303263336335373435313061
63316139333436646265313930396262316231636539376133353530326333643231656234643835
63363433363061353939656634373065363130353331643531313735356264363065356435323133
36336162353736623462636163373030313435396262323736626631343136356637353235303835
32376661623331303636333538393065613965343339353261306336343066653638653865386335
62356264656361343961303763643731356533646663353663613439353163333934396366636534
64613062623665646137613538666361633139343633646230623934656634346535653433643766
64666237333833326464323430396461663736623263653465386265633364613565363633666533
33306361386662396266336563616235666561343430313862636637643735343137383432313238
33626365356166333334623539656234653365663330623665653931393436653732373435333838
64393566383561346139346665383030313835643230363435613832633335663334336263343235
61346339306237336665303836366136633037393764303333393938363132626632656233373738
66636131656663343537653862633635303063323539346431326562323238326164613934386465
66383032613739376562306537623739393562623334636330356666373136313939363662336439
37613133663830303630653266316462623338376162376337373162306665353234643632636339
34663761383536613537326166626535633431626239306362336561613766363465363832616166
66666434323433646537343366613530356336303833343134663536346639653131663734633563
64663863666435356262666136393231353834326331636663346363366338323631373633393964
33313138613566636633333438653335653365396331623335393663613266396162663961613035
63323037616334623235353933346463643062326238313132626531333661326562356461393763
38623762316130383237646235383462313562303936396533353963356535323064633331373461
62373531356332656439363962356437393135346562636366623637643034356461376336313735
65646138303239326630333139646563663730353732636661636137636565366461643136653562
39643162353230616232383862313763633462353334396130363765393132313164303737623764
30313430616233666337613463313530613338643865353231623331323230643535653932333961
65646334393536353233663061353163373263666461346137356461353765326138633836663465
31616466613361343666636561343766363661636137323035343236613164373439326238396333
62386239613964633161626331663236396364623765356437326561666232636436666335623136
32393162376164393163356336613161643864376566316363623338383333656361383462613931
62366439613137653530333136383839376639653835366161356134373039346535386334613638
65656135353439666165616531376163303965656366366366623966613336373635643565663933
66323065353330666439303631306363373465613663653565663234623034363363326338313063
36653539316637353239656537393735643632643666656264363066356338396432313130613363
63376661326564373063616535316239623832316466353363613031623630623233343562373031
34313635323633653464333764343264613961623932306161616235643735643931373931386333
30373635313538356465356536396233323061396331623437383639643265666533613437386630
37393161653232323731393037333235656465366130396330373463616638356636613364623039
64393539366264323039323736373532386335323437613532656464613365383162643861666564
33633064663965343631333839383165646435313364623430356339383532326132346136313261
32636338386437653834313035323434653933323564396239323162396366646530633965663761
66353264643534646439653737313337656437643536356162373736666364396531616137643339
61313737616538346461616135383837656134663866613866393931343039396537323765646636
62343931353665656562353464353566313662393231353834313463316264333163393063666364
61373861383361343363343435396331653033333166373438663733666234326162646135643063
32366330343738666163303861303163616439303962373336636236623039323538336561373966
62643863326631366432653732656364386162323861373463356132396535346263393939643064
35353934386536323137613530353061313466646363366334353561313937356233646639613061
63366336353466336334356162346365623432613330313936383532383435643332633137396139
31613235306233333831396131316264326365313562396537613361366130656534343234326361
38613962303134303762366661613266383037303431313865393962373034633035313639373462
64386238376663663265326661373531663132393231616666333730656431363763666361303438
66326235363637393036643833643331663630346335366532353039666365666430653964623738
36316666666262303038333761353835303538626263663332343436656530633835383933373264
62303031323462336235363139333237396235343163353963393264306539666638336235623433
61623365396231323539613432306461646131323664313732666135306534386631623334653936
32313231396132613230633733666233346430323735613238663162343435616136623662623634
30396661383433356566366163663864643432313063383130613866313264643265356334643865
38353137656238383933326361666331323565326164666131353562313863373763383463323863
64306264666636323234343034366437313063323962393632653130316136393763343539356463
61616538656633393866326633323332323236356536373261663735323165306432623739663864
31303262373733323465336538353061663536316330393965363565383036346536636631643632
32303536333135366539666138666236613731633162626636373330636336356662333139613635
35373833633430666662356665373232396361393732376630623865663464316664613565663737
36306338326464396130373337353962313030633066646363316334663965666232306534353265
38663932313438303732643630626639396236356263633638616462633434353237323862663236
65313565313536393232643932366535613666353361383035653533323739393338353538636662
65626363393231383365643566643535313261396435373635386335346332643933313632663164
62366330346631383534306436663065356330663066303133316164313030633965353638656430
63653161306536323936366231306231636162343934613735376365303762323063313366616138
30666534336630303962333534313233633664333730613231623536363738643162373664373033
33336231633133663332383035653638616666373766633539386634623164383265343336623531
62613265633630323062306164623065343661643136643237656134323763646536353933633563
34373434643562316262636662346230313065666130306232633039313563653331663937333637
33376236386538333733623865653135383239643835393332333834383063383036383938396331
65616636633161333235346462646165376633643663323438323666643561366435373030633363
33373735613364366331626461653934323539323834626135393535343834393064373035643262
63363464373333663937376561356434653663336538306530306362316533623363323033373066
33383665633733373834656666353636326466616161313738393533643461333137316532356138
64393136303639336431323264336233336539396333353861633531613461383965363030336437
39323239303239623365626631636330313363633766623434353738363233326630363265353537
62623839316365613737333939343262613534343362656666663065323364613337386434633336
64666632363563353331613766353238326461663533313237656236333365376333386638383230
30646166666232653662393937333964363536326265663631306663666531303465623666383338
38373463373564316261323933353935336636663430353239363631303462336432393236373130
30313066386336626431303737346661333064333063626266323132373930643534323938363234
32636632353438326564303965656163666261373164643164663630336163343931346134323633
65636239333366646636343332656436616631363766353538396566613261386139633635333965
64623763653538373061353761396539323239353536383734333162316363653036343466623466
31336438636431333632366566383939356163366537623365323763333039623736316362386630
38326666383633653931663235306632663563366661656663316439646562343436303837633831
37623834316431393937353863663531633663353066363739373865613130383434303136376532
66666631653835643239396333363165353765396532393463623337373166336638623962333937
30613866323130373331353332643037333265343464636331393838313930303261623064646335
39353666346165313662353964313566376438646237626332656136656134303036386138366465
39333561643062313734663833653235383462366663383535396266663330393032373937643039
39653462653037383461633265666633333537366138303466666232666438633965393936363962
66666566323461626464643361353036376137353066623939376134316130653462356266653830
36656264643165666534346232656231393965343630643133353339643135303162643433613139
38363261303563383463636130343963313462636533346230383730346337633435616435346133
63383634663862646230303330643861616165383866393932343832653935306563383164396638
65323961306439326337626530376338626136656534646633613637353566383663363333336332
61656566326637613461346661306433366437303565303633366164356331353038363033306266
66663163663034313032333765353766353634306436383139373164653931653661643938613461
30393031366336393062643638613433643633366536353836353738326361666162386537666561
32343065306364303131623961373235306135386534653435636337326366386561316639653031
38386263663462643464643839343238623130396166613862373338373865323465666361316434
34336263343735306364663033313337653532396438653064343034383933663533623538333631
34363335653938316434313431666164643735363535333865613932623734396437643130343130
38646562393131313361633133323339383464326163323735376632306463663164636631323332
31353662643662663534303638396633393462333964346366623531303339313739333939303563
64653162666464366530373734326632386137346564386163396432663361323138643732343763
35396461353937393366326433336336353438653038646365396534333061323638646636336232
37306139353230303565623939383438313461396433663636356639316564353662396131373534
35653739643039363430
