$ANSIBLE_VAULT;1.1;AES256
34333765313137323363626534393336353166383363356635363535623561623431303165663638
3032653265613934383130356531356664396466376361660a343731636337373934313637323264
39613133613936613238333738663163636235626133383837646331623734626263303436656138
6632343163346332620a653362323131613637613133613438323461313236613330383461343936
31636364653362666330623730373063633862663663613736373036636630663836353133313038
61663562306131396537373639323866346239383365633966343230376331653066386265633264
65343438363161613261396533366432643831313261623638663764353339646563663561616661
37353937613031373338366438313332396362626362343831353735386131323562386332386533
36323962376337343335346364353438633332343634636463383831653339656439303939633066
38336164343661303461356565636264336536313130353435326532646464383630633735343334
63393761636630636635313865663035633737633237616161386166373134363039633665646434
64373264383561383736323036306439343834643665353766616630303761343631613038323966
39643230656337623466663063376430343438653837313938346437663465396434666130663237
36666365313864343930363662336234313535313338316132396464653166366166316336326637
34393031323637373439323233333162303766336262336131666533323638613463656632383161
30346135353139313939613639633830616639353030653563653934393466356138373234333261
34393837393634616635303630356164313865356532363531646261643232373533376563326362
62393430323231383330653163666639353632626634383662623734326562653363646363343637
63353232336131646230313733623636326439386562353333323037363931316563643733333765
32386236666537376464613662663163396439626533383133656635616537353264383035626263
62613431626432343731626336343864373862363061623663376531653038376230316335366561
36393739386166633661633633646239313065326166343964336465666531633036386239663739
31666532356130656432343662656333653562646631653834343863653861326364663534306462
39303964303431326136623461623532376637633961353837323966666463626335613233653034
64383531636231373031303838633034306236613865643233386239396266376163623530616239
66656463346461356233323763313364326166393436313733353937303333366235626465306137
36623436343634363664656162393031636533653039393265663436363239663130363832386637
33633731383566393438643836653636356238663262373666346338316132336337656532613863
65616363353161393663306666643832666438306165366162616361656432323963346335663830
35616134386433316433353637653461356433363133653234303238353464613431373835623130
36653339393663336432626263623664636162633365633736363064613761313164643937623930
38383635346264613134333566636134336561343233333230386137396261316333363439633536
66386665373631323639353463306438656132333535393962373739356264633361333334653434
33356433663735383562316331643336343335633064616466393238333234646161636439393735
31663535333935353738643363353738626162663835643737316231613433626136393736653362
64356661393038323637623134613434363530336566643465646634323535626339333465626434
33373432663136663135366136633837346262663734623031626639613436373765393034393665
37343437306366376635356235336433636433656639323031356564666337383462323035636238
66313062663832373863366139386638643632613065646134623763363466663537363233383236
36346233616261623664626138646237343563306361363434303237613639336130666666353434
62386638323731616433363164626333363331313962316166323064383531653363373832393933
34336363343236333265396663626362383031313066656662363535313961356261363661316437
36643432613134643933303962353861376330353938613861353737623536663337613331303166
34616262396437646334343833343633393062376435303837313638346364396236623964303061
64646464306334616461643435306132336239656230646236613138643364363639376431343433
34623739393663613436383161333238356232316431633263326465393433336132366561623836
66646237613265666438343164313163636638656236666334313739363362613062663533386365
34356266383137386335316536333531663834366365303330323863323661363262666535633661
35653733366462633936646134313862363334376665666631616538626639393563313661323535
35616261646464646336646266313231393937653463623938636335316539356133326163383666
38386265646630373661303966666363633631373538643562353364323531336437393464313731
38303862326439353834636437643337313065323839373430613465316264343361306466623764
61616637363764656263316230646661633737356530356130653163656337306334323830343234
65653337376364633135333733346633303364336561633162333532633532393766383130336433
35316265316239353162343662643866646335346561623537386236616237366531313966343530
37653233396161656662396465663638653738356162623935636237373464363439313939316264
37316463643430306235303930623362313866363433303235656339666239363037373635613730
33636438396138356331333834356231353331643235613632653531343265363164313063656137
30353962653366303765636539323437333536376430363834643831363661303765643063633136
64393764323463336662623138646564333139323836313038656239643664343064616138346437
66346238633336313165383632376238336561626466303664326332326564613362316630393137
38666261613831613537636338623235643938633431346431646635373638343465363366326163
66616463326138373930636266333966656637613535313365306366383064626365306262383636
33363061313666343338323037323838393632393265333062383434313139373661616364323830
66643838343933626363376634373739396565343833653730313061373338306266666335336331
63616163633766633131363965323731333263336438626434316261343234333535363539336136
35393337373864383663666639356361363831663139353536326266313333303063366561313665
36613539613135653634633164396664383365303734653439616336376266626438303266626432
34353961666331383133343533616536373161643665323031653833316637636633386139623561
62373436373862316437333935316631663065353733333730323239656633653737626330333937
32613430643539646233616539663934376135653730373237336165323938386365653562323534
39343334376537393264353833396331336162663731636639666537363033633636383933613139
64653939393162333766643361313131376466313266396233363639393764313230396333356262
34356364666434333535363063376162393934363364316139376338373563303565653435386338
39343964626239613364333364613933323839653539396162396238633434323933333336336462
30663336343930353039656464386330636435383837626633326232366237376563643235626239
62623136366630323664356532353664303333626536316632333038643736356362333935346431
31643737616563616666373062646561346434373836333838653065386438393839363836316166
37656334333539316664303939376338396165666630366137383035316265616161346138336634
32323832306635326434353732633330636639643836323161396261653365383938643465346562
33376132646361306439393438656561643537646664623635333436656564623237386562333931
30626433643436373861363033313762316633613632373862363231336238653030326139623863
34616333303833646332636635643064633665383235613730623564363064333361643138396238
33356133623661306135313038613033316436366261643839333839356336333762323664666537
33313633626632313431373261303934646633646464356166383830373832386635366163613736
66393766656332646163303761353131346136373533386231356364303330656465383139343736
64346337363266643631363638356335396364363563376132363266353535613035616134306462
32626230613337353237306336636431303561643032336133333137353866646565306562396161
38373063303266383539353730663636666165633137353764303766333432623564366439376365
65303464303134666336643532666137363834663635333539306335346364306532373935623335
38666539353534653164313236323863323332303132313365306338363136306631326563316465
35636665333566393866623935306563336466623861373963373366393132356230356132363763
33643661626262646230346232383435353266316335633462663266633232303736356537613364
31636262663930343037303064663236633365316235643230396332653835663264396530316365
31626431323630363462353963633164333262623034653563373430323239663230363263326661
34663838303162643234363931366361373634633134663262336135613265313430393962373361
32313065343264383136396633666262323235363834396231336335363339613737363132366238
65383262336135656130353630336132323063303237393838333032313462396363376535393663
63366338393231333231373833666531653136323431303730333063663139336432373166353335
32373861633465613931623230306634383134666533333936376535623936383161326365336236
37336265663436626661336530376133636365353034346335326330366138353461346133363366
37336530356665646666386362373964663764653130393061326431323536356638373538316235
66616237626437326230636661316465306533616536393034623231323032333238393130633935
36313834323334386665343534386338323465306364636334393061613537386636373634616132
30346630323236343964336636353637353235646139643866643235643634633166663631393232
63623730366164613462626264366130373330636163623031656561373165333331316639313238
37376230636563373464303332383439346131363530346366316463393633383230336636356434
35663562313738623864666539323834376635626562613431623134326262323165653161363434
63356435376137316534653230306537366265616331326666653134343561623264653862653566
66313065313831353632326132333238343338373835313237623664616533623066646661663731
32636233373764366131613962333134663136393635316436373466333530373031623530646664
37343361383065363965633131626237616436613138323862626335643531346636306665343033
37386438366635646165396661356664343339326539623535623833336432623934356431636163
62373566623134333333306164343432643430336264383364306230616433386130306565616138
63373136323638643230383362356231376631363334626562393831346464316636313562643533
34656430613635363337363838626161666437363738303935613463353231396366613438326563
37636362346664333562343865633461356637336137366339366361366235313638383366383537
32643939666531663136393666633964333261656134616538633036306263313561383764666434
34323934646462623036353833376531396331313530666564373532306666316434343738383964
62333537323038373834376135363830383633633430656564336338653863326330373465623139
32653464373230333838336161656265363032623334396164313764663334636666633837366563
38356137393964326537316430386461626135393738623139346466636438353132313866646262
36366265636565316465623737343863326136633930373037323631623631643764653334313832
61623731646437623731333631363939656665323462343936366261396339376461316462633266
30656130323130666635386134646533373631666139306236306230336235373538623563306438
63646231623733666365343636316162656635616434366461613133333339363535393635616134
39363031646332396561613165623939343938353266333964636631343238633936666233616233
36373136633937376234363863656532616332386136313061333931313235373863333939396634
64333637613133653232613839343436383635353963613066336162626263643638633365356135
38306464393561366537666132656165623137333962393233636434386263333638623362336338
34333861363732396138383562306236333138366361366434316366633639343965616435393437
66353062353163656638356338643231386132633431653539626538343430396563623438353663
35656136626266336132363231386432636138333832336331616639323463663135313961383766
32646433316634306237326139613734366637363034333530363261393339626638383733333439
35633432396438373937643262396637623831336136643562343133343430623736356230353661
39326638316233666462643366303932333336663739303666613065383332343065383864373037
37646534656530353461376266306131303939333632336565623866393731633865646337393932
30303463363437383864313537636461626239613239313434303533316135303163393566646562
66383166366536643939376338623439353163333333666464373535313130613933653265353038
61376331636466343837313065316639373830623234333366626234353835366165303731393731
32393830333738653434646135383961386562343563333864313432306431323239373134646562
64393636376436666365613534653766303730363934656537383738306136636265646539363330
34316432333937393731326239343235616266303035303034333731323561633064656262386664
33363337613764383862343233626463366564666163343538626131653063346535636432643439
31663733393531383537303162306262303138383166643262353431626436646565623433336330
64616366396639616631633430326262663362633937636430656562653338373063363837663830
61653662643961623032636564353333666566323839373739366635396431346638613439616261
66376666353930353261346233653262663336653039386466623834633433333635666530653434
36343462663333383636656139623939313163356466323635653964656334326533356339306463
62323330613662346238353733643562313033656439623365663136623230393762336534333963
64316261396463393963306634356566666536306435633364383965326232373031623239356336
64303431643231316363323037623336636266623561336131303938663637346339363031653434
61613665336561326665363537323435366236323661356431373638613732343739306239653135
64313836393435383763366230626663356237663631646137373837333664383730363866323539
62373138376631613031636465643362303362343432363861376263623333633137633135356635
38386131666635353261653139633962303231383163653437636334633861383962626464613030
35653564316432393939386466633366363331383066306635383135613538643039333833313361
61373864623562386664313431363264303539653062346630613739626363323430363061353733
64393730616666306363326535626437333437626165343264393764396665613333376136343636
30666465623566373338333731643031636535363535393736383332363562303836663839666166
35663665353531653365306333363136653762666437383535626533653633653331643636303634
39336137353339396439626264376261386364343032376230626530653530343539623264306635
66346262363933353134336635376232336264663663626531373138313431343638623237626535
35376237383738363637383634356666616362663865386434323938633765333236616563323238
66373031393862343135326565653262346431323739653430653536613964663530303766663565
61336135373261303264666630393033643066303135396263306333343563386262383063663635
61323362313938653266363462306466666433653234396164646137313739633832363030383130
31613336376162623334303965623638356638643038376431396161383662316231386264666439
62363238626263336161313832336266336539386465343762306237336561616161666336653362
33316236333662346630303534666661646636383637633962353632373033323431613730326333
30363731313734396531663638383765333436323939653966376631326630353565353164643338
34336634376332643665333336323137386365643165623161343134633739363966623065333061
34303261386237313464653534303834623766663630623139336263353238306531613933323230
62373938366533616233333466303338633332663337386137343733396438393033303163663336
61616561353163366337653531636661366566336166636362383435323833613039333861643136
63303363613566656134393936303530653536623536363964636434626562303139323965346532
66313666633231303432393765333433396461346237613432666164386138306337626430626435
35633763663537653631336236303063636434663933623639643430323661646465663235613530
65363931363062633762633665303064376434393631363130333138313730663964356563323733
35356165396261663733323566306232633937313439363735333437306332373064636533626330
37383666363165366331353266313633656564323166623732346364643632646361363632316265
34353665663062643765323831643062313234663434363063643434353134666338633433643834
61616463383237336234646135373835373138643437306262303033313234383635306436316339
39376264326162623833386130653339636563623332623833353633656533363937653065393435
34323831653536303934356134356364346262316531396138363065643335326561386230303131
64306363303539323666326430333835383834363737313536303362323530616130636336363062
62376630383731623865326566313161333636626235336462363737303435313730636663306466
35396233363632613332396531613665343334323366383964316165333435356331313161353734
61656136356163323938336232623339653565356438363034306264333661353030313761653930
35373965376330316435333964376539363465303731623137363130333732646333613032386162
64346236343665336538636338623562383734383635373066666361623239386336326537313464
37376363613464363262376437313330373930646337633139643066376564663662343837616165
34636665356134643638656637653432396666303963646533653439393661643436316661353565
61653566616631643166623332626566396639383036353234393066323032363732643536323566
38323433366633623063386564623834633038353739653165393538333739633039613231633264
35633035623063356536336634383133303235386363613066393862363235646131623963333263
35656136353566363864323366393334396564303634346632313830393631636237353065343461
64623338313564393031616666666236633034626238616438626134353762383363653764663634
62643332356338346533323061313335396235633830306130313534356263633163353338383861
38633064363561383465376663353037363664316335356336636565613365663236656362373061
32353238323465636665653366613361346438323061636230616662306336376131636133323732
36636162353239333232343939343436653964626531363566303636303164363365323832613863
37616365353735363963636430363035366563616133623166316266383135613866636665343830
37623666616237383462336266346266383533363238383235333032353838623164363537353233
39303533376636323939386237353062346662323034376132353335386134326139396635333034
65306537636536313334393336643864663861343739663165613433333964316435633234633562
32636530316233623265323438303863633933643964373232363231376232636634653263636634
39653066646636313735386130633632393231336163646337353036323931376562333666333632
30393266306636653161396332663764353364333366656630336666396336376131356536303933
64346562356163613664383437383938343838663231303363663863636465636239656262396239
66633564656532616366356431336435626139623339353332373265356662656433646533363537
31636666643333616264633464653537346438316365373062306333356464343663656330343738
36636433626562366638373461313263623534646138303833396238306166313436393534643562
38366135346230623436633333666165353339616131393131316533643331333261303335616233
34366539646662346464616632353239646665626263393536353838316639613931616230366130
36363436383366616436316362353566626262303162633863616163656262363535653038326263
62643335313536356638306335303631613563623936303435323363656231666163613464303338
64613363653831663861363934383137663461373433343062653961393133376130636435313361
63613938306330386565643566613865366163316638653066313665663836346633333034393339
61303566636165363237613064636462303936323863376666303238626638643632623334663334
34653464383865336633653936376337343137626664636236313833656232373833323166303236
37653630396439653734623564613733303939303631363339623934626431383933636435323538
61303534633266383563626532343736303435653638613535326137643033633133626134323435
65666132633430653330383836356230613233396537656530366336313138626562303232383639
37353639363438313438353837616265393565646264326664613462356334316266636338646537
39623331653330653661303431326131336338383761663663663562336663396138646366653332
35636564393362363865323230326463616532633266356133386232366465646366303261656334
31643030373330353861656362663266643831643263653864343633373335656133356538363535
64333432623333646665663137333962333636626337626135306537343461613335343163643839
34353232333738336361386639333362663135333139623331326639356265313537613636353736
38613036306233346331666332313230646132643336623130393238306334346638336335303034
34396230303131373339623236343764643761306162653838633431396532663238303564336164
33396235346338656464623432366365386238353565306565656433383237393537353561346538
36316330356562623939393563353432326365653564643465313439323039356164303134643136
34383765343062306432653831386565323661396338656466633530353135303935393766323766
62383734316266653264363764653064343835376663313930303961323036363237643065323435
66303463326138363232386631653464663330653361376639353165643635323835306238393136
31326136313836356432323931306262653330303736383132633336316133346138363536616139
33373863343266333063653964313933623266333030303632393465643364386265613033376232
30633636656634336465616465646639373162396530366533636562386466323136346532653063
33653765633365653462303335663264613661363264333762366362633438346262396331666231
37306166393838376332333031383330356265353664393562353436643564663662333563333436
39396335636534363438616538643732663238616666356537643737396433383530643164623566
63646464653239373731613935326632376466653633663534653333383839353437316263356434
36646362373031333937643638303266303766633061373935346138353931383262353265353138
63346637613036616566613939353531663839313634613430326164336665656531306361666564
32623335613064363863633666303031613431386361326139326462643731633639343534646166
66663937646263323865353832336330643535653535336136653864663665383335336262336534
62636434666262303932616435383934356535343361323663306530383330393437343865633135
63393166363364636639326636616436346231303033373065313939363136333238636331363065
62303436366134333639376438646634373131346632653832346533323530373062323966343831
62653531663535373139653365336433313132373035396630653637666237386430316437636135
62616233333462653336343266666265376439333363343663656663653464623930343733396639
63323430363835313664393762316637383165626437343465383266326332313131393530363430
30653335633062396330393835633739346261303338386337316331346234373763333535623861
33303536353735373631393062373439313331346566366330646564626364396364323539303661
63653866663839326532356439306563636638343766636662336365623832373530316533343935
37386630383439343566356561636363346263373931366530633935333030353861376638633430
32363663626163353032623339373463323838613837386435303531343531356637653134346261
35653230626230326231646366323037623730653265613030376230373135386337333731633839
30323236323733326536336132353566356163653337393263343639643562353431313531326539
61396635623932383436303839333430383434363165383236343061333163336332633930353266
62646330653038373233373838663961613134376161613632373365373663653962626463363566
39373965373463653338613463663838333966383035643265663162616133313636343437633035
31316362353539353335623731633265323239653062376364363134393062303734366231626136
64363839646332303239666663636538326636616432636134323533326665353334356630323665
62396430626236613432353531386631663363316335643338343738363936323334393238376531
63663566326136303164393933313437613064326563363631613061663263646635623566326166
61316531663638323630386330323333383434633465616464326161353436626239326537356465
32356264363130646330353962333261636461316634623839303162623736396461373836313235
34613535666539643837316264316635373338383238363037373137366133623132373138393135
35396564646438316239636130346364383966333337333736323966656561366263643731363062
33633434626366666364363362373336663566313836613766636135356363393634323464666432
66353062653436323562633332396530353261653762336163386339346462393563633362353937
38323162646564646439343031326666373536663635363935653035343233633663653338333363
31633335353136393864313735313135333338323961663863393161396630346635303865386233
32393561653661613736623439303637363531363764343932613131326564383538356333303063
32363565613563373163636631653661366266666366656430386166353038393730376164633738
61343961666135633837316163646238353763333163376564306439326136346534666335636133
34643166343065343134626537646130366633646462646537323936636431363935393563653735
33383935326539626435363130326334633362313232663337626534656662373461623735303664
38646131343363393566306136663266353233363262383738303433376631366431373235393831
62643033353363383833396334623039313034306538353638393735313661366465396562613139
38633164646630343866623639306561633566383462643662316539643038336163613263373635
34613738386563646631366136313161613330353236316364656165326335626566633563343966
63303535363330663363303062343130623066353363643831303733663462613233323261366661
62303761616637393333386439393434653335626631316162346630333439393234623532633662
39356166346635376566613630643830653831653861393266343365326237373263336539663366
63346335376335633030396436386534373166303961663764383763393966646438623430623961
35326233323931343334616336356662316564643436346430323866366264313765333936656539
38396434663861616638353465316365333437633934343062373633313666323737393062626561
62376261393164316464303338363133616130346162633234353161396334393831616137366233
33373264363230373064323764643237306538366562303663346439363531386239313538303031
65383037323734393465396430323161646161363266666630373132643665646435663836633136
36656138353733643761336432666233363230393330393834626463353462663934333364373332
65353261613764663064323537386236613834303430376633363130613339656132656232393065
33333737373137646637363066306164656466376463383266386466666361306531396532633361
33633463373663623666383935636164386131393066353163386238386465333834326539393733
66343733383862366636303535626262396136636262623735653162393139663536343661623065
31303334323834623636363836613134393363373537366265383132636334623335643237366634
38306338623339383032653064626166396562396630376532306535663833373534623634396139
62386166366664323731623336396139313130623539646161346566363831613961336636383966
61656435333134613662653532393865376563643430636130383265663037373363366461633235
39343331633533356238643330626430346164363832346536333966383932353836313137313864
34633931303963346566643263333630353861356264363339653331663161643032373361336566
37343134613439306361656162363238363465386438656664646634656561336336313535386336
63636339623537326533373233316161666530623839646135393564636232333430646639373034
34323830363866663032366665336563346333636362326232373461353535656431373561626564
37363265353737356530323033356162633564333539643438366334396361396366663834643935
34306433623362343430396666633638656465653561376363616235313732316165646436343936
62613565376233306363653564373837336533623032636364633263633439353735663139656661
37336463333264313564653061373462656365636132386164323731663361326533306438323735
37353165636535383862336330633134336263653231613264653162353763613561303434623738
34373431383430303539353436623138633563383066626537633437323038376631353935383639
33383437336462393763613366303636386634656237656237646234666438323964346361663761
66663863613966663435626333323934326465663139386333393039333563653231303230323831
66323834616638383736643438343432323563366439333030386235393734633066366434356635
37306364393934336536626663663432653665333333333861393834303836373761353131666637
32306631393161636632343535386336663030393938393339623565386365626139396538656466
32613736393137303135343361626665353365383830323133633533363930396136313330356435
65633262393630663038383961386466663130616532396630653636613163653765653235313566
33633331363364366563336561303635316335303830316638643663336436386662386635356635
63326239343036336531376133306439396563663436353363643736666531663337653862376336
61353637383661383635623361303331346463383465363132386231343437393134386630313036
32373435366635613432386535316664356235373461383133313061346232373863623535633462
64396466353764316664376139333430613832376539626232613963346234363033643237346337
34356132323330366133343833383063663437336434323862316661323135636166643338393236
32663236323834356264326463333838336262616264393333366630303361376538313435343533
39393462333866333364303431333234623766313332396466623933396165636331646261383962
65616535323464656533393665303537646234623136303234613133336535616433613462616135
34386163303162383163363431386433616637656664313037356438653531393130636563663230
39353961643131306364343639613730353933363836623336376562303139633732373566383430
36316363353163396536353637373338333132353931616433333866393936366565653833363833
34616531633466336366396262316634633162346137636432643636356164633834306637313331
64646633366162333532356239393430333035613637353537373761626538313364303230393666
62393230316432646634663563386434616264616432376136376332653361623565646466663336
38656266633766306334373430376665366138343834313430343464316236343238663562623061
61666431323863366563613662313830623339653432303131386266613961613466653265326330
63633036616437393638363839643337313533343165633530313266303634393130363439653466
38363638663234316535613236636365336564356363663034633834636433343539313534646237
64623938626362326332333463353837303562656638613961396336376238363866306235336233
32306164376435326564343030376235373934646538363537393265323838626365336162363266
37343063373231323365336261386539383738326330366634313432363132326339363932623933
34343965303865356431616363373638636461373263346264376430633236633365393362653463
30306566306439646534616465356338653837643634666566316638393139633331366561386535
65623237653863356466323162346533316336646230636465306132643163633931373239363731
33643538373532613766373233393333656631613435633137633137663463363761303662356239
34616361376231663531303839623135643533366664376536656363356362303563626166623361
38646334623736323363303036386638386563363639613862653238373936333966306537623561
30333131363963646232393238373663333465643937656563623761313838316636316233303562
66613361623539363433666639363631613935623734636439613766643136666432373835363036
34366662636333663232343961633335366666663536353366653365363364303038656633613835
66353433636362303361633866636133313535346563333432646338656138646463626332633762
64356337646534336430383931393062343132366537396431326563336133306561633363366435
33313234303432666531313363323664373937363236613465616439396334633639626536366537
34393261636433333639373863323036643366663433383962376261623632333362363831346561
31636130393832653533346463643963303336333236346638316232396231356633653431343361
30306236356664663536386536636437356637346234313838313764613565633232393365653261
36303631643436666266386337356236386465633131366464666635396333643062396337623432
61616632393631646161616237326331653237666131323136356337633362623633393835643138
62383137363833303836386666636530373130343163313461303833326235623462326462616266
31303465303235326231306664386630623064363330386638343831333338366332623432633236
61326164363032316336393132386461363435623539656366633636343832313263313632336431
66353638623839383533326663313634366562326132336130363264646131643533653339663437
66393863303966663262316161633232636535386339323933663838666134353732343832393163
30666533303464653135616366613036613637393266366632313065336661336433393434386139
66313038613833636663356136623130616630613931316431333661653431653733626266386530
61326137613533323039326332356363343235623139663732613665356462633835636463636337
37313830663065646635303766303935643036643035303438343463386238663366366534366638
61656164303332323165346638616164316439386430303062376463373238353466346334656263
65616331393564386239653836353762356330303532643062666630346264333131326539376232
61643333386436333331363732333535653339663639396165303166353639346433383435633037
66373765613061326262396564636663313538656132343032613339303936633935326661636161
39636436363862633239316137336132313832323531346237336133663330633434313539346632
30356338636631353036356334373433316533666138346531376266356237306536386234626337
34323134363133363530393866316439383736333763336137663134356362333437623564323035
65613637386439376332386631616135636530613166383730353634343363613330636264336631
34333837353536653634333330393865336663303537613837336162623233333830633638626433
66376664663266353436653539643362393165633633623563393461326635343532636666323365
39656639643665643564396462393031323739313638313264666539313666336437303234653739
62303535386264656631363839353532616162613162666663373239653334623461303366383935
38393239663032656533663933353738376332383061653739383934653039376664316636643732
66656466623631616237393831626165666535636662633562366638626162323839646266633735
34363837363533643539643630393436303736373964323664613066623334393138663037383332
39336431313033633432626334643433336430623833613834653165303230666639656435326363
65663162393537663130626466653939613632386138363561316363323364316337326166343236
35393231333634303635373261613166346264656533396465643534663234336133346566366130
38353834356436613734643333373130646361633838616162336266613734323433623535313135
30303666393534313732366239393036333136303033396339663837343231663366613535376639
34363332616162653537653539616664623636373765336138316533613435373536636634306535
66393264643066336437326337393634303736613330626462383038333030373539323362636666
38653337653831306339376161326361393538363639343230646439346437356537313363623930
37383965643635653336643830343936343063343239653932303230633934656235313434303831
36396433346536323264333835336231303237303861326332376265303864386430313739383062
31393863326334633032346538336265306339323634366231363063663837666338346134623833
39613139373231303935336238353763616336376164383461656139316235626433653131656163
61346362666335643437643935653736383836303366663065616433616532333134386365643437
32616362333864336439333765336134643739363138616336303536356662633733353730613630
31326238316535616139386537663336663331393038613561616636333964313433313364623462
38326630343038313062316635633464613332303933633338343938353461646533346362623539
64613234323630643238653933636432396134363664633931396630333631326366356466623739
61373064336261323737393866323465653766336661626335626161623937393565623165653835
30313132326233383436333064633732633238623066343330393132343666363737306230623866
65616232373935643338386331326339643636323539303132366233343134313962626134393736
64306662303334653465306363373965303564663435616465383831653734343866323866653165
61666366316161653866316630656461613162653365313033356334383133666334663832366434
31623465373464306636633430336638313231633665616635333066626638366636373939346437
38646633613038376264613831366135616438636464316637313435636362616232373537313563
62303130663165396534343933613837643737366162323462326362356436633034383831643138
32383634366265623166306335386562623239333665656139396336343630633433323562626438
39333763396335663165643163643236373665373364353031653832366364353462316164333265
64653838623165386538613239643538643232656566613639353362386133396438313030663939
31666432323864623632633936303336363838633762613337643838616236316364373766653233
65376434646661393961643061643261343866646232323535336263653936616333326533336532
34343664386533643938663462323261366231373365356266333232393036366163396338626265
37623730613231336161393665613633366236303832356365353234353339636234333430633761
31316439656638653033383136356537383461303338363563663330356562326434313862313963
35393839373231316639356339336563363131303636306165376432323238343439653435333366
35303431326534663339323763646363326564653763393765323066373038633136643965383662
63366239393361626534363834613964656135666630633361306462343837393438386566373862
38343435653666636331316666346536343530313334383337623936636234636332363236303466
37303861653763353039376636356361373365363335373264333162633334353939653362366337
35633739643131323336373939366164613733636364306435353230613962306139316130663663
36356365373633623635653230356439326364613932336234303563656334353762373239393831
63313165323730363832363765376563633933383661316364623862306363643361626363383561
61366664353062306661666237653038643261666132383265656465343661396537306466353638
37396135616438356134313761343137313365623139666563343335393834663466313065386265
61393662343364666235316431373030356430383163383463383334323234303934346166356635
37656439353063326331353765633738336134366539633766343463346435343363623366353531
61613831626366393661663364356332623766346431663961653439356335393162366162353464
65343361393763343164646363323365396164633738623961363834613134343761646630363037
63653633663663663166623837313438303932376261663938373864616636326361616331313462
34306261313138663038633837313233353430333734646665396466306332623465653063643731
61346362633535363264316531396630313836356439303733386363383233343162393431663565
31376233656537373963666435343036336336396335633263643939663462363334326138356635
64636139313361393536643134356661636438303363616664643336366464626164303162363035
34313435346137643832396331326430346662326332633463363238373737323665333733623030
38653465343231623064313962636165353338333330656631386634383037653234353939363035
33626365663264363361393133353763396165633862393966313261613166616235653063353439
64313637376432356437333639373262633565303566633934326662353032383237386235663539
63393762643935323933663061306566653139643838376432383934346366363839343738323538
32396537333036373161373264386332313963333765633333393830393130336264333862306232
32653463666165646463363033343035346532633664343866306166336331363631626263393663
37393234646565626563336631663832643333613934383239306161316233633131366136383965
62343932666437613166363737616262376163653236616164376362636266303335346335646233
36363565353735306465383564666539303231393165633232663561346461323831646232393231
32366230623361353765613033663232653763643537316336343231653631333535633962383666
36303533366635303366343962323536356135623730363937353535616137363134343261313633
34376561363034313961623664656461303831343765336539303266636233373165323732373034
36363061346462633938643837646638333865656333386437383261333839313037663865616361
35613833613036663636373139353934326531656165363834326138613739326339356230626466
63616336356261323437353635646530366131316134633734646166346263613539313461326434
33356639323139643366343930613564336230336536666663653665323937373733643836316663
35633166373137343566383939323965313131663361646465386635653562313831353435333263
31386337396166323630626431313262386266336564656435363364303133613166353963323333
34336438373436643939393965396661346262373563666165366235316630383931346236663334
31336238636537626137366261376336653061613938366265396639353031643763363066663662
39323637383035383934663734386239333737313563666363643832376666663830666232383930
37356335343362653938626663313833383430333538313934326363336637313439393763623736
34326165663139636263623935353237383164643161633431333465646333383038383830343761
31376535366666343966376662653065356265363162393465623664393839633365306562343032
38666533613164353738623035636262353433313263333932663764666262383861363938363035
38636636633565366361313734356235383533653936306638323031343338303464653637666465
64663835633763666464376237346133616261376435613962396335323934613935643061653338
34653933646134303938636265336134393266383965626539646139316339343237326262623265
62646438376563326337303432316138353831313034303164336364656161336363646533393633
31333439386531376162316535626233353230383639323534353837643239666237613763316133
66326166663638393535373461633939363562643830363965393231663934366230333235333335
39343965393264376134356561313838326533633632313032626565383635636236396263616633
62353231396663356339333138306639313165343735323562376162326366613336333062353936
37616466303765623263636264653031646437636331346133376330643739386463346535636331
35396137343334343839383533366664646130373263623638653237333834336266633433333138
34376432653564336537346234386463303338316265646566323830336164646439313636366262
39393833326335323339366661666337633738306534613462313939353130656563333966303432
62343333343966356335363539346264346366613439366431373632366231353062323364663263
62633039656462366364653932333331363936616137346261343235643762326537346238386233
32623134306139303139396636656436306266373935303666343365316136376337626439653534
34306361663836663233376630326166393332626630353661613863623532316332316636326639
34366432666232333232393533313666336162333637376533376130393934316537373638376666
35353865623866653633333461643433386361396535343161636265393933303931393965623036
31356534346165383966643435653530303533663163333936343861323836316131353632616561
66373864636135386134646238323331613637623430663365616633343964393065633937633261
63656434326137356662653337626465383332353161643361633136333965323033376637646237
66386566616261316263363538653537623364616239373165626134643730343461343339653863
63666331643363333161346532356166323465616339616435383636653938346632373537316230
37383263343730333038373933666439303630316338376563353632373535383834363831623638
31653336613532663865316139653166643366386236613761636133643735336163616132323130
34366538366335386662333164393130333934353762373930626562653766373463343734386161
35303539633764653835323931366164353163353131643634333164393961643334303139393032
35353061356539383664316164636636333737363565323565323961313461613237313464643031
66626236356638653035646536653830366165656664633937363865636662383936626631323536
62353465616534383336386337336465656435643235333233323934626332343132343163346665
39643865346631663862636437616437326262356336343162336537343030656437383464633933
35303835356238393830643438383335383230623062353433373534366432613062313835306139
37376564373437366438656261343438653532316362613163326662363263306337363363336233
64663130373634623033613233653465633763356234333436633837636464613636663337356364
33643836343436623735373133373038323638303132316364343237643233643834336162393863
38343231313234346332646465656464623332613635626339313230323566376137663133353736
35393763313837323832383931666134373135663364663431333266653463326237633363356536
36376537383734376663633337376636323836366231633661366439316664393930616364653963
62393866626162326335333461663130353137333166633065393933643935313666323633363239
33303830326334376262353034326130376535326233336535663462653631623138623337623737
66383234336265353266653933666631353730643265306539343730353237303766613132333437
36646336333435633030613062636334656135373634643432363232366634613539616237353435
65653732343937636335636231613633376363356637373562393565353231366433366633623830
62643032323864633536353763366636653836336363316563343964353734323537666661613730
34393333636331306131316335333730316362393539316630343836323463366162353334643038
37663632356336353637643535336363616432623562356161623130626530636562356465393332
38616663306366646236636234333964393631373632333765653830626538373637386533626539
64333534653165643766353466333732616237356536666165373365373435343564616136353535
36646638353765613639363862323138343736656536326537333639393137653937346439326633
37326639366337386139326138393136646238646139303662356136633430396262663837393030
30343833633834663235323631373163313733323237313637333539656434623435336330616339
31303635643565383265616662333039653561343230653432373363343435386333376534353863
63633831363030356439633632626135313032633537623930303931663132353737383434393537
34343063613534636639613731666236343130336564306236383865376566383234646266326636
39626333343663376162303338326162383662613030616639373832326366376433656564646462
31616363326364396337393234663639653337383164663138373536666333653133393965393838
30313435353938373332353230663665373634353762356537623366363065666334363230336264
32393862653237346437666536313862633534653461646161623265353565663562303938306361
35623939373633346432623661663933643632353733343634646464663964613561616663633064
62333465323036663163313466303234343632393866343964333862653034303734623763323333
35386538376163393163643962323738326561366638336261336365356366383139643563666236
32616634353234393137363862663336646635393831353434376465393935326664646637303031
64333361346239346666666563343161326264313239356236636439633337643966326538313664
63316239623330376636346239353765366234333136383632623264643637356431646437303766
39316330623334333163363763346538663261306361303530366465323134376534383961356565
39336638386562316635333137373739383838346461613738633831353533343539653866656363
62343965346337613230643335336336643061346337343134656434313934366262636634316263
34363565333236366436613632353465363737616334313763373932656163386336303530656465
64373432613035626230316665323535343934383433656431396234383133353264393338333463
36633936363635316138343438333865623963373739303835663236653563366633633232313337
33333536376366663133386135373234343764346633623337386131393163306236646633376362
35326362393438313861613236363033346665333931656662356463346463383635373832386530
65623636353336343065663334356165613666386439653564393935353766386134333734343934
34626633626463396633633262353335613837666262306365393531383063653263383064613531
33653163353635313735313630343837303564643838386664363163663635336333373330333338
66383535663865643232343064653064636263633862643935643238383563646632326532636436
35373535343732376230383536666338333462653138326661633462636661316633326262623933
30326430323563646539626633643763383635376534393565383239386162303932386363626463
63333731363739333961323264666164313263646633623663303866636139666431346463623538
38336462643466326530633130353635623034376530346239373365636266666631313264376239
64323436383964386334386261323730316165343764303234383337623461323161636163363239
64376135346662356133626335643163616531643864376663366232393261636564613832613061
31323666353836316236326565356264623530376466373565646466363961613339386137653437
65303636343432613362636563336137636266303433643864656131633139656437626131333236
63313634303163363662613764303564616465386461663338306561323965636331333965386466
37383566356264376233323134323339646266626231383032366361656438303261313635633933
61363035386432353432303138363939366331336263633465613733326134626232366632303738
32666632653137393462376237656636316635356561303963326538663137343862626437646534
37303663383030373633346230373461313939393465653639373033353865656138613737323938
37333763383162663730373733663630363531396462326365323862616235376362646164386466
39383565646434633739346135333331383531646438366434393665336363343733306335653733
64323532643937663261303833656533373839656537376562636233376332383239386665303638
38653533373036373639663065636337393734656565666466666139616364656632666566663533
62306134366139393935376434353139373066643363313862356661356135356134343766643336
36613132316239333062393232643435393933623234323230646231626139323166363665613866
35323264656534646463303266383336356536306662626531373863396634376337386262303562
63346133346230666137323536313761626666393833346563343935323161373861376635613964
63646164393466383130323665323531356364333038656236316530373037336239343264383136
37646535346361336338366165393439393838353432343930353932633833356531356233303231
32626264336531383039326337313962323166393265383561306263356334663133646335633236
64623534303561333165373031663863386564623964373538316630613363666433373662393962
38373062333433333762306431383963306531346235353638616636383865626462316465663466
33346636663133346165666562323933343364663031643931383139353836636231313061383965
66643139326536633138336633383934323938643464643966316438323466623062323534313034
35383861626230386534373861393930313833333038343765643432363161653732636337303336
35653134636331353836623661363937613431623330616164373833313063393537326365353262
36666538353165653430383030653539636439663065336330393533383333633663313739363033
37323566323862353864656535616230386134616663633862336233333337376339333631366562
37313062376339326435383463323164636232353561366662306463396361353639366137363966
65356138383661633034313132616334313737323336653934303732316163643263363964306263
38393533653632303238303232353532323530373238313661343232623732326564363465336433
64306664373138343133326334323866623865333538633731663164643334613861393863643462
39333262313766356131656364393031343765373464626636653363653362316630653039393732
66336437613538646236313363303630373337386463396562343064623038336236383565613537
65633430376239323761376534653533636539353464396466383830633065396561613834636436
32396532616639393564313436663535656363643931623234666237323031663837303663363962
36396235636561306166656662393863333637353736336165303130343832623365303862656135
64633433613464633364303233623339663137633938303631363830643737643761353863343266
37623461353062396363623761646637376139353136646235353661656637333061373565643762
39383731316330393932316330626532366138313832623030323666363339346439363730653163
64646532646463326130623832316266326363616562393166633764323736666137633663393730
62333738633932313666636563316633303865373664323738633366326261613261303435376363
65343165613235623337323031366332343361343434363236373232326532383663313132366338
63303037363666616463373061336562323163326636366664626364396361323932306436363738
33633061633632623965363964663630333532396634663764326234613166643966303161383162
31313038613734376132663961653966326138653830646238343034376333316165313461313261
36326536303735373335636138313138306635663338383132393736336261656534643636316433
63346539396465636138653639653063383633306333333431323439323863356162633836636636
38393765306463323563636630643636663962663935646663633762643966356532303964373037
61303439373763383165313733363966643763383138303663636531393365376230333065323332
39643738303432613036623537656262316461323134343764363730376436343861313936663862
65626465613435373432353763663830363630356466373161633433613831343733363934653933
32643038303662316638393835633439356161353164666234663532373431666530396431643664
34306435613461393261633566323131343133666339393531316138323732616532303039396166
66396639656131393664633035333761623334653336333437643537366262316131393265373632
65393436313835656334666532643038623234373031663237353561613365623363643862663838
37396634623739336633643461623734363836356138383766333062336634373665633638663234
35646365613136646463636566623632643935303935376634656234396535633830633330396239
66316535376532303032356661336134303462626532326163306237643436353934326339383165
61353765363936613936656430323463363262373733316639373763363435383261373462363932
39303233666630316366636532373865636633646333613633633131663235613738613334346330
64356138633564633565626636306363373239393239306238363731663736346235346666333734
61393936313935346661333538313937313138313438306339396465656561356463326364633430
66376138613066666632663764396431323331316366643438393261373937633339326462663938
33623361326636336661306161363036343632393465626166373030643534386635646539643533
66306166626633366362656434313163303465303462656266396638366463343630646330386434
32386335626430633130363835313564616336393237633563343961383630656565353561393339
37356233386339653133333532366234353134386262373264653761643962366438346130313838
66346236393364623931636632646230623865633666343466663464363637393765616430363230
38353532656534616235346437646632353939356232623863323966633238373963643462623261
63663561613765313534383838376666303938343065353761666134333766646564623636386533
63303937376635343964323237626263326463636435666134353338353935373032373930316134
33656461343534373530396436323966353131646138653664313665646332386234353565636530
63653562306134636332313736616361363531363834643262646138366234313531636630373734
32303431373430323963616637633864333865363935636333633432376265346464393630396632
65613230333362346236326236663631373634666663326638313732623834306566316638633866
30313737656562623230633565316535633262643764303965356161633065396638353834376634
34373462336333373362626630326433666266333339316439643862316239633861653564336463
33633864373936626531663239373165343466333433633762656666333139653263656237646636
37663966366264643234613039373030363866363639343261353638376666666638626334356362
62623964343039363638613731333432356538306235386165646466616263343962323038656363
64656534663330353535653961313163666562626562636538626137633731353230316331663533
63346236373734373739383965643463373936626662646461346539303539653930366165633039
65346466633238613034636662633634663261303964396237633661613132353662386661343136
64383034613164343133326138373832393162383864383139336565663431613036633866633963
38303334633133383938353630346432343630363738366362333437383264646433396665376534
65626235643430333735316235346537623761306166313439326136643330326332663338656133
35333734333361633362666137656536343234623466323538323764613765653833343061646163
34643932353663653131346465346661346662326131346430626361373538323037653331376162
61303038653761643836613636646139366637363463323162393962633962363231383265343064
64616135373837336533303033373561396638393762656238376361306136666565383464616330
64666364646137626562633136303436316131633733353561353265313039346534373235373463
34663237376335396538373737303836656338633036356533343463326638633061373533636438
64353037373264366662393437343866326630646132306439393730326530613862633466393930
63656264623635386539303839373134386365326131346361306633626537656239326637336436
30663832346664633163346364373037383331323537633139653263663531613762663433373763
32663733326665626637326433353365393739316663316464373262363836383635653735343561
39623765333764623033626435393935363461666235326433333365613364623462363734383365
65313461396334376564643335653963396162326664323139633230623836393964353264316363
66386136633431323238633264623066633764633364316365356532306336383263623835303764
31646536333233376132376635636330373138336538653132636261383639613434376230656539
62316637303635643563643738383434623235323563313331616639336236393064333966643332
39363431656531306230323533323132623035623735346463376164313964333731643231353731
33336334666535386535396330363537373437376338306135356637613335643336323130636438
66633830316535373332653261386139633435386138623862633035376266383166653763373866
36376232333233323635616439306335623237353666383234653631323061393739633039313835
66373538646438366436393730353136386466366261613334626537363531383866646532626261
61613461303766376563626338303163656566633066356365656134656539643737363764363838
31346265623264373338643335363033633062386165333663333133626635613661386465373763
37346232353134616266346461613037353232663835636265343631383362653331376538363830
36376634643834383636356635343531626336643737303964323262356163356339363734366533
31323963376330636464656262383735356435356236666331393231386330316337373539633237
38333465633035653762316462393538353238363261386330353864356634613032303562323439
63343736393962393362663638626361616263306363356231363364663165653037373031616639
37333666343566386431626261366338333635376637643032343232656534633739666237643836
32383531613932393164376163336562376335663165303432303637313337656336613535393662
39326165336363613163353864633765623865376236323866323862363638643639633737313232
35373733336466613534323739346639366164363237633236353338646362643464336632383438
34633763373861353934363834353238636138346639316365393334343933663338373963646630
35366237363737353461383763616336353138353664386361643630626231666566666661396437
31346263653032326436343866373361323632366332326130396239323965363930623965386135
61343163313234663231333461643639396438373632383966626265653862633136313134376436
32336535366565623763653638663866376432613866656564663432666539343564393462393263
35326437323537353061323434346163393537323339396661383039653262613937343236613738
66306338653835306534333238333266353537353030353464333761326661666432383562353637
37306634643130316137363164336539393138366161356336343166633836666636383433393932
30326263343237353766633665383734623430616433376533313562643362376532336339633164
63633866383533376530633365626335643635633764623435313532323661653834346339663233
66366630306365633161303766336231613434316434353938303239313661346463636231393536
30383762653332363634653462383064336163623631313062346639376632313230333933663165
33666163363264393663643439663163373234636263333537663537666164626139663537623236
38316231636366306465646166313137363632366332613730373534613961343662373934333335
61633336383935326462366462323961646564653235646430343738653330646162303666373537
31303763663437666532306333323461633437376261393561623965393035363166306565376164
32643131656433346363363062626536393839663037376465666266633730643030393639353565
61393335636131653631373736623963623431653632626234363065343637393133373330313862
33643164366566376538326336313239663665323836353238353533623831313539343938343735
32353865656636363037386530643336633861373737636338356630373662313766323663373633
65373331646164653033343438323735333562316163336131386266636133376137633933613935
32623733383536613135626634306265616364303237623031666634626633363835383165336539
36336138306439326430643461636638663261353563363765376333376235316533623938663965
36633762323466356163623539393735363432396333333830373466366230363561623565623664
64646135343737336530373137613061376434613566333865383537666264333362306166366238
35363730666461663638316662633836336563343831656164386138636535323036623231663532
63316634393363323339653265333930303734623061646230643031646663656638303030613437
34363566633964366163336265386538316666336565346435643236363237626661333765363133
65306461343366383462303135343530656362313236313061636130386435323032376438386565
65323130613462326333363337323131353232333932663865623537383965666262313435626237
33353735323639336339326461653039306463316633323461323863333430396336346530366330
34643435373937316639353331666365623763643261653464666162656664323935663166373931
63373338396464623132343536383563643931633338653239653461366637303761373535326361
36316465656431623930656238383830376637383934343337626162343730616536306233383439
30646366373762633561303165333662386263663038666635643562313233323434656632383635
35613736353363323661373533303539353633373332613133656337323332623036386232353031
63353134353839306137356138663666383638346632353630316132383939393331386337643432
38326131613839323861633737326631336130643035336235316135626137343837623565343035
35623066663033336462373966636461353037653063636534653533626637346136363139353135
63343562383763626137303464633066393234336432373931646661336365393533336535383761
61353236643063353734613731383035653530636536343039343637613337343166333735666665
30666639323363306366643834656632386461623665373261313935646536303332633736393166
63653138336166366164336462326632366337306361663261393737623832373432393532623464
34396634393030633437663564353639306636383161623031306262383730306431356639366638
38656365366566316166663035646164616130373332633436306135326463336266366430316238
31373535623431333332623238633438623230663261323934333463323636636233643862303536
32306537346433356230393635616139643135393262393138326439303064633061613538623532
34393866663734616366663462366165633435333734303535633164613539656238303164326535
65666437656433393630616163616337623562313561303438653965316130633165306230623334
66356638656137656638353963303839616365373965626139303535333961366230313736646465
30383437623539303436363366393231383362653237383261653465393738373539623638383432
33353764633430663236346539356431303864376461386233343065303964386338623763396261
35343361333333666166623733316537336439643439656634383432373833393764623537646565
32333038303638313035373536316563383863336562666437633262633933363664303736363064
66636532393431663865373061316565336237383366653266353562356637646538323939376563
62653230303365343335376266356564373438623939643538306464613038623130646363646663
66636262666266623238633233396138626563363665316164373864626335633937336363363864
64353765353333383835396162653932633266663333653539323536323735623633316639326437
62343635666362663033346234323336653862313031663137373964323533333735386336636434
31643065653665383735313036366233653831306230663232326439363536303935313538373636
63653737333937653236316266386139366430316636623436633632353038323664316138306235
64363333386433333862363336653733626663306465363366383231306334626661363962333963
30396531303062356561306562343865346236306364396237633933323363643237663430666333
37613137383563613463616532333830613939336533326534346236393438633630346231653461
37303266633132306630363966356635623339636466383539366261326235383131386633303438
65313663666361333531336661316338663030616636633234356361613765323930393161343837
64336665306438623031336635346437353035663763323730303262653666653266373166363166
62623136333166353330653030316435663064373266386365656531303335306335613938303532
66613234366465316665633363376463666435633133303938333364393266323831353333633230
64366464323733623536373439616563396264663163393530356666643933623662323639643165
30666333373037343263613536323364373266376238366361313237373265353031393435333235
31636336353865393065356334386433316536306338613666393235633262326262313733343264
36653635636233663930643636356132376436636566366531383736666262306438366461653732
30613161656336343866393066326539666435333236336333386161343063656531386263316331
31366239363638623735653836343366333535373362666332333839336239313763366363646232
63616631316230303965326665336439303961373764616230323261656437666263316164326530
37396564346363353239396166326637623163656638363836393661316234323263343737303839
37316136303531363863613161363763623330666561323430653734633237653338386362346134
62336666316438336362626262613037346137313231306538373238626463656465306130386331
61653039663037653739323237373637613162323563356163636162363433333237303866393235
64306664646233633961396333383466663866346563356531343536663235363465643964643332
63653533633530653832393537646465633165303531356231333463386462343365623530663837
37393832393632656564333633346537393363373763376532366563353634616165626161613236
37643564653831366465393166653465393639383434616237656537313464326363633731326638
36636338633963643966616130616664373938613664396263356133666136333466353066303430
33343661626333353732643235316133363731343264346463313739316239383933363663356131
30633937336664323135623234346235333134353732303064623464323131316535333665396233
33383834313431303433376166376261643639356537386533643630333665306639656234346362
61353463373035396637643663346564393531353439383531613037333966306633323534306563
36666361333961386233363064356466633863376233626564656232633133333830376437666336
32633134616232656535656135323534373666633131333363613538303132306136663965303664
66666332633233623266316562323261383261383832663066663832633566373964656430613636
38623639636538353031326539626562303230343264343939326334326439366365613361336637
37623232623037636531653131626236343261393436386562326135306230303461623930616135
65323764613636363364353962616339363835336235613837636338623739373934333135636632
32353737646432666533663765646663656663313566353239316564373933333830366534333731
34663934363835306430353635616130366138386565343037316337323935323431626261326364
33343262316538333839633263656664393861316233646236356131626530613266656664343936
31636664623739313063613164353934663634373139646661376530346666386563643261343638
39346632616663353964316539356235316261316635396264656432326539653163323266623134
35353638333766366337303734643338343134663061333364613562343632613635633564303265
30343665396533366164363162373838336665613638383637666638373562663737363433663737
31336162393032366465646534353330366330626134393734366131613766383538316163623965
30323964653766356266323766613032646463616164313534323839376235653562333866643566
65333035643566356335323132666230343139383234643430376366613662366362613465353965
35316234343335396261383936623465373731303039393033613965613462653838633262346566
64343665336634393239306230343964313464626161353431376435346330313264646266386533
65663731376633363936323937363362373036646133646630333732356330636539346566393465
34376334313331633336373737373166396566666339626537303833363165383033333031646235
38386132333762336333626132323437633138663333353061613330646434346434363539323265
38306434616366656134333531356339343833303930666230653665353266386236666532353263
61316364663031356264666534316163313138643036376266356631306433663033663839353163
62303531656563646436303938623434636161663662656534353934346462656335626437623366
62666463396533303339636361343862343562643163393462626235343861363564326239396131
32626535333863616435623864373663333364373764316561373464326362643230613561366564
37306330653232393864316531376465356136363635643363393531303531663563663837383836
64353031383033363966316566303435353432343261366638656161393833636230663461613930
65653533343961373136643633653263376632633862383264643936303031373130623130363937
39323061666539653163616137393238373136306435633730316539643930356162343531353765
32313337333531666365353231613336616639646137356430623632633436326535373538373939
38333462393535306235313166306264643533373632333139303561353333386433326237643961
31666136353739626463373032353365633336656563663462343261373437393333386437666236
35313337323764653064626664323131386665313366306261303462613138343237343461386437
35383936303632333631613234323665323862386232303331663364316139666436326530636132
66656565373230396232333133326631646237333861306237373264386665383962356566356631
62363439633833376638633165313239326339383962333837376132373639303339653531646530
34393163323937343833653830363033373932646334646635623266383663376433353139313937
61363532366531363837636336613037643465626266356666646466653165393534353838666530
35623764626461376234313538386131646464396163363733613830323833643333663661623239
30383432363339353961666432376632383031303263386133366232363035356265623530393830
66633265373066363736323663306265353061346336333238323839316438356138313063336637
62393238323135383231353762623463383635626665396136633234633633623765626638633138
62313062336164626537353463366537666666643635323236323337666537626537383564343066
30396630316434323836376362623465636664343930313131326661643530313133656366393761
63346535396430376430366630313835363033633165356364343136386666313239623563643238
34653333386634353664316464326166316337313833373435363132323330393561353562303864
34316539386430623161316239663663303366313532303239393566383866336337313564323763
33393962346161373638323166356262376564396339643335643834613737613133303534313336
65636437663039303630326231663166323339323833623437303233396261656663643531373063
35366539356166613764396534636436663262666135303963343331363265373335653839353637
38396335396530333262666233373532663533643237313665303833613430313036633530663139
62653261343532303862366231353065363665383131333034633632633838663066646465343730
34643963313032353336353532666138333031323134346438353632316536323238653537393466
66316662383666306238313036373663303839333361633063353031386231313462393431323636
37663336383130363163376365373063643136643231323662366261323335663464626336316534
65316461393238643834363532373965356363313837653164353735313763383032343365386632
32656137343537333866643939323165616538636239393430623232396664616435386663343037
35376339356364373661363466653836653935633138613932666663393334663438303661646330
38303235353964653338613365333437303238633361383065663530313638373664383033363561
63656632623039613137356134383237646562666132333362373364636436626332613163666261
39363236323439343063366137303134326565363037613463303934626133616231653865646164
34356533613838653966333536346564346339313933333730336431323938656566653030326432
63393038623765396537373063326338353964396465666661346130386132346564653061373662
63323661313661343639653661326363313334393564376166333932333865373531353964656233
65623130663333643738646239613636366538343466666466343035303638303961643134303235
66316430386538386463303336343035633036326139653438633732383432383631366538316339
32613936323566316563383938623964643432306439343831653736313632333566613630363366
38343033383762626134313334336135316232343837373034313137343537653265393932636664
35366364393066376466333436623039306437626134633130663663356364343063326639303738
63343261396563666534653838316238333730326363623263623839326131363664363836303162
33393035656533636136313365386632353836636536356130396561666130343662636265333966
64346366653764373866643365316437653163643533333932343530646538313561663966373161
33646266336139336364653030626535613535353036353062326534646464306238636331366330
61363236313339303464363937333731336638323836623937373662363462396333323965366236
65396265653430313234363165323737303064376537373538616535663965613636356134313266
37613965343136336366333830383431643933323833656432636435373238346165356439643063
31656639336632666663633438666138323033313266316165316534663636656138306663323833
38376236323130373834303963613163623137656464636639633733396433373836343533613939
39333363363937616532623461323532653635363461306638373262373766666263313438303238
36656530313837373633636662643932396434303664626462373638643364343436383237613638
64376666373837643439396430386531396535323662643533373334326439303962636239323436
39303436656165326562363965613738613666353136323736666134383862636632396562633563
31373962666561393861323865633462393337613764636335633335313962616465313433663363
62633963646266656537613830633434333465333763663934363133313732653233656662616161
61376364313137663333343436663838346238333630393638333138616539373533613031323035
65333563643932366331613664336437616134636664646538663165383830623433336364633633
66313261316237306265333831613434323766386131666638376562363661383138656264313637
30633635303963656439616339326233303864616264633338303631633236306530333031316539
61336236336535333165646661356537616162613639343961373565313933326361633132326634
64666535303637386538373636306134653062663437333731316533386364626662316135383233
65643431343436633434333366343561396132306133643365316339626330626432623339343263
64643138643833643836373861306236346164303162393236393765653438383636393331643638
63386134333337306138646362636233313939633636356566373635363462656565666662313766
64373462366161333532386630383164383031616432626532636538316465333761366166643035
37646566356463316635666364326132633437313734623333376139626533353331633833633361
38386631396163303636373866313265636235316536343266633537663736633635323465616132
63303361353936643866386162663761326562316431623764336562613166383732383062643665
35356461633334303631613639613935353932656361616236373731376433333766663463383539
64333066653236376165306466653964393936346232613231373361393065336663303432343566
63636535636136653865326434356361363637343535353762323564613066643138663539396339
31376464623931346564356438383461623862636432663435653262666633613032393037626661
38656331353464366331656632393665396432626536393337663038386330363130333637613163
33343531623733623939313965636466353231623765353364373932303939663932303961386131
36363866336338383063393030366438393564386462343662363666303838316334383734313337
38373663626264353639663465393539386538353633626364363935326161323534366331613838
61386165643539306162653461353036396664396366376533373530653834656561313335376233
62623963623733613964663935313261376661613833633530613661376430393661363537646461
62346131373066366336386361383365393930653736326162616238346135383937326461666563
37336232656364643261383731633138313834386332653735313063363634303238376264343436
35636534366665363839363834343061383465653066646336633336303136636535666266323833
65396637346237643534376562313862653932303934613832643339646462663536303266366530
35383464626537346134646239376237363762326561306562313762393465653232393136313963
33373333343831323432353364363166343034616433383736616538613735376533626234316137
34613763343130363239633866343438393766303564373031643763623930623566326130623962
63646537333765356439666261316464363864343035626335643435663932326331306333303637
38373432326130353064616462356365343433356664396236343630303033343233666635373965
37623139613964336334343733303037653139323566643933313464343333333365316539613439
31323332366566653130386331623336653639313839393138376432333866643831613064353564
33363962313266333939626366653831333637613962303338343239646364376534333364666261
35303632633332313061356164626130376336646266643839653238616237633230396431313637
31333838336562643837653563353663336464306665626136623966333166343065613031333635
64373861663039383061613433363363666538363835626462323439323335356664363631363530
61613234346134303736656266393432626561656130666662363132366437656132353133313565
61333566646433623137356665386532386666373338306633383335326665303663386235373533
39333139666363316235623835356331616237333931666433636533626565653935383366343434
63613332313364613264343639356437366661666363613937663032633833323435333966643239
62363730313063393032383562633933646137663739346430633964313062333665383436666562
30343761623835393939333962646531656632343639333461396130396562346566323965616136
62656335336532333330633039623830383035646361363133636164643463656231396462633337
39396438366635663766393463376261333236303339626262356632383735333336373361363634
63343037393663326634366365303131646538663133363730316135393339653032643564343230
30373439336163336230633464333434386237663263646231363165393164313238613166303631
65313464353764383734353538373066346336383865386261396565393538346137336237623464
64383338353261666234376164303265313862633762376462646161346533383434306530306134
36303163666439333561303165313362656130396339633939353931356566306238383733316466
64343662663033333930373830623034323762653666663238376338366566333463356134623130
34643962613166323265633763336530626134383830373062393532656433333038643561663765
64623331653239353931623937376231633537643336613062373738396265656334663838373238
63323437636137323165626337343430383262306630663236653533373966653963376239336331
36626438363830633330366266373739633665393638323233353239353363393837356136313937
61303263313536373862336337363562383861386565383035646161663863636261653461303864
30363362613063326436646634346263646136393539353337653839383261623037633939333865
33303834316561306163663064633339383263643639333633636636343130633036646234323235
65303164656265323132336539396361636138653764363132366433353030323862353062616163
37326339306533366466636235366538353037343239336134373237623863313330363764353763
37316162373561323963333331356161393739313735323764336439633365313066333839343734
33666335636238623237373236393635633138613830366637346535646665376633363136333932
64623039316466663238303739616362373630346534616366633135393638373565663738306237
65656232623431643264323938653262366435656531376231633834396166316165373635303037
35356637393938383435653930303939613235663161386630316538373135323732346362313066
63666431616639643663336665313136343832353961396263616432633438356462313837666136
36643665353639306434666464303266346633643764393536613264376162353730613635643737
39313934383132353365383130646332326133646266303237633536363234343037333335643739
38643637663430333635386339373839313864326136373963653664386166386364313939393362
35333536303633373338386464323638386166373861633264323462616462326436313435656663
37666163343434363230393166623733313434626434656565363433303163346639646335376433
65653364656663316361396631313539633864663462333039303965633430623538383932346461
66383736336662616164656636346438383338373535626332313233316564393132306231343237
37396539363464323437636132363231663064633565313536323465636534383432393061623530
31353037353835373061336165393039393731323439346435373939356333383164323866393539
62636333633030613862623364313431633261376134653662383966613632313435363433376365
39353666306431393230613462636130313536646564313330636432393735393931363937363531
35613730623335373331313037323533643664306565386532393164386330633633313134306139
31613831396533666135323032366566383638313238313537653635383061303464626261393039
64333431373533326235323162386538653366326436323566376461613338623139313833303636
62656639643137363238666432643439613564343463376663333230613561386439616263623132
35363939643337323664373838373163353763373937353764373236643538626134633364626634
33653331613836306533643262646561613037623137323738343265613831653539633965636665
61666337636438373962393734336431356666316333326266386439343466376561346138646264
36656563643836316232373234363261396138663633373630626265393433643565616539643632
64366635383639333731366637663461373461326462376365623737303236346433626461363930
34376436613864353838613330636164366438666335623338306137636266356435393232323532
62613463313735343236396539393536386161303962363738386631646238356563656561623066
33663638356461326538633432303930303638666265326565313332346462386139396636323639
66303531343030343530313132653632626339323936393061393561346665393535396364383361
35333536663966343563386430346431313665396262373631356562323936376339383232393931
62613939363661326534613731326666633234643664316634613531386365346635633966653666
38363334393162333664306430373064313737343333333038636139643632653339653063373664
65353335623035383931336565633930626339623164666432306565383264353066353334363365
63303135303366613961306136323535633066356339653363363430393766636435336366323461
65666130366134313535303166336566663461303361616633656330613239386631643339643437
66623764633332393933613064326466363137396235366166326135663564633530633966646338
66316531366134346265313630383035616661626133623030396230626231643366656233373962
65366539643239653636653263613033333864363264313336663330356537366335363730663766
64326134343636656666616333323030306631323866623961313636333761393731393363663739
36346531623662613966653031353937626232383265313232636630386339613432643136363562
33623664646432373762636637616235383339613233643966363734666164396136666237663061
37383635666361626233373831343034626263373964653666656366616437643863363130323639
30306162353337646138373361656437356531316231303634663135376137363533663239323865
63633539313761663539333031613262613839326633373761383863363533383536643931633066
64656438316532636435366238643265383139653532323534623832343964383235616333393763
35623662393231346334613962316238373237383130333566323837383530646662636432666361
37376364323835653433656666643730663137626666313631393331333564356564663366333464
39313433353862633638323262653163323861346364643638396331636136343239373832336266
33623961306661643834623837616461653363366336316563656131346138376438633838646338
63626231653531613365343439633965383734376135616162303762626638343161636161613562
31656235376637313962393764343035393165663965633562613861333736346635663537383433
65323065626565373462316535656461613362393038646636626666653534623362663630643731
30653432343434363434343139353163396635663932633164383732633834383432646133646462
30623838636333626335613737623961396632333463356464393561653964653535373831613831
61373662343336646464303163623664326331613139393363366230383865323063303064323733
65333764303237643663353034383230646136386565383066373965333662303030653535363134
37663931373530666535323461316534333461373866323935613234383138343264623731356433
35303162613633306237643138366565373533313430306432363534333337373431346364373135
61363234373065373637306538383666303265313935396132613134393265313764643564356463
36623530393962306338386633643462626133663966356133653231353165666564326262323931
64373835613064393733343336303864666463643766663562336336336530363761316562376265
32656335616461663435336335363131386364363936356232316531363034386634613532363961
31383137616236303936363935666432383235643538323234303737393335353135613665623130
66336466323835363435656438613166633762393063306138666262663033323061323130643064
61306239363233356236636363663933363432363966376530396436386266656138366130373736
63386362356666663462386333653533633336373332336362643036303062306165333435373335
65346665323138643936313533333265366265336231306338393336663333313766303762396532
31623761316637366330666339643861636561306333356437323766626465623934383138626634
31313336323661396134343830633937636466323131346430656266316239663531383933646264
36343031666665653534313033313963653539616230636666623033656232373935363763666164
62613762623230616534623666373039313135623030326562353965306366363661373033613462
34636265616332613265303237323762346562393565313237343236303533633538613435316666
38626131653437373163353331626638386463363065396531356537343335323161326235376663
63363935353031623034663339623965613634646132303461626433303961376338666265326438
34623537386330656538346131366161306636346138616165366237633731356461393433346634
36633537333434353862303863373662303937613264313562643638326362393263393737626332
39303463333732313861393130366235653333636235363431353264643434636235633030303634
31383539353237646561383431656661346636343037373834386666366136313661353534326435
62336561666564633134623030303563326634303864313132663563633863323964366561633332
65353666376531303731376561366238343735313938383764663964306566313461343662316139
64626566303730623131373335613462386636356132366138623931386336386361346538306335
65636163616161333336326335653834633264363664336534633061613566653838643235623939
33663836666666326162333133636139363561326565306430373130353264646665343232373063
61356661353364396638303766353839336434326537633032623863366164333262313538636339
39343562323539393436336434663464376461613261393630623066313734376634386230653934
37643936623461656638656435643239393164303335643936346264373665373963366533643163
31316139306463613939666531383036323764643634326239383331353861333465626634386237
30386336313461376661653966356335633739303834363735663861646538363133306465393065
35653135383437613930616261396539353266376262326130666366656238353538333734616532
33323765643335316335613438623132643461346237626466343136306236313138336261353833
33636466633662636561623433343437393666616666333432663737636432373663383139326637
65613438636234363537386631353139383430346163393061643733666532626164366661303837
66636537353237326430326636303336623565376331613764363731333839643264633763633935
64386661346333386239326566313165643936373432333634646134323564393236666465306162
65376161316537633335366563643166653537663661633634343962373763653764373032666231
62396137363132353337303539353634656333373365656136393861623165336563393836643635
64333763383330636136323038313430666534663961616333333961636562383864666534316565
63333931623564393365613438366432393335383633313062333063303461313238376632666537
61323661323731396335376439323134396436393733396439316235396134343037313365613035
61363163303830656134653233373630646165303263663465616537323031663764663730353632
66333962336236626133353939343635303666653239643932636639316365653633623438653833
38383033373934306638383233363731333561643836373038376132663433303834633562316139
64613965353464626135623863656162306335343230343565613934626631376533363363383831
31333565663134633864356366383231656537613930383333336439643133356137373565656637
61643466386365326635383231313130343664643831656333613663333439616664316637313364
65386562636433646336663232313166383662623930363066323639626664363630363761366634
30646132663230623437326339376361616331333332643661636136646662313037636132393038
39363165326463333564376234613463343163613365313065613236663232623465643732646535
62613037383335643132363564646332346561333135626538356338343033636565306134613665
30353166313537666663366137393339666635356230356133346461333439386638663937303939
32646366626464646630366235653439636433653463623662383736656435663766356261613633
39626438303432323935613139653530356161393663363335326361393235373135616665636637
36313330356665613434326661303433623936323831666433336237613638623431326161623836
64636133613930333738616330313933623637356565353530336134363235333735373862396431
31373263393934613730393339363732373366386238336461666166636434396332343332353764
34643034623437336539
