$ANSIBLE_VAULT;1.1;AES256
39636634393933313865393964623965323134346337363061386364626166393563303065353566
3834396630373662333461376563666131613265343331370a303866313362343363613835393735
30333531313930396436663731613835646562626262393631346466373832623937313462653662
3266306333343431640a376131616330383832353034383534653564306163386631653066633136
35323464373030336330386366663030323330343934653238336263643862316336663563666266
36633035653366663237323533323237376633646538326162323263623363313439623731623930
34353533376634633363633339333862386462376536333035663637363963323738633462376239
39326330323332666362613534323037653766653735333736393337306264363564636665323231
61666634633839633764323964303963616464383130376163333565393230653737396566303665
37343534613366363663653034346562643139643761386333653037646231373434363332373534
64383336373639396562333433643761313866653865626636323032313331333863353463333536
35623331323165653861303763346336386339356265343362316364313635616637633264343334
36643566636430343332666161356233616132616366313265333830613836343130616134643239
35353533623238396430363030323566363764373261356231323265663535313333356535663564
31353934653433366339343435333336333561633830623664386466663334326634666636633938
62653731646465323965646535343039646533313432363765346136356361336539386533303265
34356331383661623337326437653631336438616363386163356366333462373937363061346135
64323666626433323961306665613830333138376335663765343164343666623733353534643462
63636530356538333937656430623066326164613263303965666633643536663863346135643139
37616235306634323561353366643735323664636431323637363566333239346535643432626331
32373866623734326338383264636161373036653831366463653864666232616163333433636134
65346366613063303065633661313233313834623563356362623465343337336336626636383566
35656364316533353366306331636531396135643765303031376130373032626339616537363162
39636163363632373366653235363135376561626235646639393738356332373961393732356633
61323163386265306331396536353862633432326462636137333164616436633731356661663462
35316239313630356465666564613439383265396638376431376537386263623735613662366161
34666635636564313034626566333437653735613331646665376330366361313836316539393234
34356161323233356230343464613837356665393137396131303165623631316234663862376664
39383130333236356565383231646533303166346439366462633030333366333765346235396236
30643231653531653465653837333232633137646565393764666634323339346535633564376536
61643365373334393434653030343562383263356238656432646134376134393761373666346236
63316336313236373338313265613366666436373966303434623563396661333263306461343164
65613933303766656236386631353635613334353763386133393334656630306261356239393635
31356233333530653262633233653466633961386665333032373437636632613064386337643435
39313237313130326362346330323337323931363761626563656134343161383038323031363963
31643839363336313035646238393734366664623466643639643664316165626132393266323964
63653466666232386161353161613039353237376330363135333536626534306332393836626134
62613733343461643230653835386639643365666436623966313964383739363531653763306435
37373663613165333134613464666566376533323131616664376462333239363330653161656666
65646366663562656538376533316365666433643738323331383064313862393633646165643264
39356437303333316636393030373664626632383133373361623961393062386630316364356333
36643236306264653238613630376164316332663666363030356535343365613335303139363265
32666463636365306661616134613938633330303934306561313465353865306237646162353631
32636631653165663066323730386361613130326637663064316532333536613934356334356539
30386434643533616265623834383061386664346636346132663734376233326535623461383764
39326539366265303130383639333365346266323164636566333263373262643835653831643663
36383633656337303333366537313637363732343764613934336463373961376462343162303666
37323666656238666263653865653936333033346661633961313065356531666261613364373236
33333964313531383231343064396438393230336463643461363432356466626330353035646465
62346161326163383463383261623965373938643939386533633565376534313433633130333234
31353166353364366431373166623562326466343066323965626539343263333061336131363238
34326530363834383935336662663866303437663035346334333631616535623365653031656634
35386234373832383439386435383262343939356438626435626566306339316334356237666136
39643761366430343866663433626239326134313139323232336664353331363933616366383234
30333438626333633235356163336435303361346330333033623838303565623663616336363136
63303836653762666437636234376137303033316432376331313131333332363736623534396238
34363764653533633238313465383038323465306362383535663366616334363130366535653763
62316239616533363666623165323538333530653031386661326564653162366135623733373133
33316439663561626137373537303565633364366165663966646131363764313331666464613365
34313432386631303534356263653466346337633030343938646236323862363136396464663662
34656536373331366465623436346231313734336366613730616461313764326536313138366436
38353735353736656134323437373130623233646636623135313535313333333866303964633732
63353134636261323565346332636338666638373138386638333065666265643761663638623235
30643232643338383765653339353137653833366165636362643639633361396639643363633164
64386437346336643566656137616335613132383033666464383334656565393563336666383135
32326364316566313835326132316533353939353138336234343934353633633666633131303237
65356538656136616264316130633232383561333230333438653666396566613665663732623435
65616639353066656232633038303264353537616530313965353830643430363233346666616562
37636366303938343463373630316237356631363734313436653333623439633836353661376133
62303633656532613864316665366230336631656335323132626362343838653662373465373233
32623534353538366165373565366439376163313630663266383265326664313132393762393634
36653434363233373235376334326636396339613664663335653631626264333138623137376434
66356561366135633931306265346165633764346435333365373838663231353335313435613931
65393965323363613565633239306465626132643635376632333831346666363738616536656363
39373064663361333736353338356162363237643134663866326332653330343033323464343065
39393966613735306637333561323335623066643631376561323436383164363361386431366565
37386336323730373233353032356238653837373033376361373563393239306631663036653136
66346337366634333431336163663236343336666633376634326165626661636265356439393739
38373639393839306162393032363232363261633633303764303763346333303935613339373663
66656261393662633538323934346535663663666263623162386362323838653939323335383764
31306633313130313262313964666265306534326430373162663531346335303532376233623734
62313563613236643935383466333161303132643533663338346566343933393332653635383531
31653939353637316131306532653631346462343663353164666138303835643530386461663866
66323762393036666231386164613636343833326531646436663634356334626564336435663863
61336465666137383761383038656136373030613737653330313331363562376365643638316136
31623661303534336638336161323433366432343336636536613065396564373437306565616630
33316266663939376634366436623734643539656639313836313865393365653033303730623732
30386630376562393330386336396461663730383738643261616136333638326366323636363837
31616436653165346639336634303662663163373034346631643861666139663366396132336539
33636163313137386237613732383934303564343737663536633765663766303539623230353937
36326163346635383839643336356431666264373761333938363665346535353839653238313434
37633134343464633866346532613262333062346461613639316134646436656139363033373235
64363762643436663966373937336434386265613364373663646530633832343039353665376633
37363930333738333765316236343639656665376265336634383839633930616239366234643031
63376664656431383266613264303137393931663465323466646131363233626665616335643463
66356564353038616263326330366532666537616635613238323033333537636431326362663734
66313161393130616261343563353332363835653539313031396463393031313932356534353530
63656232313064393134306538663332643266393063613064353435393339373435616262333330
34366666636634643035383563393631616431306261373039303365383335656630313561356131
35663032383264613861333262343036333465346261643832613464396436363963343734306161
61313563323535656433303962633763346462383065343066356461316337343565383062666631
30383237623631613136623131393831313363616535663836626632323338316335363530373930
30346337386563613536316362633036383666656632336264373931356661323738343364393865
38333061333966343338653833323463363762653439323534633465383064653064343462626365
32646363333062343537303636383463633261633831353138363036343437643763393961636431
61363736336235363531663066613166353333383533323331646631613361653632343463323935
35303438346631656336343463623433613736616261376436636634336138346161383934633364
66333637366665376564656134306434653939373265626535333537333738663839363238663735
37316437326533656531363738376262326431376335363862383138393132636639363865336237
38383339663861616165663637323736613265313036383466656663316535616331373938396434
35663337656438326639396638333465343132326566376361386361666661643335373134316334
37613939383939613230613231663538376234326365663835626466616262376462313561613330
39323963353035323138336237616563316162376439623761306264353832643364383233366133
64363937633337326161643736343262343663353331646362346631656138653433366635613833
62353465643261373663356430656434313932363065653139346361386334666137666635646332
38366131356139346130336266366237313666336163306566323437386434353332333039656337
30653237663834633361366364333637393862333663656163363738656238353664396537663432
30663039613663626232323432366334383161663133363164623234663033623363363037666131
36393933386264336664346537353466396366656332616364316431653864613438656464636133
37373935306638646632353436306639366161386666633138613964373834613335626537643133
34353263643238396136353063393563336164376662643562303663663030623563303335376230
63383430613738346465363061656462613364376666393334663236393766626537306566653066
32363333353934613934343337643437343137663533383632363231366637616666343135666130
63663936366231303266306330376238366636336135663161666363303162633736623862346239
38626333623066393930666439623965653639343233633861663963343838373330663931363264
66653531383935396563326437316266346463646434623135323831373730343262616563333735
30323062616665353732366565306331393036326361333532333231373261303465393361393233
31623961623834653633653636373032623432376663373937303561363037373331343336666562
39323636633466336263653265653930383837636363626235396432353061373739626132666661
37643566663130663232363264663639333432356439656131633063343731623937363130343165
38383433633066383630373530363463323634616564363366363364353836353932353739343939
37623030653532663563303936626263656463383061373064626361646436303766316539666265
61383661363137356538323366353439636131653063656363656462633066323538633262303536
36396338303365663732316563343938323861383066646635643433336665363763326332623339
39343836353330356232383733346366663935643333346266646662366531656139373266343763
31396137633864303439343039343839666165626363393639623630386330333037336163393530
32316530613139383639653862316266376564643134333338396362663262653736373361323236
35633530303330326336363336616461376665623330363565306463316466353634313166636230
32383639386133363733623430626439613036613139623734326238616630386532306632656665
64643135343439663836383961666538613135373736393261336432303139303961356362613165
37643030323239356136383962346233656662346635663033366430383436663030313032323331
33343533353361373562316632613833306465633439373836663661343532396131383137383862
39613736656630393835303537393963623732373437663034656262383064343364353334643261
32313631616339376666316133356138356134306633393161616163303862643762356537386636
63386233343536363535363539626365376130616437306165383933313561306532356664666664
65383733653134626261623838353665303265333632343230303730636164393563316632373137
37306139343839633061643361646433616466333032373761643038346531306562303565366466
36646233363161353839346234323739353931333166633738303337356133323037376664646334
39626438666635636566653737636361393939623339333234613532633262373438613534313664
34316366323236356539316339323830393437653033343036363761346537653037366438346234
65303465613930666462356135623038303432613131353365386237303632313834323764333862
64656462396634346534613863376239303362303336616537623533343938383064373033643338
35346333626364356632363362316637656363306563613431643639383533396561616337633065
30343037396665353231616463313330633161376233393262303432306139643737636433326536
63363535636237366261323464363566653538643933343435343035663137626462383336386334
33643061653931616434623065623736373432646434616531633134306438646132353534316131
34633861656435343333636465656533656432613133643938643531346331353636663866633630
33396565373765346366353664633233313738313831323230373937373930623832363666386234
32353132393661326638636430353561333033326365333332396362643538653736306131663538
35313130613538656136636235326131353639396563646564336235656436653866616439323738
61306637366139323831656263376231383565643938323564373031346134393730393037396462
32316638353731623733366532636162383436643336623636343861623665303031326636613035
64313564643164343437313161613532306363633661393962613339656266636533643866346538
32646262336436646165393439363837623233393266623563353435646638613431646334353662
37653135343865623439616339353964316634666332346330313839633936363765323038653061
61323363626334613837333062643266643561616631646339383934643936386666643131643763
63643639613763333862353264313935373662653738373764376531336233396333633264613631
61636138663264396564383265623838346532666537366161653737396361613439343264383336
33356262353933306137336439656164326365646532346362656163383961323435313738303131
33656635633662643039633761383338626139623165636564633363396534393136326165316438
61393733356264363861646633306566613961653734363732386238333563616238313731656438
36343330343630393933346162386563363637636664656535316238623861323634356635376436
35656263656339343666366535383561353863353231306563616430303666343734393665333235
63616132633036316664306633626534353563623662376438333535333730393662666639393336
66643337643666663130623131623264613939343639353761616239643939323563383361633336
66396135373962636230303466356264383864623862313864646361343033626338656561626264
32663137386132353564396539353062343734353662636664393436306330386563653432646231
35326536653538666366646166376664326338396366376661363463623536393839636562383061
36636263363239303663616133636534363536656133323535663235383130323633643430313965
31313963636164363334356466646233353333323764393364386234383765626234623733633436
32396137643833333766656337383436373437343263636563316630643163383965313330623538
38636132393832623866306338656633633162653462316438656265613466393761386334363466
35336230623831343138366535383332636364383937653533636339303237363339666435393233
64343532356131633738353933633332336431363138623832383437376634633362303531613838
38623533393532313532636331393534653931353430303765326639313132373638333630643934
33363736666262636432636434383938633337663935623539353661356164623838363838643236
32636234303161626230376431376230643361626630636530323038326230316635363332653462
34323861383939323436366130366163643334363362326232323265613537366236353835383163
35626334356239646565633739386530316564663461316564383730646132646663373331633831
65633034646465646239313835366238313330356566313564646537663136376631616163373534
33636361666536356335393430356365653435373832336561623333393364303335386265613734
64356466343339633236663866323361613635363434366137363832623331313731373339363362
61393262393732353732323436313363663165373437313439626439376137646534633665636464
36616236333237616432663065366263343037626132653561626430323539643131633831323264
30303133306633393961393535653435613337653534643037313837366138663532373965666637
32633433393231323836663131336236343639656134366437613161666364396461663234366465
36633239383563656564353361613561356437393337353933613365396464396661333863643939
61373163646232376330363534346366643136393262373431326135363736336336323434336330
65646331306335626137613630393839613730323764353665316561346262383362393134386234
39393266386562313164333863663338363438616132376231373433393962366265646266626532
66396135326462363031373734363466613233306264656530623262353432343636363538346635
65383162366364623036346331373038303265653262623966363132356638636538346536323439
61353765633261356338313365343264616435656464643035376161323132306331323639363133
32656166386437613937623434353633376634363139656338663564663962363830376438396464
30623062306463646236366238646462616234313830616633663931393532613164646161343530
31393430383361323432326664373138343566333266646330373762343137393635666165313665
33653561373731336130336631323731363931663933323833633265386530643662353865383739
34323761326665343834333630323263666430343766653562323335396561373963333833373835
39336532306437616331316238303065623362636636666431396232336236333835346561616665
34346366326462316262303134383264616538623964336432356631643532303739646534643132
39643463386165313234663963383464306433613662366265393134303765313363383365333033
33343063363836613232636239343766316337613161663135643534636365666331633761616235
32623833623963626238636264633761346139353231306436366264646531303464636261343038
34373964656539316337646434393335353339303539333338333237313939303131356433666337
37333932616563393735613136376535323466356561363339393231356466643535306431666438
36633138626664643232366235363762363730323837623131373731313064393062336436376134
39633963663737303635633132316162386637366166326265393933663734663539376532333164
37663932306133303239623431303964353839643866353133323562643539363934386536613561
62396263376164643130363862366132356336393432336335353336356161333932656537366638
35666333346139636233333034343065663832666332353162353462653230386131386330373935
38623838323237376265303139373136363866303530666135393532376662376564306562346466
36613339393935313235643230386163333562616164393435343833353234303331623236666233
39613063333136313662313531653739356539316139653932353632663832353534653864623638
34313038653862656165663761353832376634316635656230343935363963623264303830363936
30303630373039353831326335316133323436373238323431383666313764393639646439323736
63393031623963376265313134333831613932346265396335613739663139363066643830303430
31306535653435386565366636666364656663613339373530326564373036626437666131323161
32626535343939613839366238306433313131623435346533666137326431663731383961343762
34346563303839386538643433353033346630356138613135343133376538306365343563663839
33616430656131643562613065656133306161343338363734343135346438373638323433343366
39376334353931353633666230353538316637383934613262313432636635393630623462373438
63303836396466623133316138613364333861363430373432363039396639383036333036326661
37366435366437616232383766313865313834633764383830643166623037636234623637626335
64386562333230366134396536313331343266353861633137656362396466666335663831356339
66633764333230613739363962636561633865653762383463393665353339363661613831336134
66306464326261393132343534396339326236646336653563623861356661363962393734366530
32326337353864393663316564303564386536663566323763386363316562613532313665653534
36313461636362323836396365326236633934343330366538623363313061343366346239303333
39626262653634653730316438646462313561616561316530383537613534353237386666666635
33396439666136656430633262383933306664663566373562643264663739333132366231336132
32663566333630303262623730303339376462666134333233646237333334386266666661363239
66313030343239616639363030323832616464653838396635633533376537616437363466633239
31653933366537386132386265623264633938663961646433643365303534333663663034663664
37333631643332303933653738313633383962613333663333636635623363356533653234373139
65666363376631343239373966343663316336396336376637373638393464323466333964383332
64663533666139373437666163666164306339633231336136613561393962653866623063343336
61346535656430623665363661316362376165356338656539636632613930613435353731666562
38343163393739363034643637633561376662656362653266653066616537626135333863356563
31633862333634393731376663323731613631623062663930356465656331336531663435323730
39373631626639343065306435346661346432613362386532336238663737316138326436396531
35366332623963386539306466373530656266323433643732373265663964363432633363326166
64646332663061376263636463303138643562336461653438383263353763316235383766636461
61666465666463303231383532646636356264626566323335633261373665346432626162616632
39333035323635353663646432616534393832653465323232616138343261343038383735323265
32373630666233323735366636663963333835616231306563313463303566316534623131393066
38346662356365353039633031376664393330356131373236633362626134646530313738316530
33343064343865366564356565386135333036346434626164306265323830663333366631316536
30363566393833643066396633306330366135363833303838336161346134323164333362356263
38363938646234636263616530373631666335336561323865363466633439306363346366393432
35613366343064353264343861383939323836396364313439343631386135393333636264646137
32323231666236636433343732303532636636666332346437326466326234343534326265613833
65336333623164656436323465313633373463623438626238303530653637303061383830616434
38393939616362353934363362636135343366323934326636613765363532623333363566613231
39343564666463333739326232663438336638333039306333663936643365663162313434323366
35386662643566356333623839356430656136653233313161336537356138306466306363363735
65316263313934303639303632653136366337663561386166366638656566323839366436363962
31323634666330383134386338303562313636643237653863663630633432616363643733333164
66333164383739323035383866666365316539386536376566623939343263663964326434313661
66643962643637613830313037623361363931373832333230306331326466323838343661663665
33363962333531383331643436376266353439333761383139656564343433633665646431626363
33633930326266356463306636386361353065663630356330353033373430313663626464353139
38313964313535363663616366343233376466616338393961643834646235326138353933643939
31366662626236383062653162663965343831646537383264363861363836383065383162633432
32643062646537373530386466643161363337643061393764313433376432316663336639623931
65666238366632353431376431313537336162313361623531353063313765353462373263306239
34613665333761383166656134326235356538656365623833316632383762623065343936303535
36326133663533346135396636373361313137376161613039343238316432366365346539386530
64626233306136616636303731653136316434316661346563656635613934613265323634313638
38373131653865643066613464343035376334323435353332613566613433366461656564393139
64353264373336646232313430643666383766646165643138386634643234353832343837376431
31333937396164653535326161633465323234303566363865373465316566653333646432336532
36393932343535393165613465666438306333613532333238663036666537333537316333363532
62363739646662656336656135373639366434633036356638313163366263373966306164636436
38316263396139643563363337646433633430373663393333323639303866323162643938363533
31363066376432386561306162653663376230373733336462306165653066633433373636666339
62346233333737303236623633323664633939623936626335326663653633653638323034363938
35633136653436626439316430343839666137346533393865663164613830386565386535396332
61376635633836653239393034616530396331643138333634633835376239626161376339353634
63333965353031613236363834376136646633393231366430376363323237623438613036393965
66393935616432643034333331376465626335643134303437366631373563333937373439666431
31303731326261383437343537353837356334633465303534666632303966666233656237353730
37646136373538616265643264313565653439356233646166316531633361633937323230336138
39353431336131323338613166386133623436313339383665303131316638646133303439646639
65633332303639633162653039336635323938306333623834323162626561323462376263643163
61373130353738613361383331613534653663363833343534616137643730626662303137366661
65313233643634373131383665653531666332643533313230633332663464386234313066646666
61396261653766613165303566666234656134613035356235393133663535383136353063363634
63656464376438643034363365653562303636376162626332336538646466383062323665393939
30386134336533376637316465303833626165366464313063373464646537356232393161316535
61623564643837333266313361346432336261636238303936653131313430373733373166633065
34303536626263336638323739356132643739366662353232643361356639646234613635383961
66313237356336633265343739366365383935623262326435306263303638346462363038366537
34656366633063313233363366633265316566396237653935653765316236623730346433333630
31616565396332386137633231636331306561316231656564663137353333376334626136363661
32656465386565316139656665343061633162376531613036346432663366623061663935646133
34363464323462306661646132323037656165396162343466306132386566646430306235303234
64383461636437636330336235363730353937633939303961663266633833613432613036333139
61323931623935356430343237636137646564306633616665386464326263306361353463663935
63623839316633363432373133636666653866353434373265343962653265343036376435663764
30383431343132333831393732346566313664623937626664356237663962653761643232643736
34313962376366616265356535356662643432373031316535626438623564316135643233613433
36666466363233643364633238633136646265326132356663633461323937313565636264343030
39346433373764323963333131303234623964646261323366373962613331643462383334613334
32313436343835336437393837613632313363633962373931323334656266656431646535653232
36333135656166346532656562613232396332316230623463396362616332653161313334303034
36653732383533626232383231356634333961643938663433643635306230373462653634643032
38346363376363646434656166313430633436333330666161643263363866363032653732383432
61613366663862633261363634316431393637663430666665386536333462316636326266316230
65316165616632396663623438646437393161316361643663333766333762643239336631333831
37376666343763303237643264623934633637396439306531386564323961396364316537386632
34633265313236333465393339383633343138386237353937383963306639313534343165343339
62623334616635373166316532336634623164323438656164383631343037306331396139353463
35373931336236383863376637643165643763623566663437626165346637303330393834376662
65366336653535656161633963383535306539343935383739626536303039353634653263366666
66386234623563623361326665613833343533666535303537643265623339653762653862336634
34313366336166373632373733353565393935396238363839656131346639643964303665333032
36303139313462313265343734643735636335313637353238366631663565373637303738623561
35343865636361626134383861316632656462303338316166356537353832373865666332396562
39666466643665623062383037376532336234396335366461323566636464633531383630376366
33616333613832356136373033616134646238306264393536626631343038636637343438653465
30653134383766346238316365306338633030633830333832393633646331336662646335393235
62393066653437323435346538306266623862356234646137666566376166343261396239363563
31323132383131313063376563313365356537646161333766653264343662303831633162393437
32313239343562336431393933366339363534643431353836326363323265636133316134663632
65613362653833346631386238336264626165653066356137623766363961383666316438363565
39616639656264356566346262613536343839633036626334363465323636666263613938333739
37306465306266643437636562376136623864353532366137626166623139636130306163303766
33323831336638613663376639656639303763636236363032363463623162306234623131383637
30366666623561303037333234373731613862323963386637363034353065336235346630343034
30373466303330333430626561666139303933616364623533323130323762363138633235613064
39646563663630363531326661353231356462653238346430393662356335663034396130623432
63313162646366386130646337343833316536303730613830316232313666306662663038333763
39383732333965623966616538383734376230323061663562356562303433656166383839383966
39356261333366613735363430333536333530653464353163653835353466613939353765663336
63366537303936653463613535336536636139323666633562386135663762313364653433333066
64373163323736343066323662373234353937323035303162343361613433333138326566663333
37643763623231363362366666363233343536666131326136666335343532623531303965313939
65373432313737383265653231393734653133383666623038343736333335333536663962633039
34623338353264316637616231663663326365346131643035666165323339303338333839316265
66356233316532666238643962393734356562353137616264373137323030383961613762366638
31333938633431383637623938353831383430353135653832363934666466396561636535303534
33393339353631323337363764393566316630346533643462373739653938376465303237323336
33386263306664356335353037303335343637393664323266383066613131636630356534316463
35633162303033666664333864633432393333373336616465643035376266336462346230653136
34326566393330363835616538666230346638343665353961366661363638313563303539363963
61623734306662663536383865653563343038393965323333326566353465396530386531393235
33663434366336353765613439663536643261373163316439306332366634326335383363656361
32616562313733356162316438356238353363663033316161626330363064623331346239383461
63643238653738633734633262386234633961616331653030363639396132646430383633383936
63323063653537306363383263656432653664356266366533656562663636656365663930393862
39643632636665336263313232343838323338623234343435653665336562623534653365626435
66313039663965393136656437323131323939393035393736653330313835356238623435336439
64306364326664306335373335613265333334343633393236376132316361626565336536396165
39336534323137393833316466313032623531383562346365363034326536643630666363343961
61663236356130653736333264313035636631653732336361316232633766313139386135633438
36323437333439616361313432373737633963666164303136393232626363306638623430643965
32326536303466333361616364393466626163376164626636643163386538313932313933636132
64633164636465623332636631393838356237666436623861343062653930663932373030663131
38613132383733333935336133373435363037633234636638623532663439646638663934626434
37346337323834633361356531616639653566323666386435326366636563313162653938376361
65373565363865346232306239643066333835376230363264306333393263623465313933636436
39626662326639663935613632653264383231366264636233313531306265326132323339363436
62363762373837323432643530316261346235633663333565353465386131396166323161333832
61656233326561386534353231656635653930376531326137653131623535663430386331633063
64336163386635633336386237333262346465666635316162636539323366393735333634653765
36636437383862663566633434313436663932303862376363623265366234666566633634663138
30633762333936636561663966636537653861396465636338393830393134336438643662313139
62363130353661643939393830636438316462656630323236653663343365376532396561313736
66393065363437313164343033356362366237356566656364653639306131306531623132343836
32656338663538313138643764366561333134373662646636313130383964646132393034323665
33643662383465343963346563303031333063346434626465376565326665333032343835336533
37366331363063666263336262313966343563303830656566613039336431623731376634616361
64323830636265356132363364303863373832616562613734643663326362333165613236373634
31643838356164613465396133306238333330303663303638353938323364636339393031366433
32313261366534323834633465383433373134386238646639333865346336376134383433643561
65663330336539316334303865643035363930326366363031353361323663643633316130343637
64373339383939323731346137393866666637663734383331656434666137373739323266633466
64646335313539333363383461343766366237653631363365366538303735323437666432313134
64336365633137646261363733303165613835366161633435363061323733393338306366636430
63353538373835613963653138356565386233366235386336363434343937643130653231396139
65363336663630323562373234356164636664323936613130383331353037343133643439333761
34613531303139636363316466383030633666393264326238643638383639343763313636363430
38346263663066366337366661386536626134333139343935376162623330306232343162643433
30356138386564626438313630633439343134636639613663313661396132396335663562393865
33326464656538383136636230643933653161366231363437383737323661333463396133623135
36646433633739653765336635623865343938376364653364393663653163616465393264633638
62633466376162616332366332306463396232616333386135646331356462326562363939663532
64346231393038326364626363343264393866333833386339386435356165666434393534663166
65303730333666623464636563623030636266383762383262353635333665643935383233373931
37613337616132373366326163326561386366363032333734373161323639313665393862613464
38633362343336626136663630373535663466353938626466353535666466623639613461303634
31333534316566323439323338393538363330383132386239343138313564303034373164643532
34393866323262643539306132323065616431366262613238323537336632633036363064306634
38393463663464616338343131626330636464396261306131303635306539353764653362643630
35303038303831613839636362626431363631346131336538336631313931633261613733396264
34313138396464386534363935366437636439663032376266353365646532666262316430323333
62393262326133353165386538643762383861303638633931376436363133313235346662653435
66343130623432326363376131303038323136636535306162373362376265646361303830666363
66346363626130313431633231656336666461653936373334646266396461366264653661653639
65653032343930646132616334323938633463323535643232343930376337653133383763383161
64316133386563323033393136646664633739343437313862656461373165613966396436636563
61633833613739623733613361643466636435663338336534643038343730306163636437336537
34393731653736636165376264316239643838353663353066663831626561613133373238613232
31353835353564633830343433636533663839313065333331373338316164393733363363346365
32396233616535353535666466316332346165323531396139633266646635356631623464363030
35646462613238303230656230333737353731633964623937396435626437363264643763363536
33646537666438373263613435306563643463373738306265393337623630383438353834633234
38326137653161373731346634383966646565626139663634313331653039376637373830336639
39393136613234643465323566663764393064386531653938336364626239383466356666636136
62653438656530313263383161373964396661326231663765303666316130396335343739616564
39383866333839666262626238633535326430633964303434393564366236303439396536626432
36303936313066336436383162336230663737613163313939343762333439663162346635353537
38633234353037613131653037613534356462393838356261666636326663643937333863356635
63333234666563636365333732616239396536366338653130343965343763386333383532653966
65306530363966303831643237663461646630633634353735363336383661363435663631383239
63376665326137373536613035303561643837636365656535386337343663323464396337663463
36313861333466653966333634343264386539343932363330333635653034313830666434343635
39343739363365346135316531306638373166626232366434303830643738386433663836626462
66666238356239323434343666626665373664366136303930663632653935363463366333316565
38653039343936333635333339663264633134323364313964666635333063333636623135636335
39393737356165383938363139323966376234646137643837366133363566663932636538376331
31313864336231326239306634653032356230393466316262353339303264633862336264646263
65333734623235353561376463643062336261336261336464383563656465303233383739393332
66666664336239353665633937376339666331333364343630323064666430313832666231386436
61316336386337343864616438323063623862623966333233336365343435613166356139363965
31323361353364656535653165323835333331666666313935613634613363373364306638383931
39646530396635363961386138373930313064306264343164313564646135306535653961383430
34666463663735303765346464383137646365616266653364633966343234386461626662326161
62636230336436346462353065393336613832643239613336326535626366666465356166333939
64393435303335303563353830663235373033653631623563363334396534333163343538646437
36326461663737336464356137383236326131396438646439363835326431633262616266346439
37663835653930333533626662323732663038633761313362646338373634353235306335643765
35363533373438343562313138396439343566353566376265663838383365656161663337323434
38363165393530333064323430363361643831653334356534373833386161343365316433343930
35343936343830656332356436316133333066623338386232343032633733653236616635343136
64636238623163343261376236636262663565343963663565396232663036316534626237653432
32663836323466633037643231333863336564346565613964353962636635633165643463646335
62353336353635613964633634393737336438356666613634376663316134376134653139346634
65636364613533346463363633326239626235333063363634353662373736646264636162653936
36346433393633623062643932336439633964633338373362386133303038346566376632656135
61653361626565333730636530366631373331653130663338316565346339363637313339323733
66323465653264343166343932353738376133633135343065383538633533383361373430396364
32386332636434383862353964636539363131363136623365346531356334336131373533656463
30326132373036666335366161386635393561366132366336633438393539343162353763363834
31373332326237356663326162663864323261323433383932306630356137343934343839356164
30633339613130666462653265326631396230663335336536633162393465353735366432633638
38623436303265346366386334313135626662373164613135653332626632326634303437396666
39623239333235666337356634346266353162396536346361613338306335623030316662616365
31653234316566323133373933363434646139666561336665303361306137633738633564323066
64383533666230656132376436666462346239636266306464646466313531333535323138623863
38366133663335633465663438303662646534633163373761643536393539373761356139333233
64343435333031313333353335376535333265373133663662336435393731653961316164633864
64306261303833636363313366303462356334356565653363336534643933613564613934343266
38346364646134376563373263613263656565646131366334383963626239666432343630666330
64323761653532333163396165363565363461356465616264613961363461646335303538373364
30386264353730303238333864636262663330633764643730333938363734656564343830643031
66646263333863633433633937666161303361323861616630663637306264343662643335313234
35616638366232393838333861353231663464303736616233363531376239366238316435366265
33393766626637363938653337356335353563663238326331353632666332633230353734366335
33393339623235336530616631383166616536656361343836656239386365613132323534386135
38656235333762343039393264313339626633653533343332306333666230386162326536326138
66316161306664373362303032373764656534333831643133383536636437633237383435353665
32373030373033383761316266646265383363366363313731346130616436633835336166613866
34383834343137343239613561623830353365346339373137386135383365366132333432643666
64366131353636306136383030353864646339633433343366383731306566613261356236656563
39646661373563386433306462316337326233623839643637636661653239643937323762353065
61393634636237663333613137313331646566663936336236383832633031333137643635646266
35373062376636383538343532613965663334613731343635633862626333376433623261363261
31623965333632393233616665643662386265363462616234626366633530336135313562623866
30393263303232313336303930333664306438666633393136663933313966386163326235343264
66613133616662323231346130643166643761333439333131343035343562656537333164326235
64663266346632373865623431656162643837373438336561356161633366633966366234633134
36333332636432306262373138613735616534666662323530613938303934666665633564333331
36643836653534313538613261633832343862396433343565356330666665653762663533613530
38313336386539306263343066353831663961313966666138326530663732396363323238343763
61313835623362626336363433626361666635626636313933353064626236333165316462313066
34323063336237666536646335626130386436316339363566316565636262396236363732653565
37646664636665303065363135376664636165396163353665383439666639396163393339373736
61333738356163333561616566333664663131313636303466396462323264386439656636356630
39363533666432386161666163343561386232613037666337616462656433393633363463623239
32666261393263656237373861333539313461363733646335633235326139656563613035373535
66393634373133633634376536353933636565653535643366363864323333376362626166613163
66346230306337366537373939383437663930663638303363633034373364346630383231343336
38366366656435343737633933333335386664616237313335306635313365626133396333323838
30663533383262376232643863323735383438333863623064363431623762393362323863386539
61633231643532346238636639616531633964306261343362366566636136623534643830383866
30373364363366613833666439623237353565383463363664353331643132613661383162306661
36353563393736333336393937633564336134356237636461663766663136343562626663633235
65393563363562343463313537343535316232616265626338346663323265653964653836313339
65646139303333643233613738323336353732636137626238656435346132346562623531646633
35383837393731333165353231373930633636653463373339323638636134363335663961353331
38373766363136353334323334613361663932363563383130383032636666663131323935313061
62326264306264623930346566306639663838336164656436323864363539333932643830326233
33383432623361353761343936356234653934333461623639653034656237336162363463643236
66326163323433353931343031386662626566373265666535643065326264376330663736653561
34346330396335393366623935643564626633653662623232333237373961326661306433356337
37663365613239653463636536333133323365346566643039626664306166313663376163636132
65386462323062633633373731396166346662326662343137373266376366636130366263346130
34353865316266623631396532393033336539336535333831613938653038656165363532366563
61326132666137313531623931643832363937653335353435373538316263633132336461626366
36356236626166333065346161333739366236373739616336353330316662613137623734613339
63626332306565373230663765326363643362633831623161323764366330643630633163336565
34323339323831653730376431386166356166613164353932353436306234633437303139346566
30633236626461363564653631616661326137316632313338643761313338646266376165326337
34326337303766353161316336316337393238343162663730303763623732383564373566353635
30623165373862636265393563646134343139363635326236626233633735656139356231616136
65636637376634646137346336626434623262306331326662316236623033623563393334373065
31636439303565646530333865303037356538333361346261363736323133613231663930386361
37653465613261623166666531376330356338616665363865623765393036633461636262636637
61336639376564346531326438336161396338656634663232626632373864653664343838613836
37613938393834323930643366363561626436663262383965353236363363363438616334616133
36376632343736643436646361623434656539373537303733313036356533393430633662336664
30643739643330323931633466373935346139656630396364343235363564363134376565323664
38643264353031373538373266383336653837353166363835613138656164626130343136353562
35366361653639623733323734336337363437663534303034326561633334323335353535643638
32643963373838303639643837343330356635623262343231616166393165313531346135636634
66616463383234303532323163343762373536316638316631633561333034356564306536313938
32383734643261326363393861626132646439633934383339303039323537666363636234306330
33383861653464353933373230363835363765376336623738306133363333366435636463643762
32353062373438663236616436383637663939643662336133356164326530303730376239633831
33363836653663343238643331613338356433613361633636633434633434393038646638386536
61303838363465323238333964653364623830643561343338666136323466383736646663613932
61353862336232623239363832326632363364616166353663376435323536366135353162343537
65303730633231363634323531333066616561373363623539643061366234346433323139353438
31643938623239366563316532616638356462643934636266636664636432353331383336663830
65666666653434303939393966353863623934383538646666323335383566363130313638323933
65663537313134313830323236643535306562626465616462316666336636626433643232383134
63633535376561393331653938393634643936346531323436633263666239306134643231623331
62313233613130336330613533353962373366663631346130306361373139623732333237326162
35633736363435346235663933343537613931366462336466636566623338356636346330303332
31373134636161383133363961353231363134643463633966333762326139346630636535633237
61353431626561333964353139663635633938623861306537626230366361323161616635626535
34346465643438393730356261323163313537353662626233386534366430643231663738383032
34306434376431626239326661663635393461366366326264366236393162626332303834663138
37313832666634333533363931323738643166363330343263333361653239346664353634333066
35303466313561383733383439633031356163323539616436626438353064383536343334636134
63623962613165646139336662346630383336353332353461383164383764396138343764386336
63323231663766373731623464373730386230366335326462383939333662623132393366353765
32653638643133376461343330626666653362336337326665363038366334396466633932666431
34366534313233356363636334663466336463303139303662663063633036613637616262376237
33306539393330626362353535623136353938626634336166616663356233386635653565336566
66306466636632373034616366333365356336343862353463626364663536306662316437656363
62373238626564306337303865376636323837383733353566623963303834396331663739353132
33343465616531343266363638323562396135333462666239363462303632333135356438346331
33376261623736383161333666336166333764313332363636326237373239353234663839653231
34653138393363616131376466373534613336633063663435333236333331386266393638373434
39353032353161663762386539346134373537303163376135663562336536633333356339646535
30373136626130373534343937373731623837626466396635623464316366363530623563623766
32346163316364383164373966336265356134393538646365633437343138623938313063623035
30326631393566353931626262623261616337333965383330303430616465333963393038313338
39373564623162643361653135383234313963326365373265623661353132343936323164386537
62323338666232663338353530393031336163303835373436623932326133366339626435383233
37646639396465653263636331616366363066303161393765323438383266346165353164333264
33383332343133393138626635633137383063626161663766306635646264653861363739316165
61343762306662613832313536356561613837613830653338646237613834323430303063306530
61303731613661643365343833363164613035656264353232616533613633373235613835626661
38626331373165316266316665626435646364373161643763376433303064623934376131613134
64323539336632653531303933303966323338323266333761626236623539393266356463333561
63363363353838323030393663316632623330346137333931323261626261306536306336656538
62663337303862646330663831386363666438386138393064643733383833626264613665633236
36376533663833373737356332313434663765313036323965623331323766393730643331343135
65356538363438656232313234373866643235306332393234383230373634613464303966393035
61343863383963326130633838366135656565363933646239326363323633306335396463663965
30616462386435653061366535343733613436623937323237346333303532653537623230366230
64313934666638633662366239343635326433643930366366363866613761306264626237363765
33643261353830643033363962656665663461636139666366373361323731386161336363313635
32343266393936386364383531643361636561616134353237646563363261633135666234626530
61363065346639373838313936626131333032663034626565646638303365663638316463333433
64343730316439383138393731323431386637323532633533383266303764323930363233303435
61613737303834626235356236373234326562303435666630373264656638303736336261373435
62333133346639313764356631353932373737376431336265303663336364336366623037393361
33333132623933653666633265643938353163316361653531396434666365393133613036623337
34333166663538306562386530303736643836383961346562666437336664623936363463656533
36316334323532343661646264313338626132633738663761663731376134653736386638306366
63336261353465363235313264643030313835336662393339643663663331316632303030653331
33376238633163623566646262373662356466316134396238386539363537383239366333306131
66393363396436323330643264303533383732633963653633626433386339613963323331326661
61623161383939333936353636376338613961376431633465623935376365616539643937333331
66353736623066333430333762373863643062326130633437353765616133386263366233396236
38643566353835653864366431376364663331626461356661373039613533626138363735323261
64633035623231663832646661353932643365383838623733613535323836336537373834383662
36333135373464346565303834326463376232653761333330343064373766396331316561633130
37356230663135346639326535323735306465646134663436623135353634623463656638393063
64663535393939326161313763303735363032623066333265346331633165373138316132646133
34643739353533306534323364366630653938396430323063333833316163656437363130386261
39383461646230653135366330313235346433663066366338336663653466333330303834323165
32386435396261316665373665346464646437323930383231613534643438313062666234623636
38353366656535376130313465366434343037636662643466666466656565383365386232316462
38323963326331386539336265333531316334646631613564363930323837356435633365386461
65356631613161646131346462326431363163356336363161656666633561663635653934383466
61356635316335396635663933326161393238396139336266663663343763623562393836373838
31343633363465643231333438646338363566313662616266333435643230386436636265623633
64396264643731393963303363316337643432393832373365613763393438646334303936633661
64316561323235663462333335343535343866666163333762316236363535616363366538663635
61343339623463323266313830616266303935306365313765386531353066636662313433653534
36313962353865663637396538376364313936643462626435363934666532353831316564323132
36633137323366313761353537633839376333363232633565376633336464346531336439343330
62663630383230353762626661646635363838383561633764666532356463343335653963316630
37303337616332623966663066376533303336303161373763343564633763666230393062376332
62396663393161633361316564343432306338396361636635336136656339386565316232336233
37336633633638363261306434323239616334393033373438313836313534353031626235663265
39666265363436376166386133326332313938393139653863333966333837346461386239326666
39386230646361313738383437623331393034383962633732386262623930393066343063646165
32383038356165303234303466326335323166303463663139303331343136326430326331336263
33663735633137363839313864316232343065326339616332336534646162343330353434656131
33623237346230323263616562623965636233653334333265636562633239646639356333363137
37363738623337626666323133613636393734383130666262386462356430633630306363303466
61306339626261303865626434643464366437326434643561383738653530653164343361633032
61373932663538626231376335313666333337333161633866636236383038373563306138613862
32383331356533613763346339393133373230393835643935366632613635653565336633373532
66326666333730333964376134346436343865613431633463623438323638653663353730383833
61393466386562363935353130646237613435313262366335346235633530333537663061313462
33663465363731643864613839663130303736363062623462333538633437336237343838333761
64336162306331326332666665363063383766343765313436383033636363616236613931626530
37663962643364353865656164393765613462373335393936353037306534366262303037303933
61393165353433326239326233363833343136376235613730353761613234363833643532303433
38616338323161306265626361343431643730373865626432376230633331663763363266396334
37396338343664616431303562316635373362636461383761353461396131316237326266323138
64343763353462383032393232333364616630313334663665313731326261393365333435653636
30626333646635643363323062303737616466623035393462343865653235613034393334373233
35363862623430303866656634636165623137656533346665656236383161636365376435363638
34333765666634633038656464623738613630376363316634356465363661646665396330353536
36303761356336613634643664646133343138323936373666303730363036643037356564653035
39666430316533613235303163323864343539333934613264366363663566396634343766363638
39643037616234666161313133366536333563656162323266646566336464383562323266323132
39353334636636623939656630633463346534323761326138383131623732333830356363633163
33386362623034393732333339316438663063653564653265353963656530323138646263343538
31386334363365356536386330373435316265346636633933323864313437396435663130663562
61626666336664353463303137613231626335306432393231623364626632363235393332366132
34303233653063653437633434653138323161323438646231313932356532356330396263653339
61353163363834626133373234373431663563656666393365666463663937363564306332316131
64366438373266633434353939663630643630376364326637656335653961666333306136303836
35303163613937353032653437306438613962633165346565356532396437643831383437366336
63366636646632613134376261663638626336343630373639343765333433616336623531623336
36396666333265363538383139306637316333663631373762393263303736373831373833323564
30656661333736366230633939383161333230616232363838373433613266323536636261633161
35316131613566313632626461383466613761373031626266633737333963663166643831356331
31616638376330623163346634353037323932346338356238333264313961326631346562326236
35616232303163666264373661656433393864636334393035363961333631393437386634373631
63333163333164613834613732366436646630343935386566353035343065333366623835333339
63633737326537333139636239623864343665303139343132343161366537653665613465363638
62633066393761303337616439623861393134323637303131343935343930313962303661636161
30366537353136616662346266656462303861636434633539376661376463323462333436313831
65323665376661663937656265346135303536626364653936666133396263323930646333376630
34646562653362386437313333343462373138656364303836633238613662323934656637393131
38313239306636663562626339306634653961336239643963346139373139373631353166393131
65363662303239316266313936306439616430303163303864363165343663306234396630636363
34316137333434613032363433346262633636306665376538303364333235383162353162323533
37363932313535333037613963306530613966616431616466323937353937323634616466313237
32333639353135383466323765633562343135303839663862383734663935336663316532386237
62323830366162383835383933663333613930316133373565386266326464643530306163326239
34306137316363356236306162323563616535396662376338386533663837353865356563653239
63316561326536636535646366626338633861623730363962393938326136323339313432376437
64373263373631643937383364346237353834633732663230396534393136396435396430613864
62343339336562393161393263356531323866656337636333383631383535383662333633336564
32613061656534306539663034303330303039613563386162663936393133396664313532633234
35366138656335663936393865353762653939383237393036623238653864616166353333383634
35383236656664336430336666313462373463633064646332663732316265393837356636616433
30616332613663303961343063366237373131316463393432356530343666386563356536613464
63666134663561323430336231333633313837623862373834386461666565343864643137626638
38343535663436356630636535376235303332306464653863356639346636663261366362636363
34633265323635643834396339353839663939366236646564393463626264356161623461336461
64656234363933613134623538316233626338663237343036666565643733323061373830666135
62636363396130646637396364323737373462353631343663333932376531323034303735646566
34616131353964386662643563386136376630636231303938643630333463376436623261666339
37643965626366326366363335346139303736343134333532363935643239613738343634373330
36373164663538313162666130373438343434336436383032663238343662653264646666346639
30316431633136383233353261626163393663306336346562636434313537306339366263373434
31376166303730666562653835343866373362663362666132383230633537306639643466303964
38373261313337363431383734623638386564626433393539353062613466306435666430333261
30366639366439633661383938326139396261653335366639306135623161623864396139393433
38303137663131663338613139343238396330386163383136326663313562616662663136653835
38653630353166303965303630353937386334356434353538303936396562626262343231333435
32393964626630343361383162376233353936636262363036666230663336373836353065366465
31393837303532396636353633353232626166636236353266623932613034303334633537613865
65663234376464383738613631623337303539356532333130623262653866643064633964306266
62646530613133663164386561376166623561336364356434313839363561333430353735393330
39646666363064366136366538356636326465313363323330646231656236366363343466393235
35333266653561656162653564386364366335353962643430343861373861343132363965636136
37383061633861393533343735303931383065383862333939646464656438666666366663383166
61643237313839663234383530336238376664336638313965663938393032653930373864303265
64346234633533363736306538306336306233323230363436666631663631373663303638393530
38656134323837393732613564656134643337313666303763613435393964303662646636646138
37393638646438313039623631363938383332636537383462396339353235373032653636306665
31306136616266383766323433646636623434666631393430386431383965653464343463373732
65336130333430386232323465373731383561353630646565323031303630653466636466663462
34613236353963336533643034363863343762303136666237393830333961333738623039623538
64633231356236323837636539353261393562653565343136656265323834643635616564336332
65656131663536613234313865656134626365656632383066366131393130346538353837653963
62313264336362306563666164653633333431323133663433313833393462383533323433633432
33336530323662336635383563396132616361333264346262623037663064613238656536353335
64393432643966333763373230376137613964303236303938626637326539393532396264316230
39336561323533643435656635653338363663663639633537623838653863633938626639326532
31326637663934653961363437646331353336373865663539373066646464343030336130353462
61663464386532306635376565306335343562663562313634306363383736363361373562626263
39333762616462303963366564333939336434666638343665653333366463643234646338326161
33396631663034316264383736393733333232306337643635333335346133343837623130633937
61313933646632656662303830616136383434306439353065363963316261666630623738336338
33656436623130326561646133353739636239323036383034313765376463396163623531626566
62366431613438336238356438633361643863316337303233303937303666633933653163386633
32376636343366646236343132383766326536396436303461333338663036616530633137616237
32663838373432613835663362343538303532623634663563363033666438373162616536633163
37663937616632653739646435366633616235373835613363373334376531333032346465626161
66376235666265343333336531356539393564616136626564623037663730373061636566386466
35613336343434626665383933316134303765393864303033623763373566663636303636386238
37613832643932613066653262633534306535383136396162336334623165383735346338626438
33613138323538303434343037616232326261363965653162633161646637306234393038373363
39653137393162376264383534306466313537376263366365316165303638613362323664663337
32313964333431643166353062653030383661313932366266643633393537663664613133623832
61653535373861666631386433626363393132343739313164353638613166363661326363336436
37323237323131613732353461336366626136333832336533626536346562386637323662383937
30633638306666333562663665653432393065313166393430363537306466643164393730616664
65336432356363613934376634306536373233326463313338393163363765616434313663346132
66346138313630626634323561316561373737646336663165313633326266613563306439323634
37363662373462656163306238643139346462383034656363653839386562336363663430383534
31373264343435633463366138313434353564313733356235656131646335303434623133343965
65623263633836313539636239323537333438633464356538326536613365316530316262366334
33653964303932653562333764656237393336343762313439646438343535346561376564366236
63396234353565643234636261316132363032316136616261663937656532323239313432653838
66363066346330343339623233353063643731386432363638613866643935353437343739666234
66363137633030366535663339346232363261613038623564336538643139356137366538613632
38363938353735343235636331316434323038346434666263383831323931336234303137346138
34303265356339343936626565363066373538353435333163643538636237336165396435343264
62646532616637663664383665333338366531336534363436633937666264376530323335323231
39353336633965353733306263333264623865363265346531303364633062316466633639646334
66623935333361663839376337303362323333336432366338353762346531653561386663353934
66623935393831646662306136633730306435383362343937373236323432343730383431626665
66626534323863643962373164323832636365336236373934336138623234646231323165623838
35366434323639626362303536336234363265333765613864353664306532343132316233366530
62363830313962656534396632346265623665393630336534376164376635373463383532626163
38376530313964346131643962376238363162653666363135636330306536336661613435636434
33393763383136313865663462316231323232616138313238373735653437303362386531633463
63316261623362303162346566656463313465313937323238346537613838303937313531346666
34376362353330626366643439316537303632333563343235323834306636323230383734313763
66653161623739333436313364633764376434636533613862353537666631326636376661666137
61613862323730633664326133633664333239376466393931316266633663653638303738623230
30366165623936396166623666663739666636333264366235333235353136303938323931666434
63323838366536313833616138626232643663343666336537313363393138653164393837363161
66356633616630313364656637363837326237393964303230323434386538303235383761376262
61316462353834326532336333633161623865663463613865353763313264303130656338623435
65373137616663396166353336333036653238313233333364366538646361643439336139346530
37313332333463613665386531353163333664616331346637333936633833333863313235323339
30323235343964663639636561313436313939323433306638353833303363336134383030326630
30613865663662623431303562303331363262376331316339333937653131363461313539663832
62663138366531376431346537306436393162666130666638663736646536643134373138373761
65393536623834346135333265396363643965366164393461626634313863386330623433336563
61373363663666666633303238303238353032303830653133316162343137323765653361666466
62333266343366633437376336333137313533656434393933646634343263373262633533363064
33353064613731646532303631643138653133336432333431663432326336326137336562353535
37653063303964386236636531643436313436646536363962316662353764353131626161326135
34616361656161623738643963336131353730336564346666336538623938313563336634313235
30663338643266386539303433643138393063356662626335333830353163323331356339306432
63623433646666663738636436306666323032343632646338646566366266316531323930393935
32393134363431613232323563323062616262643766623338383338626632356331663632643063
31346365613438663437353236313962393262623938616537396131323139373032653662646633
37643633353637363334336166623339346339396338663637626165326330353561626161323766
33373531626365346536313666663066653436363435613537393563643330646132646133343431
34623135663339643862373562346430393864373362353266643138616139366535383637326630
36363764646562336639303461346430313631343535396364386666643065653631636239306232
37373133313633353238346330643438663963653663386461306365353833396430336664333339
32393037346365343866353333643831323566616539633532343133353734613132306331363037
33326364363235626666633637643636623834363863323530613737646630396264373939353465
31323436316535386462626332373038333233613563336131633663313836366235313036666461
65333330373835333230313239643332383437376231386232623537333764346631313861613231
64663564346162353861613064333630333937313530336361333636646635383166363530356132
64303539633432663965356335306563396462396638303764306537653836643731343966616238
64356638336666636332353063326162666537376466626638646530363231356566613239636564
65623232393862666333643833386439356638653039316630303336333561656234333735343064
32343731393966653766653635653464663836663136613939353763663435313332393531646131
38646639653632616630313362646638306633303065343231623636383765643236383934306562
35623065306434663738623538306534633032323862663237366533623532636432633463616230
36393539613066353565313735643961343230373466383730646362353635373232313630336562
38663065363834646364306161623236396533353630343066356434376136343332383536613436
37343332326566636338646632383830376136393138333665396632323533393837613737336635
63633531383838353232333031643632356237356261346566333362343665643461333632366566
61303535373864386464616365636634376434653063353334363531326561323864643733626137
37383561333939636432626138396635663432393965623735616537363936386239383537343234
39393661393362373936616438366338353430623563663139666438306236643661626331343232
33666263663763353835353237313565346130323265323230303365323564386334653436383463
36623163646330666233393130633338393838373063383635653562643335646661316166643337
66306538636233393861333463386532373335323234633130373038616630313536333666613636
34653861633438366437343233633436623338613739623337353961353232616161643130333534
64346439663636626564396338643366336265393761643261643239646135636136356432346332
64383562376330346238623931363135323461323761306234306635336634393138393639316665
33343763353336663732653632356466653430363532366231313035383539383530356435646233
32626135636265316561323233643637343166623331636437643233373038636238333261303137
63323963616438386235386563386366623635376437396338633630303963353935663534633530
39666665346662623661626533626661303861363130306439383962636336333832666532313533
37383738393333643061383230626230363563333334353630356234376364343435383561356230
36313764356633346363313030383962373030363261376536366633366531396433373463393365
34303636336337613930633831666239343665323236623966323561313035366139653938333738
32623838363736383338303037623364326664353539656237336230646464393364633838353762
32383435393636303765336138333633623962613232613262336633383134373831666632386437
38316136386632333339393735386561393461383365646362653437356434343762613462646332
36343062363166653434396536313434306335326437613332396163623237336632356261396134
39376134653564353735616638633265336364383838363565373830383633343665346234636535
30643739386335303065663839656339336430613366303334616637336238613439353263386338
35333063383837396238653130633837303034336536316434356266366335613365393166633065
30306536356437336464663964356334646232323134643934366261383830663138623036646633
36613031613265633966303963383063613735373030343330323634626466373235356437663664
64383931666639346565366236353733336362613261326662316262626666353738363830366530
61623263383533623964313762396465663833373834393133613332303763383934333133636538
30636265643063656133626161623463623662643366303632393537363362616662643864323736
37376334363565373861303634636662623239653035323932646337303261383833613838623738
64386132656665653736313564366162396239356336306563626538363863353666383431343335
32303834373164323133336134366262386439333835323732386166623331383366653730343138
37393231663266346533366161666466323362663564326465363965326464666638316433386163
39626331333133643834623037333065386462646634303565333432653461353030323538363461
34643637343661633039396130323562663164643562396439326238633361313031323262626364
62666662313064336134353230666433326166633336303562306132633066333065383730373165
30633839393337666431653331653862346231356630366138303763303131656164366266646138
37316633383638626439333463616232623735636466313635613363373335623466386530613364
38306631393331343232356231646662613430393862356463643463633261646536353565366232
64666262313131633631613932653062356239313438323935306238303430373338373034393564
31373162333439373364363636623936646464643536353938653265383963336336333139636161
37366265303336313739643064353339306535616534323264373631643233383433346133363966
31373534353230353862613166346538376139653331373930393764336565653765323736613632
39383639636331346638306631646536373265653134363565313963633534663961666131613064
33383839653366636430383038353063353963623632316233313030353736633937643061333438
33323532383332663039343163353962306264396463323734343463393536653830343733613930
37633939343038323362353335613431373164666132393636396132396132323062306361666430
35633661353665373466346137633661353435383236393864383930656639326439393031336363
34353965646631303466393534316164376534363161306636333932373861316430613032616436
37373865316239333334376133306533353136663330666534643236323564653531376530336664
61663762333139616332643963323936343134346565383034646434356266346439633031613531
64326663653666326431316437653936306232343034646331613430306237646335663261323937
30643964373561356563663934303464623035653036326163326263396363373135623330616637
33343766346439623463623866616639396634366136613932366461353533373030343932323736
37303336306631646130356165363839343763386565353134333531373631363938386463396264
37336333333462396533303235643861363862353764356265373464373631393666633430396163
35623537623563643534323938663864653839306533363830386334656163336536333339343033
64393864393836323563393432323364386439306362333063333762653138393838386266363032
30383135666232373733393465396130383062653135623836346635393439663533636231303435
36393034373231333130613031366263376165626636353734636635336230353866356538663763
33303931326430613632626662323033306339633939356432383964346334323166666435666166
33613437636563383139303434663039663837333039356539343466636538356532356661343535
39393535396230313731623261633561626435373864393062396232343432346232376538626537
32636462333538633533643862643366383161386164396137666238396162636530613966303039
64303738356263613534323662393666353035333630306536613462386432646430633135356263
64663034316131346561366432303835336361366464613539636535343465343233316663356439
34646137363764323865626336336431343531313731376234363865333133636439323763366432
39616338353232623739643064393238346332666631356438396437666261353631306637393866
32373435363966653165363732356663326466616230376261343038373264336133616163636130
65356133393130353465636164376330383936383164663165313833333636336234643936323831
36643263383034313162633539643337326436356262303437643838626430616165303564383463
61616339366161626333636363636232393863666337326539643633653335646662393930346566
64616631323438313834333739626562393532333333373761303866653834303437303266613936
38376565656534393763623566326531323935343634396239343432616633333438636262323662
30333935333933666132656233333866656334623330396232613564663961646663353166313834
64386562323261653134343137346136393437396336666336666137303137333731313533313739
64326338323161363664633066383531383133663632316365663939326432666536303365646262
35393133646635643234306132313833373135333539636661366439366332383465626532613563
33623637323531656438613265343438633662333430656536383763353563386262663131633030
64336431316464623832313530663238616533346138613265633335393262663534343038373438
62653230393966333966396565626436636232323362383639363934376238333336313061633564
65643066653230313533663566333266373837396437336466616536626235353730336330623161
63656662393766663334353864616536613937313934373963346431343866663364626462663765
63316430323164626535626661396332393832353436306166626165373033386338386433626533
39333364396535306330623931366561303734616465383934643031663935653630613338656237
36363663343336663264386662326465306466393765616633396366376639616162383136303864
33393734386235373237376537653566666434643432613233613538653332393965633834346637
65613834393764383339303964323737316266383236396635663461336334366534303365656633
39643132666639666437343638613730323962623566356262313538623138353938383933653266
32373463303465333131393432643930383339643063373634666263353262386534383538323862
31313565633763373163643239393636613461316564633565613237373537663830396566356530
30343165303036336135663939643236383939373030336330343537613232373239663465613837
33656631313231653764353730323135366137393137616365323665326437356238336663383534
36643832323431333638363332373466333964323537393866636335323231376537303638326163
31666431386561313366316562356363613165393633303733663235313338333639636534663964
34346533303137383635646362376132393463346233663162316336363565383030303061336364
63623130626138326337336264373565306535623534633231366331353061636561373938623335
37313033373335633238366232616461663638356336346163616461663335613737366236633930
33646266346633656537306538313438656365326530313734643464616464663631613562646334
36393666316132343465326238353036383234383164616231636366333665346332333938326233
31383237333165303061643532333239633836323064616564326139346266386530303863386337
34653766646333386363663863303039636433323361333330636466346231616464653236373238
63363032343531376533653639386636616364633664333433373438393764613762653736643463
31653230383564376230396131623431303761303062363633376638333530386235363363313366
38653965343763643731643366616337383632623532346261393466303066613531393638316138
65386466653933383663333635373765313566326461613838323531613035323161656462386335
65313266613863623830353034643365316430646233303663656362393836666133383564363633
37373336323062623234323761623763636236346566623735353431343461393735666231643736
32386234613936393664316438353238306237313031613837623966656431323939613161353834
32336337363032363233656330333865633838306139366561623336656538636636616462373563
39383330363762663331306538663937353238623537386562333835636135636238393933363239
62343462343737376265386632393032313364323730316165626634336138313735626136656231
61613833313232656661353535383039363435383065323761333236393436316264326562643335
39366361653632663335353166333030386538353039363966303839383036643032636164386438
66333039376238653263376335653434626664313634623166326463653562343937383532303565
36323365346438623331313033356365336665323833613062313035336532613234323538333934
32313862643436353037393132616362313865373665653731396630626330303636613462613637
66363935613837393839316232316465653633373466383064366366613466336639363164646635
30656264356664336534306261623261616162626139313939653263343061643239366633353761
31643666336532333963346265643864643463343036613339303964353963653036316639353530
66656630313034383065306233376639626536366336656632646534396631366665323039306534
38623932656138666633346433666432656236653331623837343035343538353336316364653038
32396136626135366439613238643661343430303933386332613730346465366230623138336663
32373131323564343165343233383936646334303665626332653432323864626264663839323630
62636536366638383238353139343830383665366230656239623336653738646439366335373136
33646538653864396262353634663834623737353265626136393238663637666561346462306331
31343233306234333763363065333633353739386238356439326366633437373734623739343565
31383264323935626434653133333338346466383365626535336430393737616664656130356138
63363765383261386333336433663730346461306536393530353630393335363731663033616635
65616265336636376264643537373833393266653038313133393563636166336435383031373232
30346231656236346530343739666163653364616137643538323434333563626139363136626162
39626134616262376161653530643034366538333562323534323437613638353365383230383336
61353938643539616630653562333630336133633634633463333937306535316330366639653163
61396635303935626232616537393964316438303364313264336666646363323161616336303364
66343838643934373133636432333936663264636537626331366237333662356362323635316161
36336366393764363430373361626638343164623764656630316130313338633537333733653836
38303438346635646439376464353064666663633665633434616634393430323336393331373136
61383663333937333566333431626466326430623638613238313833323935353930623134356161
33353136623734373331326365643432616136336262383834663261323032326134383935313565
30363531396238636361636538623038623631643934353530633733383132303564336132313932
32393732323266376133393336363138373262353165646434386531633865316535623136373431
63373539313530333531633431346661643231336133376466663639636232396233616264373630
61373836336163356366393766306231373062656338336264343937396366303263663164613733
30303038666434393966646464386165326537626631653635623362383465363837346239323462
66346539643064396432343635376265343363363961306633333664663464656334373934646136
39316661376165343638313965636132653836636336356333343166386361313530383635393735
34313330313662353061623964323932396638303161393266386131646533613561393231376536
63653062326534386563646331363866626666613964373934356363353133643237326532613461
31316263336562326438313633326233633837386337613636363339383066633832316534643864
37386437646265613037343166613465663636626436353239623966316362393363363737316632
64356133333534313163643461313064336438663735393065633963663430343131376363666637
35376131633138333765653834626134396661363362363765313363316639613962363037313133
36306237336561353231316437356364646133343137363863336366353537336436303963623365
37616261643561393733316661363833313936343464626633346261323766663862616666643336
34313364343134323062653937666435623831356636373161323936313636653839383162313830
62373334643635316437323762616662333833613266346234383336663062663636313631623664
38383264656465663162363036383561663766643036336637613362656336383561653661343664
65306665653963383837663033316364386237616265393863306631643430323832333535613535
61323530393163353065393665613633306336306637336466326233646161376533343136653164
31326130613733363531383338653437616164663838393037303034616534626139656230386333
65316134333935653038316435326666326430386565613033636238373338386438653531363961
63333635613739646432386364303832303165616436633664636635353736373037663835616339
39663163656430373266646464343835343265623863613433353739663761663562393961376562
66633032336563643334376636666230633536363337653239383232393036663539396232363432
61633065633362313835353565346638376235666536396336353138336661666464653832316565
34323834333864343539373733316437643961333030353434666239306537393363626136636664
61393134626361303861663564353431396536366430613961363534326534313634333966393739
34313635343366353563623234363764613035646562646333646466313066663863633162613038
36386539393938363361623461376635613631636663373063633763393062366534623331646265
32626462623934346564343864666361653534656535346465373037336464376332336439303865
38313732663536643330343339373531613664353734616231363161663038316538323839376364
62346565656635306434356161643466623664613163326334396334613662383062386434346339
38656436333465616338306138306265363966643938343566373635363739393462643436656265
37633836326535633166656664386334656466333766353732386331396536383430316665383964
36376465396339376433613037393237323463643631386235643030343864626366336366613037
65646439343533373262366439613533383136303166353832663939383834306334353230326362
64366631343132393335383038346534633761613831313365393865303761323835383137336438
36343061656462656539613530306437363038393633346561616333646232326431666233343265
36373437326534656562643165336461313064353937623162326363643562663233343333306164
66313465376534303661643862613434373634383562636337343133646266326130306362396264
37623431346233653539393364653961373133393362393932336136663339656163316636663062
30663838383635356430333139343363633262376463373461643232343963653530616461663033
37316261373863303131346662353639376531363737663264386566356538333265643661653861
66616530343533333837653765313461303433393963626261386463376430353935613761333634
63353133663538323066646234626261663066363966663339306530303462323636366238306437
34363132633735376637316234373061343638343931626530343438323364633663346365623761
33333232653931316564313132376639643639373431353965646332383431313135336565663264
63393738653565653963633630613866363331376461343634623235613762653863386136633339
30366439336465306238663732643730306563343936393633646139333830656333343936656437
33636139326365613966313931393932303066383833623239643030306238383664336466616336
37303838343638663032623562626237643436373863646334663538333732353162643839366562
38323435643132383266616331376465666133616565613961316333356265393639616136353331
30633962396362353035316233623636343934626265396431623938656562313734666462313163
63323531363031646461353564626634356335323563666165313566396432623561653531643237
62643363626433363665373239663032366430313736363163613735366664303965336265383061
33343165633439636232366539313232653939303165653935386566666536383435646335613330
39366636626139376463613230326533653061346466663462306665346132393933636231346334
32663139353934356330663534346466383861626135626463666364616566393234656463656133
36323736316533663632303961666639326439366135393130666162373835306139303765666630
39343731333537346263656364363865383464303866626130373064333236663062383939386334
61646435366164303334653265353965633764663531323536326531383539306666306232323664
34663235616433323930306166646431393535653933323237333532633265306137356231323964
38386163643939613131383839626362376562643133643436636239383563663662363565633733
36613134393330306434383539363637633564316564396262373866383764616335633532383634
34333131353032636666393939653332306131646334346539663764366436616266366362396335
30333365393335616337666666316234383566613566353664363631656336613439373636643635
62366263336335326139346234633965396535656338626239353632663165643137313535363165
32666435666163356132643330356262316262646365326263373231666233373532393732326639
33393362626630373335633836393834336237666633333031623630336332376537303162316263
35333330393232346135616464383637386138323662626333666662376633396635373434313636
38623261656661623462336362333736633137356164613363616336316333373033623838613533
39346364396437306634373235376666643633306564383432663762333039333931363363623635
37666232653062633634666432316462613539613537323264663730656636613966656162303764
35373737383563636162373039323431363335666664323430333961393962353465353766353135
65376564333762343265333034663130396366663035356433353764333534643763356161306236
30643432613338346533633062323834383637613339383036386666393864343836663039393866
63313062356339393931393432623031353666336361376463323261306231356565633262303962
30396235323766393461336138623235623434303965633230633937386133626238383738396532
37613532356363636261643865303061663963663062353664626463656530613037313432363835
64313833623038653332623566623262363765333439353237363335653930646437323662363130
34633931383665303961636265333235353133653430633735316161376131383332666235306234
30363464646637626366643930363437626637383735363533393566623633383663636235336465
65613132386131616564383932333530613264613863653465383333336630306136346133353366
35613532386163313565646331393462613830323462376338376539313731386339383939633665
37663531356235393930356538373839353837663530643161336133323336646234613866346163
66356565343836306465333263393130396365666134656537356465353162323939643039623230
63613437323335633538333033303437393735383633306230383666376263613531363062323331
31343837613336376666393163636666316362666264656637663339323665303037313535613639
64353137303365353330373832653764303764646339643263393861666464656566303063363934
66313431306361383834353837363235396234383161316130303964386465356430333834666332
36346330393632366333343262386163323639646364663065346637323830346166383462303666
36613961333636343062383932656134393264623031636562356235383062313639633236366232
32343231346662646639643861633539383962626434386630356365363133333139616435383962
64666137363636343663333239323530383966386165323962633064623064336666306439376261
33346166653261646164656239386430383733303766356336623164343062643662383236383933
38336534356464633239383064653164633437363933613265333235346262666566666163386138
31386365616430623937333139616463333834383161663339666665646331353561396433663262
64633362346336323366356434336164336262346463353936396431646364363262356135383462
39336233393434313263396234333137306438616534656166303034306637643934386364313036
65643961666364643463356631356331376232333735313932383565313830646439653438623534
39333136323931643366343435656130356436613634363338336336383733323435366561383032
64393638363038393234633432643764376135643934356631383661323430373835623433363336
36376330383936653235376263633062393932303630656330653236333063663763323462636637
38386631333830373630636565346235363135366439643631613935323265346231653861366334
38343033313662343963353633653530356161636530616463383465633031643632663338366635
64643735326661623766353939353131666561653834393534373964653533643835303830333735
32303464303135383737313766633836643535623339356464626262393366653232303732626335
62643264383935313965313765656336316663373563346663613637333464353234626463363038
39373532353064376236356636363837663333346630636337346264656339656165326334643364
34326430326563636433356366343731646437373536383365663533306261353666666437346330
31633234623464303839653034363161353563366238613332353534346634656436383537656136
66643037326137343061366162616636356635303864306566353733653666626339343362663566
36316431623266636430363137306138636561623437323364656234666262316339393763383238
37326131393338383930616234323265333435616335333232303766636463363563323261373039
65396131333561663931646535363237323032343131613634313135653036393536653764616637
37616566326162663864623764346436323733613866653035396665313031303138666136353135
63366161323430623164656138303239363438653765633230306136636639613935613732653563
66653537366266666135333732613231363161366434616530653034626361323936333634653130
31383766386335326261393363313532346632393963656464396366383331363731386166646137
38376466363330346335386161656362333730336637386434623063363463306234346335623833
62373733306635326365363437636362313937616435656262353163653532366532383338333139
38383834333365303964396664633739323733623437336436653134346530313364363234396132
32363264336238653731366663313763363032393364373863653837653037323966653365316232
34333366393366356438393138306466376238396234323430343637323931313737363536396365
64306234393264653165353263323464663839643237386164383932303163353937383834383233
36653639346536313830636262653261343631616539333263373131643264343163373030393734
34313031316133613764333861666162386566616135343932336232656638306231323965303833
33326661666636336436643139613630316637353633663866326336633533383535653264306334
62646234353630333939666636386466376261373331303738623439666430373035343931373135
61363636393233336562376137336165643537613834346631346330343063616566616138313631
34326364636235343866646135366163343963313832376236623839633535326238326335363561
31346630666539646335623238333438666231316233393738373335316437393261393833366637
66333630343133633263393365306666666431363236613639363036353262656530633066623164
66346436656537323163643961346462376132333432623432613738663038353663373833333833
66646435306138666435373861383634303036366238623133313533613533643962346561386264
33346263383766356235376561663364353463663631356633373333396362343365336239313361
38303733336231336562303136663233316537313265393538393363326566376232643061663834
30653464346136356632626261373864656439373465306261646332323164383865323765643966
30386665353334326337663130396661636334333838643138626233373139613135313364626337
34313761373935313330663130663462613638383238626532326330636661626530636136376334
36336131653230383063633236346437383135663033353162356661393932353530636632333862
37616263316233643563363832643835393538333836346339663363323266383338666135323034
37383561636566373432303066326163623862303062666537633135643065306331366664656264
64353031666137306364356238373266383661616464666335623531376134343362326235613535
32623931623738366164336366656139313130383033646637316261346632373830613334333835
38653638313961376139616464333066383133383630373139623263366631396133653637626362
32383664316435353333316238363861616533363631633334636465323232393031616130356235
30363739663237396365353464333636383564303438663462316663613232353830636331313532
36623463363631313563326332383439633963376238323432613861613463373266623132653739
36626539623366356637386436363134316535386435633964313135343661393236373138666634
38393064323063313930306335646438316362376135626661386263636339356533383263323366
34363533363338663762646338623032616362376534326238353365313633336630656535313831
33346462303262353965313563363363376164366366336536636434373961383233616530633963
39646665393030633233643831383664633536383834383739313864656165616535636331633265
33623736383766333836363962353866373863323964663233633264316364323837326665303664
34393966666361343931383465636266343632396434613862393538666562383030663863666566
34356331643834636663646237383633386465336339636132653138613064653963643833373838
66313938623561393134613639313630356633303564666339373932333763306231316266343333
39323732393865316666303835373637363230363566633233336161313433643865643431643465
62306663376239343961616565393538396132626466656138396335653633626231343062616662
36616634643666663861613333303432326663623335643564393762333561646139336566373130
62343239636536333266396439383365616137663938373232326331383464623937646134613138
33383332616139316333633861663138333735613535663337613033663466393762353462303030
39353239396637623736643032376234646664616533373136356263626639323333326163316463
30313261633235366431633737663431646435336336633164643530373435393066326263653562
33616232363530383665336663353761636637373530663932653464316231326430316238346535
61336435613363356239633338323130643732656232343538303164303533376330613938336537
38643365333733343134386663316566396538326336346662313135353766623132383632303265
31656133633837613030643433396136633534366638316430383439643636623231646536383132
35366466653835346333313666633362346438363930363932326263373030366664613137633235
35653161393832326231333336366464653137663262663462373466643339336561653966386635
32336330376263313064323666623165343937346361316261313661666335646566303065373130
37366537656263643635356131663965626433306537313731646462343830623731303832633063
65323333643862323564663735316632363261643635336663303363633334333430623035383630
38666135306663313964306537616230353064303834663930356435313737663230313330376231
39353835326366626639393837323039383338376138323861646661393261333036393239303132
31306439626262356130343866623464373863386638633466643162303731663061323261373865
66386434313335393931333064663963663932363435653631653536343164396636303732326334
31636565323436396666383432366164323961366631396165333738326338376439373735353836
32356536353764343233323932653239323765386633333061663533623563313662363666656365
33613361616563363037623066333137613830393036666663623930376265376365623434313731
36346364396165306463393565303937326166633839633733376466393632643762353335323832
61373062353631396235363161623031636539616363366439393437383366353263666564643732
30316131373664666137633732393239353033623362303036336163363032383161346139666334
39363130626431306665343337323039303166636132376432376639303966353563353665613134
33653662623930336431613835343563363832633661623861303338623562636663636466306166
62373364396665623135326565343265366362353963383034643839343635663436306339323338
37363165306637396664643563346538383038336562616135383435306634353338653737386664
34633163633834633932383033333933316562306165623930373833613632666265393262386437
36333530636631353065643539396465613266633338333338633861393230613664343037396632
37303434656166623232376366303838633261633662343765386564646232313036326362303135
64373362333637376232663965316134623032366233306431643633326530646430313936353865
66663331646165313836396365366231636463383261346631383834646531346339313430393834
33623336666330663966313262313537333863653231633731323935643632363237383732663639
37326537393035653039343935396336356634373365643633653035393334653562663664623138
36323233323366376163356537316335353933333735346661613639623461666562656330666232
39336261353135613662653235323934643930626265313863396463616162653036323866626139
33346436646633346562653238646332663230616135313431616432336265623631326563376535
34323639326336646535626434393962333331666162623663393461646435386666623966306135
62636438626232333134346133316662383762613561393638316339393736393834336638306464
34333830366630666539303032626164376664343833363638393130363863303833653666636538
36393864643538313461346136363566656561333862356662376238393461636438376330643036
39633635393036303638383064333530376634666339313163313964636332343465653936373363
33613732376437356236366130323832386336633537363439613634613230646235313665656237
34326461336232373131663037633566336231396430646134616661646538633635393966656435
33303336366130616137316564623531303734626333343065393032353232343764336661316533
31386131353865666362623362633962313061636137313238366434613335616633343763306564
34396563376465363262356666323531303564663834346264366330393734363735633061343637
64346432633838336139666632313630656663666562373831656338313262363233343063366531
30383062633062633132313838623963346331613832666439323138626462366235363461313931
34663838646434323038356262336630333731383331613663393761366437393732313034666238
64616430626537653164313330303832353366353931333331633633356462623038363337336565
33613735363935326338333034353364356332366365646536303362623261363132396361376337
37356164306164663338396362326236336561383238636636393338343366333561663666643634
36616662393038333639653530633233326264653764653038626336626430356364313563356231
65373738643237623535633837326265383133623334393066306336386139653964643866633862
34373030363161393634383263333737623937366665363831346234393731613235336337336361
30613533666336643230663766353334656339373637303235343335636565366439316335303532
63356164323561623935633931626631346331303461343534313439323439626435643638303061
39376661653236313365616537393436346538363365343263656132323833643139323438393966
39303732666265623765616534363035633334393233656438333135636336663766316439373130
34633461343935656266313931346334663539323332366532393631656336303132326266623961
63303762396663396639383939373037386665616130313032336264616332643761623036333136
62373038633935376566666335363965383130356235366339623337356534633831396665666665
65356439653630363035346438366537646236633937393037386337646431396130336133353039
32626161336537613432396231386633363634656264316164653937396536303035366332366530
32316339313037626532323230333461626336313333363635376462343164393137656664306437
63646131383433373366313762663037393531306363633438323036653437303935663766663833
34643934336334363739366439356332633733373665393261383666626432306235313061633834
33306562633733616130303266396230653962646238316164653764623935363734303932396465
65663337303738366365306533366264643136643164666330643435633437373236393130356465
32373962663231613064353631356134666266633434323162363035343636393037363964373863
65646463373336336633313030623362633938356564333662656638333730633733303535623738
64333764363731316438663439333138356137633530306565616534613937303963663739616464
33313339623865333866313263316339633636633332366464653637333663343364633366316435
39346235616236333037353262636166656234613938366364396534373866633434313662636634
34336435363231666166313837613337626164373436326233363736396235363438376637356566
34353535613937653163383262633631616635613663643734396139333333623634653863303938
35663432623833666435333966636537626434323064343932373561393132343332313230356565
64383866363737343637373535396635633564656264626166333361316564663166613438313937
36616163383739316332663535376537313534383866333661323938306662343937613463383534
65376439616532646639333635346230663730663766376330343364343463643066306262626530
62343031336461393630653538643332363538636166343165306633376538656466633532626537
38373739393831663265646232626137646363303865313664316439616133373266326132363930
64346436336362383637653932633331366564613738643461376332333233653533623965356635
30313033336332353133613135646261326361336136616365633931616162643534633235336531
31353465623635646238356664656637383933313162313436356266663661323961623834376262
61306135336432346162643064383431303038373632306431613336666665396330613961643536
37343532383438343965346232623161343433336364353666313466353462653566343632393934
34336534316233363962363338376233623236633731316336396663613562663236323263626662
30303531336336396535626435336635313366393732646130626437666633333933653032643336
37343639663538626536313634366164666465643763396564666630323831383838326261326565
32323030643038646566623035356463343936663766633862323539633536393262613839616332
39396439653562383965626265643433613066393537636235353135333230616236303732636439
61316136646535316631663438393730663235306137346564343335666133383033623534653037
35366530326333666230623365316236623738653464623637363364663361306162366637323563
63326565306364653765383239383235313330366463393035333936663239313133313063396631
63383933333136653664313837396437363134313032373933623934653861316431633437626163
34376534396166313265326535303565626462383930393530623334623337326238613834363764
65316333653163333930323230366133336538396262616631616135616230336666366662623330
36663433396662343464323565643036373466323065366163613165643463663235343139396230
33383634613935383935613663383731393061613464643737356464336131363363336664616165
31393339623663666234366161343061636139323662386334383264306438653735393439393237
33323364313162616137376331313866646363346538306235353565626339393136363866393638
33626439343037323333613033663131333162343038303239653065356632363535303964613232
66326139303063663334313734313663386233393636656136373138386264353766653232386438
39303039623736336233393461653131393663373264656261323432353539306362633834626363
33636461313832656265356466306330626239333533313866366466646662373133356231626430
39623633656463393432336261343533343037363139396463313439393233333836656466643663
30383833383735346434383764653261616166373030356632633934393736653136363766613831
36343237373237386165333739623661313735336664346635346233613461333766303761363337
37356234343166393831643963383232643735653938333731346134396334643238663436633062
39373139653930646164326562643266646265316164313336396239346364633461666266643165
33636633383434333863616636303066396261383337633335373365333461353833313638313236
64643331663365616431616637633764663632333333306166656263643066306339653034323736
34306636396532653830323863303939626235633465396662333363666436396166623761663730
35383630313739373166393937356339316238633163346563326130633833326631373964336330
63616262633861393435343133396163353264356333346436353736393438306163366233393462
61646536613762633164623335373132306333616162616638363136656137313938623035386462
36623737653063343732343338323564363166643333396162643566373163373065656165373035
35306632363165613665613034326539366330633765396562383063316535303733636639663432
64663164643736343564306330323834396261373266333530396637393362333764383130323539
30633734353862306131313439326230356566303436623639396264666537633739313830386562
39643532646335333435356466393338306538303664353433316235623331363861313334653731
61366165306232303936653431323766656638316135646466313763646136396639393336656332
66646465643936626436366461316162616166356132663664333034373766366435626237353431
36636438656332323038666638303134313238316638386530623661313562303233303539336434
37653337353466343834333736303861393933376434396635323062623266396364313733343437
62303432366532333036323831306561343463366233333433663463373864646163316639633532
66613930636138646437616137616338373566336333623766653938386563383433306638316334
35343333616331623864333963383938336232346565323663383133623333393665366430376630
31313630666538633934353334616631316230326235663761656361626165616233376561313438
32623539663139623631303639373763636337386438636262613466393463383530623235363864
63383661613066313031653133633638653739393237633238313464643261366561646434646432
64623031653534343230356265633233626133316331353563333462316634663565363838343263
61363430316635633438656162326632383535653437376538666336303463316336623537653738
65623038346634633038373566396537636635376463343230343131393233386337333234656266
35623765383138656262356639326636653338663738646334333131353233656638663363323664
62613334336163643565646463636532383263373637623932646334663962393434656662653837
35643030313062326233653030666665383764353738616639666635383830303537646361666133
6532
