$ANSIBLE_VAULT;1.1;AES256
63376261386135323732306630383165323530333236323236613737396261346536353665643436
3631666665613638326130653932373661333865383732610a663161386465313532643466346238
39393339626662613739313830373836613531396134656236336336326233373161616638663331
3831626561346361320a613732623030663365306537336230333936386137313539346231646365
34636265336532303934363530343038373263623337323265313065663737303661306462646631
37626261653265666338303030663638653062313733346265323035666637633366316364626266
33646332663334626563626434343339626331343934303039333166633235613965393132303166
64636533366439396464376430623362333236336532383733346462326462646564326263366330
66313938666265636232323533656138393437346430663439666238616162643931623363326337
31636135353533633739636639343262633937653034343932353964363063643232363166373232
38333731396338316162326461366539636233626261343163363138633239306639353433356537
62383637336365316562376232353265303837343366343162313838303737333331336338633434
61373732663237373964643439613064613837373631356339363364663437346638383065326532
63356430653763346632386339306162656466313566366134333866323636363062636266363263
63333763396331303061313537353163393539303538656333653730353064303530326339663064
66313361303931346332646663363363626235356265303335323330393766336566626230633339
38663233316133646663356630383935623130346661333233323365363563663830306330326138
33633030323736633831633133316563393436336131333833303161366231376132376361376431
35643230383036626161346462373966373839633462616565663566643466663334623761383330
38336465306166396561633135363366323035316637616366616631333763663639663736366366
65626539396432316161363537383663393235336434396439623636363731363939316230326461
63646631393131383636393062666134383131633930623637633865663063646464306164383733
30646635366565626137653639383630373637353062386533643664656461643465643561393965
63316630643235343031613631313836396535643639323639633333376439643265343035633366
38373136316664303835393164363338633338323130323437316531343230623039613931623538
39393964643030363432356532323739653764346638666139616336386336316231383865303436
34396136643664636364336339366565663931353864636635333664363961636463623737353737
31356534663230666664326131376332383933663263613365363137313034323064393430303035
64633261626432643031336436343137666135313334343063393236323531636637313639313834
35616135353364303464303834626535336233646232373732336635316330666666383730326361
32616130666661303735623333656564656536396230653934333332306630663362336431643162
33646331383434663762653735386330646332333631356233333262346462633931633830336535
31393938613262363931653436343737393462383630396230373437316232356164333832336536
36613864613939373938633164653434303565303936623334643133326236376263383332623435
37663231306461333035633535356133653033366263653365623831353861363632393263616366
34653465353536376431376238393232336636363735383263346537393839313336306533313932
31643965656636353430666365363136656466646430386532643761373630663262373066626665
66633536373937613463393334653635363936393330386236666264363838323263343833376234
39633530613530653932653864646564353331633433393734386465336336323564336562303633
65646238343063636132353436386236623035356562656339316664303839376663333964356463
64333339613836666365306665666163646432386563343030303361363138386362383331346536
63323862346365333262663961663935656637363234663862646362326134366336393939623663
38353031643535646133353863306166613337373937313232323261303732646633313037663637
39373133336264383637653030373264656434666332643131636161626563396435613136353762
36663139393138376332356662623861303664396461303038346136616239333337666366323838
31613935353234386463663061663434356136303134643432383935623436353632376664616161
65363239393335656334613765343865656365393534366634626236623531653639616637363665
64313531626434383030373561643962613038626131336330613739643861333564636139643938
37383264386163356138393235633463313139326665306363353430623837366634623535636635
32373939646164356636663362393930353737306635326436393634353430316266393638616535
30633732353066313066353832316330666634623834333462303237353335353064633236663132
65363033363165376666303737643163336163343733313262633061336661336566633239663433
38656236646138666333643639343762376661383635393536643763633732306335616265316630
37323334303134393139333537646432666563623139386266666366643335336438613363393961
35663361333464363139376532653331343935353732643338376264393466663832666236396562
38366636343161653931396333353938373239613736376538636266356235386439356639316330
39316665633434353534346566643339396533633366383331663537353831393631333334313137
39306132393230613135326661313030396665333162343961396261376465363164383830616465
34366263303332343530643037653064646536643161303464316661333762623166666539663832
63356436343531326433373037643234613739383630393935356637643165303763623334613032
63306362646539653939633635366334626137616137376233643433363537373634313639343038
38313731663764623733316338616561663933376130663965623561613330306565396437633066
39643338653632343131343130383635323038353063346334633030306537653562653538623065
39646331396166356438356138393162393163393063636134336138383539366130653230376632
32616638653234363232343139373936626232623136316230363031333736653233326261336630
36616634323839303461356637663865633832373835663135383838383034313331333563306361
31316263343466386463323839633062653662313364626336383231336265343933353135666666
39366436373131656364393036393962363433326534663766656466363936383336386630363932
63616536333464373435663034666566636165356337373863323238353533666563313134313030
66363164376436373766333631616533653563373533323330316439353265623365653337633337
35363962346136346531336134313033313235626564353034303464373437366134363430663333
34646139336163653764383165613561613363356437353365313561313934333437653364353539
31393034373933353936656266383965646364646636326231376637356231343933383734636665
32633733323962663736313661636637616333346636306636343762643334306536613061363630
37326332386236336363393764396633336133633636373763663962363563666261333566353132
30613466306233663830323165363533393462303234396137386364656233333534383161623136
63323938373931656431343134376633356562663035336630363165373830353966376337396539
39303732323263643465313836643638313562306262333563326334376164373963363966636665
32366436653465613661613364353661323539633234326332363830393436616234373237363364
39363233313165383431356333383630643465393737653638356665313863633530336661303334
37383335316436643561333036303839373837653231336163326334626335653236393761646466
39663237373139343538376664633561363131346133653837663733383732353132383432626130
34386539346539663432353064366163303066353332313462333731643539356163303138356664
63653465336462626334656234363533323838346138373530626331616663393539343639623335
36356264653832333865316137373532303265646465323566373435666238356464383338613138
32363661643636386432343135353064393331656262666237336337373837356465663061636235
33323636346465393636626565353630326530336533346630333531353566646332333230313162
32373732623662613863393837323764313231356235316266363339383032313964636239656434
35643666303534336635353261333638353937386264663565636333303165313763363834656164
65643865313030323864363234353635633038316432666362356130666532666533336362343864
33613765363562626265373432623234656565663738363062663931653137383062643837613334
39363432666433373766613438323735626639313662383136663266343935643133303266303263
30626133643631356463313931383464393639393439613736336663366462616537343531633630
31663266316137316535613338303136346236643337393238653631663861343439323363386366
62643765393136366636653866373534383063356236336361653135666336653438313538383362
63626664646538363161393264333862616464363466636233386531333233633866363135326261
33626162623132333631373636346665346130643431366537633563636232343165316536353265
63366530363965303632633438373930326233333764383864396635366333303632616432613064
34383236313463363563666433346234346535626237613537393462356538376635323532623633
30346630306635643833343263333438356532326162663066323136336436373663306337636537
65643465633466363465356330316532633637626166316463393161653535373165323461396464
31306239623464653431633262326631623835656335656365383733633333653330366638613364
32623331323566623636643364626266613261313030393063386133373431346564666333616333
63303236336363323462653138626530306661363731303235636537383863663466636434633561
62303766303865363630626237666164653865366366633863316163303736613061303861333365
61323837356466336432653738313537316365326534303331303866636338613363663936633838
38313133333365346131376438363938343632373533653833313363313033363461343336313864
65643331656139343666653838306563333163396263616465376631353639643530613866353263
39616431323562393164353364303331363632653566333833646131346538333065323332306562
62356364383462356331633531366364343162643436346266343934366234643538313236363737
30396233346539313936373963653162313861313064343733326463336533336163353738316232
65623335343339666261653965383063346338343238396638636166343037346133336363613166
31363462373034363265343338383631343631353838383330633366316364323232363662613435
35316362333131336664323433333234356431353438363661376238356136643631376633313532
64633563343232316632306236353539353530356434643863613564633466636138363162376165
39323561303532363361353430616537376339613163623562343435613234636165626431326165
30323561656238356564313936376132386137363437313363306238336437303337646265393135
61343730303730356364393634386662313938333839303930336638393266653632376430623431
30323735613830623661366665366539303333373562333566303535313562393133393865653639
35616638386264626630393563376630333939646431363032313161646332643166653864373831
32666138633463663364343035356461633633636133316165383762623835613534393230656263
62326336343932356438306337386537653532636334623136393931363065313334613639343633
38396261663738663632636232656362643737373639356438396139636139333262656463346433
64613465353261303436366564353332636434633132613666323364386335393632383266366438
63636436363833393766306233393239373838623861636431396437653830386238366266333266
62393630353232623161396630393635646139323330313631633734613363343734373763646133
65663264633534373135343030366130653638656233633138626234313236643332366132373466
34333161383963316538356438306531633164343436346334386535363032646663343431656638
32313237356537313336616138626437393661623963616135643536393862386131363034616561
33363139613063646530613162613033653934386233653137386335333366333239363564366534
36363533393137653539643937366636353466616131326561326266326333343130326361313230
39663836306163323932313961306265353364313833623964343066303634326265653638646634
38653837386161303263336664316566633732623462663265376539343736353732393330346533
63303430376131316532383364333561373135653336623462616562313331343133643030363334
39396636393130646266636231326130396463353935303037353734653030653539343733653362
31643666333264333666623230623366626238376264363662373833663935633465353531643933
39343531656136613735656133656534623730653037633163353935396261306231386465323434
31636365633533373735356538363836376439623965343833353631316430646534376465356634
62326263626665383164623130653566623033333833623632613163326361613134363163396665
30346430653966623339353831646234646436626331663538646332663266386462643466323730
33633436326131326539643839656664616366313961363332613563616636646538643731303035
66373465653262386431336565393362363130363164303638353065333764393539343133646364
32346364303930666237656537313163303037633365626134346465356362393139383233373564
31666364356435353434323163643064363233393362613633326137343239666361396561323230
30386263383533613762623736666163616633313765623063363531373038663564326163616433
65653563336437373734613733393862613130663166633665303132396331663033666137393064
36643066343736613263616264613766633937326130313539396662353436383063393366613239
33383964666462646461383366643138666161633361643434653862386430646535303537323833
30306534646537313839313136353863303633356361323830353262643864363363666131336434
37333231666664343564343736313933613537626237353935313564353534313364613864636639
66373863633131366237623233656633646663303364393362666431373265386638356137636333
30306635383537313739616635333237336532303838353239636532383832306330386231386236
30343338303765666439396132613738356562633735646666313263346631616165323666323964
36313836306631376336313035323534613562333438643233636637666166346265383034666139
33613631343436353934326238306630613963343832346163353461616264316635376165343131
37386330613734643061383334343237646239343833316533363563626535656130373966363336
34303665663136636361623830653263626531623966373937663862396637323733616130306530
35643132343434333266613435643332613730626330616339373364323363343638346361623533
65353366663464343130633064653335346632353338623637363732353936323564643732376237
36383537383561653434616530626463326130653736306263343637313130343264303261623163
36376462626162333964363435366665313431633736383961646166616630306662626366316537
62363832623331393966323066383833636362353033393236653535333064373464343337343331
30363339393637646335613436373961333033636535356233623231336135356330653762623536
38643431336233616233373931643362393630336335343530656462663365396439376331626131
32343537336637356630353230323764373533626638353763636365656234346562343463343139
33316362363837306537643365316639383636373237376361396563326666663730643837393538
66623764623664376637383163396563623839383234643561323661663832663163613963393966
36356531383733373033623062363235636663313062613738623065636131666333326164396235
62383733343862313831373363356561306438656538373633393333666237646562386339316330
39336362643461636138636162323933376366343464663066393039393564346464663732336630
64643766643133383032613466353732666163316335303164346533363662666538663239643033
64303162393032653766353561356531366138333934353630346661383039386633656234356634
61623563373363336631313138316138336536393231363563643261323863326164633630646366
39613437366530643962613463333530343963623164353435383762333336663464663961356662
63663362346138326264323030303433656235363061303665333833336563613364663865663238
63326533393936383165316335306434373334313538386530373939306330633332343762373836
65373363306239363462343534386561383936643631636633376636653632663032666530336562
63323139613337393664613262313936666139663237393835376430383235353664646637666231
66323832303063326661643964316230626135326133653766356664666132663463346239303734
63653138343262323737393061343563363932303838633237356530636264646232616135653237
64386432303234373461373864643463356634376266306530323638366435666331313831386430
39663065633463313436396665623136333431306239336565613864663035616431323038653432
64643537313862386335653130306135613738363265323333653331646330633266663335313932
65336561623363623830303963653162303435653738646165303362363433666438393038376430
65316433306538646438613835633036643663353564613236643861396630363835336465613161
62636134646635633835363637613437636535653432333332646262323263356439366235326136
36626364663465343639346563643663636338666365623038373661653338393238393632363137
64633739383735386661363337646238633062343237393732653230353136656134303062383865
36306130623239356462326533303965646663643065653533343166313338653462373262386237
61373763333766663934333632663531653363313339376438396363636338386635666637316538
39366435373135376330646265636166633237343930623939333063396139303038333662363632
32643334613465376531346539656566653366303862373163643538666266333462633737306365
30663531306134313763633938313964613266356130363566366637313261633632353839633032
39323633393361633832623065326437336362346230333361393764313436636638336638643131
62343863343265393931313364303437343039316230363537313165653534396130643434303163
37346165373565313535393032623132666563353264396464633763366536393339613237626561
30373762333235303431653233313463626563303630386566343733316539623334313537343130
30373139626265396638663033626131353239353735613961313035363433353032396436633334
36346533616234303732396562666637643865393436666333653933353837373934386134366334
38366561333631353665643764343864633963646466386430303534303336623938366131343136
61373461663961343138356461353761346663666139356439303164393430643663626262306464
35343937633831356431643839343666646535633235343364303234623734333632613532373633
34626335376333626536626536656137653532633834376331313633373232313337306235646566
62346632616336373039653038313834376366323932663836643262653437373033656366306262
30323161666562323838623631333564636639623866336464656264393732616137626563616537
66643230653964353831393631633631616562643663383135646233336539373534623539666131
34306636346434306239623934666230323066316537353839323635326233303064323063616131
32616633393864636338363937383632383462343834306663393030316433386265346636316430
62663639356461306233356632353437386664336432353130653237333739633966623166303162
39333533366661636433346639653162636536346265353632386464373161623966353339663062
35366135306236393935653965623264363262343239386237323635326534396663366530333839
34313132396432316630636363366561316532383034356537643631313233626565663731616261
61663538663936633863386164656336393466383936303731303963343666616263666539346663
63363235646363626166633237383664323739323834346462356134316265373131663538326466
37323637613932636534646331376538386438343039376638343162333331393437626433326537
39316162326262666262663730623732633233663866363637353038386539386532663839326161
35343664353866663462396436643931323138353538636239373664333930316331653635336338
63656633383237326538313266363461623530303066633436623835663635393963363063333765
33336437633164653866373737346236353365653037623062303333363033313066333463356130
33636637313266653330386436373535663061383564353162313436303835373837616264333562
65666264373832343131306430653262353037336665643266653336366662323838656363356636
33643964663563396561626130613130326131643265343461313833633932313161626533643766
36303535353461663539666533363964623533376339643835643038633633613961383139636531
63366335373337633065383062643735303338343337323139356562613839653831656364353466
38666266383263656530656665343938663132663930353537343563613162646165373036356138
61386664613266643064626165653666623931373132326534383264383234303738393433663732
38303436643737626133636234653031663165386632613766376136393463616136393130613737
64336563643739643636353030336464373938656165376130363636633335613135636635383138
37323734306565373531346434616437343537336631396336623930343438663166373366643862
64343865346336303462353637353065353038313439343934323733663161633338383534666661
30666135616535393737633163316636633633383562363538663131626134636463623362373031
30333436613539343230303265386337623865323064393230356231353635653136313163643933
36333066646532653037633936323662636564663963346162376462366536373838626133636634
65653264666638643661306636323832653563616338613832613532303537356532306566633637
30306334633863653563383230613035313034633535363266313865656166326265666464393131
32643465356230386636663163336630623333636565613862623462363662373335666332303531
63613239383963663061316664356132313033303139376261396634653533653262613137636238
66336334353364363365643861313130623162373566666230366532383161613732636363333262
35383462386434623765326135636366336436643862373837353039663434633036623066616666
30373665323664643035386561633134326434633131383232363033636230353938623636393463
32646262643866316162613265306435376433636630613239306537653939376237666233326662
31303361363337353864346161646636363231656633616361343133393036613132663261643431
66343632623961396332393037656132316266343266663633323230343663313134623166336337
33356662316362636234393765623962393331396566636432306563366339373266353935663330
65643865306663646364666637646565393266343365366538626332343364373435613864663764
32363761333761656231346533313437346334356339336439633535636664383538373561383166
37336135303833666637613865653139303463613766373062643730626463313633623561333932
61343062643838356234383539353664376532616337303236343738623862666665643130313135
37623838633533623264306133396334343662616634646538336630376530316537383164316465
39393039633838363066386563353461373632373039636135316237643339346165386433633464
62636530316661623936326434303532636361303765616635366637316264386165313135326232
33356432656336373330396432313933376438363731356661363238306465633666656130333761
38636336663035316636396661643161623135663635363237363936326436613265656136313739
38353533386663393931303766356330383036333061336336666131653062643937616232343631
32363333653865393566376538386138643933303666323163303964666430383032343138383336
66386235303637353034383864353762323661623236666664333463623233336163363463323039
38346465386136393363623864313636333638623763643534333561636431373038336363333833
35663935346539393364313039336634303966613565396336316166363239326166346463623566
37656433643237353931303262336535616631343863646235626131616363386131333936333330
34346136666639393362333331353163343463616266373737636565376336313439316339643631
35666231363332653831633634333039386439343464643461386661306630613962396465366435
63363663373662353065623937363163336139653931623539653461393665663731383361383830
63326263333863373465636466323533613730393034386665636263366631356665363666366634
63376131313332663737336438303830396430336432663765386138363564653835316261313739
61303739366566303335636434653766346433383338386461303232386239346139353363306236
62303936653963306463373964386639626564303164643239336132396134393134393637303263
32396630663631393634303138396161303064663731326361653864346266333464613736333734
63646461356237366232326262306637366361376262613863623265356134373364653831303438
63643132396337383438336137656235343065383432326534663136653438623839376536646131
32623031613065383162323736373037363736383732343134636564333864663663353664373032
35366439643031633039373534663638393232366137303432373437613639346131623832636564
32633839326634333636343239366134303239393333383362313734366532653764643164323662
61353066366330323766313636623365646164306233623630663235393265336630393935313438
32346635646133353334323535376439303936633133396134393530663565333463303539313664
37633536343532333261386434646531363830656531393366613962643662363236623833316334
38383765303639376532663965383034316537393033343731333563636137333139313965663261
30356438353664653638323239363764346639663862393464336562643835643735303331363762
63373666653466633132383334356165326238306165646630363737303737366636366337646662
34663033373365323932623336653364336332613731646131376539353133623139663734343235
61636432366564376530393363366630316534363731633034323038373035386332306435636565
38306464626139643631383338326463613933363861626133653034333939633534363030336135
33653135643261366236633438613261623561643161656366303936666362343934326262336332
35663731666636643133333964373332383461323139646130303761636339653636333565323335
35383634653839643361313535333230383261626239626232663538616461363862656464353761
31343934306465326236633037643832353963633666613636333432323732633238633266653261
39316530333631373264383537323265316566393735303939396134663763306637313265346661
31353065616236656530323462306536313430653163343238366362366330333566623032306538
32326531333436343230386636393862356630383634366633653132356631383336646162376136
66353831303337376137666335643561376239373034366137626364633062313530613631633731
38643763356237643233663965336238646663313137376630633734316635373933346161613861
34356130333435376136363536653163363164666232626632653963333531623564346433313434
39633531383265666531623232383231373465666461663661626435313632323866643734653032
61343865386262383962353161653566643863383635363165366630323565343264613735376133
66383962633434633737396439353137646636376363306233323736353035626637313333656337
34613361656264383438633835623833326133666665623034356234653734623234316330366234
35313539653030653536396230326634636261393332303638346334363837623163343737613535
61336137393761306562316532313166343935366363386463323631633232366463346437306662
33666239643764366332303561633164363861613634393036303338313837353862363035643236
34633334306232363737363265393862366438653563326232343832356233386137306566376330
64643566333463646133323561646231626132626239363333383035336536663535633437323837
32653463373034383634326565376361656362363263346538343162383130383265653532653930
62356332626138623732636636386139306438623965326635376165386237396437633061346565
34616533616162626562323732336230653939653633386665653861336237666430383064383662
30653161663137613935633935613339386263633531363564333532613032633534356365356236
33363966633437643635666232613237623334613535346130316236376636303662393366343632
66666361363961303735336561663731346432616533363239656462356662366436303065383334
36303766366538643961313332343537356338663831313966316434343239373230356633393334
36363039653736393736373634326633393366376232353463323832363930393566646564343737
64356265303133303566386566643039393464633534323063363633316364386463353938633437
34633463306637303830666130326462393537333639366665643736363335653362653062643865
65396465643964336532373934366333366331316361396330373936366563616236633436643136
34333237343366663363323035313935393134373536383235343330396638653164383263343034
65356364356237623565373536373637323863653939383036643830653661393062633532366435
64343334326535643136656363656434633236616535343765643064383336663363393464353239
65353032633535373838383939653631636333326131393765333135313630313431616533393239
38356564393734323365643436393734653264346437303333306361363539656263613933346236
33346139636132383735393632643539656436363134393838376137323635643632653231326634
38326364663861326431623134643266376362623737306639316534313630373634303366646135
64646531376535313664626433363638663961383832666436613539396666613937646639336532
37376661353565373066623637313862343964653730353530363963653737323663633565303833
63636436396361306338393664313930613634626461343761656534656161316132393863336639
33666161313938336135303332366565333337363263633637326333363235626466393937626261
37306664303435333938323439373337313539383164333962663039373135663034393136356665
35353062633730303663353736313261333237613233656632343835313738653631396636383936
37333666643861326163393537633336636232386162646164386234333530333764343664343865
66613063396235643937633035643766376530396130323339623032643865323363613961366136
34346162636664653430333863623435346465353463373830363139336462333133393462393532
37303338653635626431656535333234646536373166346633323465356134313837336362626138
63323666313437363938373465633838353333376166643261623230666532373032616431653039
62663933313135623533376262613139303562333566303865343230623965613961356363656438
30613430306366343239386165306431326364363465643139373433633535343462653635656330
66656631643332666266316161633730306430373535396138343036383237633163396130636663
31363136393132343330393933353734343933613766356238376230313439613864626539633232
36363664383634313935323966636636353237613265313832373162643065346337633539643264
34613534393333663834386435393163343830623765396365306339353666383363616564653461
30653638346532386663626331633665643662383339383465386164353064333037383839623338
66313439316663353336393531373430366333626639663838306430616136643737373136323539
38383462663764303939636530326637373131333032313937633865346337636331643462653736
34323830313635663065346537313630343833363638326361633535313134333361373637316333
32633765313262626132373036313031353533626632633362343766383435653763663461303561
38366432336539373835623764303035643131313165313064373563386434356438353166353537
34613762383363663261386231613265386430306437663231633438393734643661623538306330
36653835333839663962383435663866396337363431356636333966356132376464313265373763
65353031356434353066386434306532623961363430626535653635396434663561373137316537
63633961343833613663373134343135326533313461633662383637383037353262613562613336
31396437656663633235353036633338643561373038336536616535383165396531636632383663
66396437363933316235643638663861343763326431303261633133313130303465636463333861
37623063643361383631623433353264323735633463343663623536316562636631613862633734
37306133396235373133666361363231313661643936313736643132343335343262323937653634
39613531636433373065383030316538363532633933336364333163383533373830613835353666
61343861393038356335636238376361376139616237353636373862323263323038623732323130
65316563343164623634363839303435396638643933386437666339383666323961666330353634
36353434363331373164326336656665653762313465303337363538636164376630633634356634
37393561316565316362613530326564303738643961333031616262396464653366386234666432
37346538353433623830636639636231343466316263656332383137323166303164376366626538
32373939306663343462306635313466666664386130636165616239656232663465626366663231
37383363343434316262663532323438316231656166353332643766343039376136666464616534
33663434346562336334333866323738386234323065613936346264623131643235656438386333
39636233383236623035366462366664633938356631633337323733353765633963626638373637
35633835636539626331613265373436633738653262333263613362343065326331656565316132
61356134643565623731303133613135306130626633633534356437336665633334653566623063
33383336643563663666653236633761303532383732353162666163626235356239626135613466
62323538623334376436313866323435643530663930353565386139323334616637373932633538
33343337353330303064643232343832356162333561356137623966386362663539383337636265
62343535623332363232613839383264363063633933636137363266393837353435323063363137
34396461643731663830616239613762633031653536386338336433383739346563353766363634
64356536376231323236393166313239623234623431343962656233616430383166626132643035
61366637653235353866386537353036376133653062353434373430653061663336376566363636
35336237656333316638653130393565616637383363656639323961356336633765316263323135
37333834363262343163643163663531393838633765656164326137386563356465363161636263
65356466653833316330373437346564353134303965333461393836306637633338623933356134
62383236316231656462633934316332616533636364636131386537343839363739333737373930
33383539643631383936353233653533376430643866303462643463396337363633663663356661
62656130323630376361323361656233653430393861313838656434633339313561313236643066
35326263643337356164323063623562653632346136386161333832343565356635353234353139
65353635356537363865396138323765653230626665303930623737633134393362343538306434
61313338383261373434303536393934303263336264613664653333633462633335343937333634
33376638343230346236663730613337353838383266613238366434656334653162393065373565
66633033393131393038656339653537333934656165633233363631313061303531323832353865
66663631656164643261663733366236323037316265613262353539343138343766653337653263
31363535646463323666653562306563326364303838323931643738363861616233353163316463
38666637303931376162306138363035326363666331303362653939373131376539383530353765
36343330663732666435353031303434333234303036343831396464313363316236636163383439
38366137633839656639656161636364653666623365303531356465396632353361646266333265
63306236326163663533336637393734373133353966356237353239653232306434636438383736
32303165303132613531633664663738323034623964623339656464333631393637366233386337
33303862313465666538373931356331643339326238636562316236633630396163343136316239
33396465666534336134383766306363656536393965313132313739303231633931323938626337
38623965343831323835363833633032303361303732373438666164656238643536663361363432
64346538363863383935396636303136326261653361323132353535616234623033393235323665
64646564343036346634343664303664363337366562616663316333336162643765393036326665
34323431326635323261393537653739633639373134373935633935643932313365343930333532
32366434633463393161656432653839376161336166386361666634346131656263336661366135
63393834303031616264326333666663303662636562646465333735623230363536616464613936
34653465636335363831366161653035656664306234346137356232656335616364316161316438
61373665316637383835386635356335333739623632646636646234613039636335333537646237
35343361356132313739653731653261376132316265333264333165643761316161313532303834
36346136326433326635303334393833393236316532653736633439653434666532633561343730
35613737663633656630323863653336373730616566613036383532343031373134623137373637
66626633346530323963363864313962623130656237363264626533323432356566626134373632
32643631313133646163636632613263326434356635363862666563363435393730316334643662
39333138303237363035363636316233353465653164373739396164303539363032346234346561
64393764363831366639343737316262383835396631653632323837313861353761303134366362
38336335376564306234633333653030393138343636313438303864626664636235633137626261
35663761643238306139663039613837323932663033316534636365356137363231646634353830
32303531323135373465663335313266393439396461613230326234643431313432623839383738
30393964383135643038393232393264363061643461653261646462373763643562636230653762
36613263396434643264666334313465376334363665363166393761623135333739656362653631
39373834353831313962386534396231363162393731363330376634646138643534666435393830
66616137623032313931373664393031393832363464313936303933306139383966333330386233
30396237306262303766303566616362363730373266303637646636383339336362343435336430
64306238653161373230366333353662393030373437373435336663633362393335373332376238
35613061333130383465656539623266383462346261373364626165613036343832643362636262
64333731633662343637333634323063363833303861323262643363636538346365366339636633
64333066383133623265353962616362343931353633306638343431376164383964373933613233
62626163653030646338363533306137313165353332613138326134386264393638353030643965
34313233633136326535323531633839633030333766616334326532386130363937653833306264
64656634666362373631353563323731636335323732353165663332376362643366656337363039
37373635363663393033386130333631326633633036346333616436346565346462346331636364
30313065656638383363613838316535386637623237353737656161396365353236636264643134
31363165626364373764333634353634623337343839666132363231623138643830643766356230
30633963633231623766663162613833376430366362373936613065663434316131303031373965
35656534633836663462633665383336336164313865393061343732373163313630633338613030
62643163386665626633366436323662663665343638363637646635633234656235353632383661
30373938313638323131363436383236303433396162323365366462393033663632316661653732
61396638653466656333303436643634326233353561656364323332353664623031646337336462
32383932353432626131363830643938363639626331373834323864363666333161386639653338
33383330303263373430363766366537346132343562336165373635643837323233303534383135
32616235306566353137343735653136366464383039353832623632303639346532626533656334
33313763306338363831323164363435643235643663643931346438353863393733313430656563
38613130373139333265313463363864323738626563333536613762623937343132353534383338
66363731636465336539346261653162316635616466373662393035363330616366393231373366
33383530653735353364353831343137343364353134336432346161366661376465316137653539
63383835376634616566613963636634663337356461396163326335363435353137303762303061
61636332333561383534646332373836653064353634376434363934613234303132323066353637
30366465333562303361346564383462636233616662613364663133613766333331326432356239
61613739653036393835366464383435653464613566356364663634633436353066323734356562
66336166393666313835386462333134656432383465313162303834316131373633656538633237
62323233323261373064343932316538363566343433643932356339623238663839393332653963
35376630396664373839666530633032316432373266353565343362303131616334366538666438
37666634623130366630323966663939396536353731396562653435643635396639623331383030
33663731613037636139306665373834373163643733643062366362393834623533633866633133
65646234323638353362343232633039656333343432336134626537326165613137363530666366
33376236396561353235343461373335363736643661323230613037386462373932396132306231
30306133353364633561333365383634653331336265386137643133326430356632653462643839
64373038373764643365383237333865366434613637633435643838393134376236613163353533
30343763393730633433343562656439323638616164653135303962326137376234616336396363
35303838623336623361626639656235373336663136336338613733313964626463313830663562
65623733656233323235383237633433316462643561323039623534306462363439333538626434
64383434323836343464366239643162653963383430323938656233376462613635613135653633
32663630373564646631623131346531386264313064623961636331626238636536313861383939
33373766623035343130643662666366373534643132376364343362663165363062386233316362
64653461613130353438363833313232316664613731313834623437373863353364313065636662
62373266333565646331306435343863393530623366633962316361373436343136383938306237
64313566616435633266373761383535396665613466363963363563336530643138326563326436
64383439343731336362306637613834363562306666626536303662386631363366623165643962
39643436353163386561643063373332303837356137353430646432363164623633346666383833
32333531326665393937336533633336323062343336653536363537653533646132353064613737
34373935356638323666373264663535383234666265363133346237613266303066363830336339
33636364326661323735653230633932663564363863313037646161623335363637326361383038
36386338303631373839663966613932396365663530636238383836343763353935306236653364
61353438653335373338346561663034336365323834313433636434366564376536326437663633
39386463666431343031313330363532396464346130303533373337396465313937346132376634
34666161383330373662646661306437303164306361633936643262326130386334313732613066
31383633326436383639326334653530643362646134353831643033363136346334383031646330
32646639306530303838333039626537613831323937383766356263333263656230373531383733
65386530616135363233333738663266626630633731353362303234393131333133656533383536
61373633336562653535343433653636343763363661393334646237323164323863306434666431
32386263363265336235636532613763376239633636303137326432306430353365626536653531
36393464373832643337353032393162383365343930313538353139393965303930666237336530
38393438396435366139363265373564323966616134303232373434323639393234313230333366
30336265383332326133613833356235326433316464616534303632353232646661353136623634
34353137386238393137333364316132333339643763333464656431373235646662663033336462
66386632323838656234313465353565373736313535393432313039353065383332303033323665
64333963336439323636643665343265333039386261643464323165393463633763653436636237
63613133643466383231393533383839343136616438613065666566386564383564306239313134
38643165646532643435306562346336353137646162613034623331323863326566666137656133
36356635353636633735643164366531633731666336343139306439633961633631313466353162
31613461383835333064333737363636333336383737333762383163643333663130666433366231
62336635303136313733643737373161313338356364353531656432373931636664316164613261
37303237646263626134656531346635316361313332656464363962333738616631656566336130
36366464626562366365303365626439663231303235313264306237653336633835636133613737
38636665653834663737373731323163376336326366396437646562393137316439386361663134
62316536353830636433323461663261316231336238653239616134313432393930386332323165
32376333306239353839386263303363663439636436636534343361616366383837333934323037
61633630613738366533366136636666623532303037396133653431636262623932303264666339
32333836336561626463366436653962303661363166323438376533636136303136356635633338
65393239386433643839623939383531336333343233303738653762646634363561623639633465
61303864633664356139343734336633323730393665376365313765663263666539653638366562
31656438313435333238376534383431346331633534663462396231613532386432626562306331
66373833313937336237373738656135353133663336393565376338653538663366393236633561
30333435643830393662353733643631303461666139343833313566666163366338363138356638
38366366343238623638326336386364343731313839366666643234353337656139623438366462
38306366636134396132663866373363636335363332393262313066653562373263616135666565
35393736656362356432353930343838633265663530643833383065396561326132326333663735
64346238643232656665326263653537316530636561313366393131303838623031306236636464
34653237363331393661663135653563636132633933383430303238663939343533353064623366
34653265613965613263613731356132393533663734386161343437643766653062386365396332
32353363666137333461316536346561646461333739656534356638356464303133356132366231
33643861323837643033313064353661653435346331313330313736383233393832393832623139
35386231323333653239663863336165633362636265336662373633373834366137366262313363
39306463633931356137363638636231326430323135653932626334336562323333626164663433
62636362343161313032336138613031393530393364653539616531323766336636333835316433
66623134626132653461393162653735636535643037373533633062353463313632393733363636
34383662363534316435363636343761306532613739646635643031653635653931336631383961
36356534323263633733336366323432633261663164386164373363653761393234343630353430
32316164306565376136396362346633636462323434663839643265353562663866363233393262
38616135613232363135313638333937396431383064323235626331353334353832363965336339
31303334313764343463633237633937653766626433363132666361363063393035653635633138
33373537663430643931343530643961653839386536666365623339633333323966643830376338
62306331666361333766613134663731626235666531653861326437396132666334313965626633
33653233623565623532653662666164633934633030326138643938316465333433333761343237
65656138306561323532636331356535663530653565353131326534366232356238663634353161
66373237366264633761646131386465306664663862646537346266666335353237623739323033
35313135393733306462366233383965653838323166633739306532653833653730663039646439
38356164633061326564343037313761643737373766353235333865623462643538366136303934
34383334653135373265323731353266653032383136666336643530323235646565623137383432
39363364633363666665343734313832653337613734343030326632353861623131326366653037
38313031356330313366363264383530613663353462636561663065613461333934383332373438
65666261326230636134653531353733653336343832313938656233656366313934363661393762
37396335393738663330623234653439326334353936313235616561333035323964663234333438
30663538386164653664626238323465336136316332393461353032643833623939373936306166
64623131313334373237323365356262313334386261343266363332653266663035316466303430
35326231633738663931666265353635346337613935343862303238326134643431366137303232
39366534623833316138383836663665313234323261363237303266633963393735323466666661
35666338393532633662626439396532616664636462333663333330316437653362656131336263
34363134303637373363313037363161343261313435373965353734343731633231646433643134
65623265646437306331353538376437353131373938353230636466613637306639646637303934
65313737643263633335383865336136333634633366343162313035396665613130623465616365
63626335376130346565353438373137363531396335353736323061376231333039303430626332
32363931366363376362373564616236343264636234626665326537373231386338363937313166
32303666333838303734383436303738653535313763376436383236343939646562653263323230
66613831386230653162643035656339613066343566363130623039646366376330666333333334
38633634633636363337353265313531656565353730353334306436346531353235623262316663
39396634343338303666663462316139643461656564303465383834316364346261373933393430
33613538383265303665613139616266616266313039393639646664633936363639353933323739
33366136663661623061316131383738303964333935383163356664383234666263336437376230
39656432363931653561396138303032613432333361353637303332336239326262313463323364
38383331386331383033376237386537613337396630396362323964613335353262613032326662
62653337393161303461303537323536343031306564343664626564333166353263613162343131
66376132666233656339306264383335663630323462373730636361316239633264633632666166
38336562626366356436383366326230666336383134373566343530353966666530633365393165
31306264616330343164353332623136313838326532366630353966383963386665663239386264
62353134393964383333393531623562656232386236633766313532656235343130353162633764
65383437396335636164356336646361393635346332666161616439393763633731663638643735
65623566306437633461613834643162333764333939336261393630366237343161313961636665
36323830656438363262393762303331643134636333326162663831643436663561323561366531
36633666306266356536376436633534666566363765333035393330653238383433616335666332
39616434656166343664646232373763306664373730343536633539643836303236323837343336
30383761363065326530633262313036306635303930306237613337333065393462366136323564
31373936623766613438613039336265613139646530363735613133306663313639353065623061
32343533393261343532616662363437613033656132356431646165373165633230646536616161
39623534633633656464333739373362383632663064393464303666646638636432303734623166
36346234336534323038396530336361666131623265623433356632323338353931353766633163
38336632653134323863343338396465373237613839646561646533343634366637633436633637
38343032316365643736633230366135323462666333323663343364663337636632393230376130
38613232303935396632616162663663653636366561366363616239616638383936373536663561
63343266623036613035393361373763373038306330633534336661376635356536646566633231
35383666303163303132623431303964663835363666393134306234656331666335303438643234
65366261643965303934393765373061343963343734303833326363313632633733346262643263
66613166313931656539363761316534353832633735303761643762363537633334363262326661
33386638303339306435333136626663346434643335376339633133343534383261356461303661
33326138373034616364353034376162623137313366386139313061383464326634336538346561
39323132303561396365653831336138353134613133656232313833663831346562386233656663
64333364653165383934613838633138396437636631323734346335383037646335383166356164
36366464313833636336346634633734623539613235336438363563326239346137316438623762
35326639373861356161353730646335313662663036623435653731643663303761383736393363
33326535643833353266623830303835326265663661336165343539353037373233326662366337
61393161323832663032353533653064623364613265313937663265383161633133373464623833
33336366643839666465333662343338363230626666333635653262383137396462643763356364
32626462643332633037623365353364353065316465356461333165363035663737306530383964
37356564613334613234393464653635643065376366383262646238626432383532343330333238
34666539313639313961623133363437393838393134353865323332356365343761306437356561
39343831303862373765313236633564386335663632363863326630333930636237346335313862
30623465383833303934386339343365623638316235666234656233356232353531623364306663
66633763653266373762363334323834373363373632376264613731316532646333636339336437
63316639323839623731393061313631343863663164323932366134343839373438636431366539
31396638373532636130376333653233313736343439343464646231623033326462616462366338
30633361616139336366623861343739393164316537653338386536323061366437363438633732
30626565386463363932333461333265666538616431383538316462653934313463396232363265
62646335366436346335393262333435316637653865303764313161633362336461616466313630
30393232373062323436383936616634646538316662666439326537393465656333633362313637
66636239633064303330393338356137623337306664333563376436643531386266326361353565
64653561333234313038313666613164353965353564363237343838333166396663386563613831
63633561653833306430613437613063306363366630616166333939613537313363653039393730
39373438636330343339626237646338343861353233386463623236343837343935363534376232
32613934373539303166613331663832313631643632393236313234356336363131396131326464
31633639343463393231363131343532313639643863663665393264396136666663306236316662
37613863316438633030366566353436656531636133636162343538626434303139306366333238
32356263333038393436383538316333363738316532343361396338333833613233343834393138
31313162343635346139303731656165326262363731636435633138333735666636323931353133
37373161366636626364316663373035666337626330343865623633363032396337656363306661
65393931323762336338386133376532343439346164393765353235323864643335346337363463
37643963633536623763303463353832363139353661363164313364316230643337393036666238
61643462316538623037363966633730356434306162663035383530363961303962363839393134
63653765663133363864383436356463346436663438346435383936383839313533363565303336
30616136383239356536336237643033313337373536656466666230636633306563326537373333
61393238353430353461393638626534323034306437386230363934646131396439346562613233
62323564373538313362373561636435636230343065313161303461626438333235356661666535
30623234383162326136376333643563636363363736663230306438373661343630333061613035
34356134613934663539363038323034656566393534363466613864623531646662363136373462
62356337383334623335613739646239663563623264376463326431333132333436383963306531
39346333343064376665386532653061366562623630313538366434373663623461613533346339
39353662353161383339346664336633373134643763663666623836653737656138373062303630
39396538653233376435356239386337313937373665333934396666653362393338333439303061
63656566386664343665666432363434613162386236663230366264363765623332313334393831
64383363363136346365306366633737323537643162623136313230633439666438643133303830
35656132643166343530316163336363346561316234626438366438373634353936633133623666
37383931333663323562336563616135373936366134323063316538366639323237306161313039
61643865343135393865383166373230393263663932343365373633333561363365623035316563
33363739643336376365386337356266383763373037353761646463636466316263363733386233
35323236653331366236303731353334316435653563356431633865313866323232626231316432
62653531343637383238346438336665393539303237373939383632393634356466643731306233
65666133396361336264623335303339333237343163373035666332346438363835336562626234
63633462373665383132633563323663313630666430323736653061653539356439656330316636
66353132323033643561613031393266636533366237633234633837393439306235326366363538
64333163383664343838313934353132613736653932396266363630323631643538663965313935
64313634326236623165656333636466323737656536363334333765613062636330376630373134
65643830326463336564313730653337623336336133346133323534353630656364346232323639
38376337666162343266306638656464313661383064653637383539336263656663303466343164
66393164666262643234663333646365343962633865353466636465333431353366663139346435
38313935363530663836633835303838353465373331656230643234323235353664653861633964
37396338663234633333633538323465656235643734316636383534656635656465323935303135
66616664643238353361633031666632333437613235373039373164383836666139653964373038
66366466626163616539646332353134383831643365356236376366326539616564356533363738
32323533646365383334363333613331643231396432346631393964306336663436373066306638
32303765336637663631333237306439323865636137386334363530306161636164663039306166
36313563656437646433313762653963303035313665323966313938376662316438303734653834
31383338653065623634626366383437386430613932363463613361333238633833366130303462
64393136326331633862396530373130656261343037356664633861316430633261633262366430
30616233613731336638323866356637393834643238626533376230643264623963303439643838
34373336663730393863643665376335616566313361633335373433666566393933336234646463
36373261303861646362363765333036353634633763313265643236376664646162343935333432
33333738613932326561663861326662366232663066323134633763306237623335653739343562
33623164393465303438386139393633633364653330666335656434326332373837353031313164
34306166343732346232653562313663363234326531633632653363346232313563666464333539
61333332336333366561633834336563613032646635636439313666366262366362303036643364
34653134376462616262376462383338663330613964326332393038633261376161333433346536
65343733306462346339306661646164626163313037613763363837623032643536663965643037
66303965653835653838663131363831643262343362626363663962353237356262386331306139
34626661323130643938646535656137613135343561373538663633663230356164643231656339
63353533316134346364313232346463633938646164353963653764333732313665396233663832
62393133363531373134396131363062666563326635373862663931636662663433383231393237
65616135643339313733333263386630323430383565626132316661313466353233363762393835
36623932613536383732316661636564656439316433663539346135353736393233613430313039
36386139353639653164383434323232623934373337633634366531386163653366396131643163
66643332636338353337376331616465393733386133663834393731663465663533306134613664
36376533386465353036633564623338306266336363393338313765313833616436386363303033
34373634336663646230396334616232313266363961643861313561343237353666653636306266
63393465343230343336656262623132343537653839393233633839646538623632393464626533
37353937383635386138636432653866363732653939643166386563633133356130343539396162
33623863616665633434633931373637613834393930303739323761336464373635626265306638
35376665303230326464663438663561353135306135383464636565613861376264633266643337
39316436346633333966396638613162313131356537356431626638613535303564363061326637
38386662323439326233623234316436303339643262393535666337323264613134393464366363
33666461636462633931663363653930363032626136366530643637316164343632633063356533
32626230393635366463633135386237636161333537613332366631386136656138306530623161
63303437616339646432663839376366633839616339343565306662313036666430623635376335
63383362313364336636303639373434323565383132303061383534373337326235633961653730
31616334346238396566363035353863663738356638636135656361653866366466646632326661
34303439323366626237313463663063386163643164333631353036656462363434346265383831
64643933316364613465306239306165313132366630303637313339386662343064306261343831
38373432383731343032393431363333303032393665303034343034643330396334656361316563
35333763663136633463306365323762643032373335363834613139373363333230363864383738
63303335343333626462366630373536386263363138316532383932356331656661346465393365
30646263396264646463333632353230373862666433643961353366663135393239383463626566
35666265316339643230613466633030383438616432646666306533343162343065653565313963
63333163313063353562323965643736363930663131366532663966613938663030313739613935
32636232316662373630313338303739323337633961643165353963623430313363336239643765
64366461656166663666353836363862613663373630326131333838616266383330666232323039
64383265383166363432366135323033373463663130646235373837333538326265646631656230
36656262333761356130656335353632333936383861323136633539626431636562663539363333
39366361376434613266613534363233333366626539346337343636666637646230613435633433
37306631303433633330316237326464663062653330343336333233616565663635643631313431
37346665323139336338376131636663386464613963303439333639386237343136316434393236
30376265666530343563373531316337316365343461663037376132613234613138346566623235
64353466313564636432636138653061383535306163666538383331626531316538366638386135
64306535343262343861346563383562396338656363323434363764343637663865613066363836
63373962303839353432373661393836633063663965373830303362336465656639393935666338
36623462313630363339353331323762343761616337346531363336386634356435326139383233
35633964393264646561623032313536386566373137363639646334363438353137623735386266
31356265396337363333353464326266323064633432356634616432386133363137353235373038
38366139343561636566636438623264623138333938663663386461306239333632333331643031
39383064323232333030653635616433356361356364363132393266353162656133303064353932
39666465333431666637356438396331353963306363373165383839336166613338306365613166
32653933316539643635396530363832333739633462386166333163313834363861623934313662
37633538393237343261633962623233656664656466633566353335656362373466306462353433
66323230346436623232653934396538323435653461396461346238396462663563366266303430
37643338326635633035663533343066396235316335663764626266636330646330383362393461
35316639623664366432356663643830643033623133633338356334636537613961303332623837
36386262643836326663313838333333356364303038336439613539386536313665626663643336
34623566323530356438666137373638313531353330663630336164653938643166326631303532
33666439386164623234613166396664653533616136303362653335626434323064353231386133
33336161383136636266346461616330323965303166353662623834643531646535643734343234
65376437353834303865616130346235633564653266626631303039633833643530363339353963
62653837623731336431323433626437306563323461353230303635616363613832376539383964
30373463323166373337373431323631653165353034313862643934373839653363633133363161
36666138353164393266303237343162373533636261626331356634663731653230633434306130
33323735363930356539343733303739313633353135333633343933376230666630323937383263
63616234303835333832623435613761653139356365643033323330653866346235366666336563
65623237663563373963613065666535393863626261643232376538643763323462626537353863
39376432613534663139373030303038653664366639326464643032363333343233356166653131
33643638303636633634663435663138303265376339633666363938653332366564323634643063
61353233386336376433616634623137643133393863343333363962303835356365326331363832
36613032383430613934623636663366356461396434396433633163653861623764326237633366
62323565376466353661313630353030623266363933393931363164383230363762626563646631
66623332646437353239396336613362333365313538653332643262303562626437366362626564
31653663386231306638396631376463316262346236623462353262656134643466383863336461
61393936343834643662663634336236343832613764646164373631396436303464643361626237
37616235653965303634663663313430303962313436396535646638636439643163353332323931
31316563313937393735356136363064353435316130326133386231376430313234613262623836
66326132323437616239313166623161373332613537353438656237653465333366643761383664
31393662623434353365353137633330653131326266373238646461336364383764373763333161
61393832393537373961666633616362653931643066613232616563336164666366353234343937
61343861393736626564353666343133663239306635393461656432353862643330636163366165
37353564336538316235356438656637323331306531303761643863353164363433336235626632
61303833643131396635666461666432653431393765343432333562356436326336626665656236
35376337383731396565336163393836633463323663396362353235373439616533363630623834
64636432386462383562636365313862356532386332333535323766326332356366343762333231
31313533346361356465383330376537626537363065383662306232303139366265393235316539
65373566363862656461383464626334353865653630623264356663323132623737613663343266
31386637363636346438386262363830656438666261363132346662623739353438623039663561
37333833303038623963656139376564633237343265393031363662626532373363383563346131
66613236643461316462313336373864376336323961626538633539653765323738333130366565
36633034653766613664313036633738663438633737383139636635663565616139333036356339
36613630373134356534613237333836613636393266313433396461613137373163393134323831
38303933663032323361343430646334643134316166353334633761626534353164363164353037
66616139323834393763383039666332643136353364396538333739346435613936633363306665
39663931663430313338363531353966353135356161626165646562343530663532386661373661
33306666333165326139336261643333366336356135303865326666386665376166323732376630
36376637633939343464306265303934663238373031613837343062656633623337396563386439
62656164326438623338336133663532306432393937396636356165323839613631386139323431
38356332316331613237333739323462363934393237316430656237383730646433323331383930
63623130336539303132613239313564633362653034393631343937336633303565386234656465
32313936306238393133633533333439396638653431616261343137643030303230643135343138
62306137386237396430646263626134643232623865636366386233376335613962333234353561
30323337383864653566636465633137363533666364346230363965323736656637313237303534
62316231383363623261663962633237356563643933633932643630616163616564616430343433
33386636346565616363633663313734626332323430633231633431333339326430616138386262
30313934626563646131393232326364653738343064653230636131666337643366666261626635
30313735313131316565303739306665623136303566386336366666343462643762383865313539
35333462663934323332656165346664303434376537613737656335303961303165323561646462
64346431363332356464323030623234313265616130303166346136613733383532323964363630
31633462616365623764616361656137656264616331633364633936353166323139666432303339
64393266666365626466313335626239383238396337333036383763386430643431333336376464
34616162393939646132383338663164613134633032326533633264323635343961613464393731
31333531613932386330613631643535353262326539366231386331316138363133356161623564
31646563636535656232346466656330313430313433383266313963373837383331646139643336
66333834313766393734666638643663386637626137323039386433353431323639383962393461
65663631646133336461383031643963383236363436613638626561383662613830316231663730
31656464646333643439363332613835656536666530383163383039383666656134343637623138
39613065326630656331393835343063343631366334356331386530373537326138613737663034
38353736613332623531666434323935633034386264633032386166373633623366343362326433
32626463633836326333313666386462656163306133386631363164303634613135363338376639
61366666366236326666643465366662376534613734393639363861353534333233393133323636
39613566323863396363663831373565333130636235383862343662333230386331313665346138
65633566663234663232653961373837646638636536323662646166396132376636653463356462
39306438346266306536626362363166373635376634353231393437653539653938613533653937
36306630383066306230626634616366303039313363653236353431663232623266636361646231
35363064643437626165663861636139313330633738303539656562333863316161613532333232
30333231333932333163616664333633363433356237313835616635646265613261373833663462
64363561633936636232306636303233303163363835613333613331336433316330656435366265
31396365376265653635306330323639343733373138353635386361323732613931393962393537
31633331613733383239326465326432353861376632376236626537623262363535653366393738
39373339343035346432306439633664643164306136323533643939333738633966383630343633
61623263663939396265376332363663306361386463313533633237393534626137396138643863
37623635613563646261613439376232313531303231626235346534366633313931636465653339
64376331636361343265613165333162333566323966353665623635646364326565663731663431
64666234626661643366373437663033653965666265316635616537303734656663373934386232
63343235346664336138363232353463343333613562303264366630346462393664663331656539
33323632633830306363336161633732636162323166393131316233656562333632366563363064
64363236303735663930623764333131633132386430633766353565643634383437383866646230
31626462363065626337393861363932613639643335613538613934313364616164366233393133
61633761303663353739383135346465666264386237623861613738313330333435666265663438
39383530323635316566313337666363366435396235386165383936313830376239383339376431
36646331313531626433613737383061376633353538613733353864376266633434353134333061
65613436356134313938636331333939656465343961303130613637353336653964633365643664
33323235353933323432613562383033323337313239363139363635613666376239663632663063
66373465646333396361303863346365353034343063366435393832613162333138353036303139
65636631323033316130666134303465393263663339306333633239346664636561663431383162
62303036313336383831346265633231663333346665653962326534393333626630313338373933
65333965623437343631343133363331643135613061373030613038333666303434346530626238
61313835623830613431623436623966343163613737636165383937393961663931356164356330
63643732333633363836373832626332323736333433343337326263633262303361313462376230
34346464613437666561313530346264373735653530393231643334366434383033306134623830
35623734616562356462656462316431666535623534333530613835336435383437373439613730
33313934373234333633616430373839373139643062316565323164363136653032343237316336
30313961643236633364303230626538323732303339366431376162383536643032663166663264
32646562346566303937356639333037336336646539373934646637616630393638303433326333
65313036653731346132626461646536303431656264616363373265356630376261623034363334
34303932363437656433316238346266343736646364613064333764393233393061613762653239
39353039313561663233653563613730316164313736373630613237656361346430306132373463
66643131333365353861316531383632666463333630383439616335333262323065343433323437
62353834303865353831613563643038386537626263333530303962653366323364326661323031
65653634326365626538616532363738663363613063633334373465653039376161616637333933
66666139343736646131623530653066373934336261396237633563613661376632346462633766
61323538643237643439653366353737326663393364616461393666373331633666313366386335
66373463343362303434303266366464636364323733626561633734373762613062643365666663
37623130636164346132303164313338623465663936326436333735306666346438333231303961
61313036313566333431343531656132353863363036313336363037316664393638396330343936
35613632313430363563383934313036366237343161396661376631303761663933396261363633
30393436336264323034383864313435633065626231373762316261356562316563333935636335
30316530653236616233616161376438653431353863396637353465363039616638616436626436
36356133393631376266613861386235346530366536626334353938323635623063613637613531
37393261393232316537326536383561393865356531316334643335616438363933353162373866
63333663343431353137663133333065326236613630656561313866373334646566623163386234
36343561323930643363353234326262323537343430353464343464343163613633383334336163
36306131613438633964316239363639623039366137326165366565633364366134343563393364
62633331356630616466646139653736353336346264306363316335366261333766633162313239
33343633313835363430643330633232363061666536396663623962616661663166636238316530
30306562633262326537336533393966636165336266353833376235363238323261393730396533
35363762366463653066333531633535643938366334623632376336386333316635343031333461
30383936653664633734326134653866383135656437623138663432313466333736316566616337
35333734643666313137336437613264383265303733376363616366636465396336306531613061
38326135656433643532386530383331623038333438646138346338323365313330373731353565
31316230663462663338316434623461376166616134366330616130373262333835393665323532
32363337393361353830386538623863383962396438333866666432353834663761663538666235
61363531643666343037353634613237323063343037626264343466356333323939343435393364
34383536393464656163363436383938333037626331383330653332353664653835646332393334
31623363626265656139363336633763333265363266363330653239343530396335633839653366
32666433656535383736326464376436356636616261313839356162326434613337363965396137
61653361373435643961393034366464383531363366623263313064343932333531643131383235
38616366383837623632306339616239663335653166396130333064636635366433613066323037
32343336656264363433343037353336666232363365316633613032666464653336666562643330
36626432316534616533373365616563393136363432626664313533383835363164323566303939
37346433383266656161323365336434343562306631323830656162333137336666633665336434
34333636316462386135333963343765663538386531633166303931383134303936353762346364
62373233353438616538626363333964646132363263373066313965643633383535353031333336
39653436396431623066663434363438613932616639346662643335663131343036313031383766
33653731363432646333326161656431373962343237353931636634646564396663643338626239
37313033366330633630396330376435313031623437313338633435636463303665643762343766
65373462666631646462613265303631663033336339333737653862343739366435383864633761
32373232643338373037383633643263333030383438663364613137306661303835323565613865
35373663303931663734383961333931323765376636633738316635386330356464366330653966
63306266303765336466663463643866346332356537363935663965363066616630626165353463
37323735613439343663613435306661383134393739363630316234646666343965303536393465
63343764626465396261306566323362663136393166656135343637333130626136336133303266
62316439353039643239396562303264333634656536316438386534303265613336633638623539
35333431383930303464666565633431376339356662326366333865653133386639313635643264
36613862636532643331373864316233393962343232376564346261373961316265346566653036
61323561663663386135363534616635383837656662383838363361386236633035643464353533
66333632613666343133393234653234363835333363613331623231643036653637346565376262
61386564663633386136623265353539653034643939333832393961346239383764356438343431
36386139666534636530396135633761633265306265623662333561633132323239613863393564
63386261613636346238663435303538623765336566643734303132666437363432366663613765
32383934393530353734326161643562633434346339626539623933303462323362613166373534
65333738323062626537323865373438323763373464653433633732313866663434316666333635
61363531613539316637613539616564363639326637313533646164306139373034346131336264
30663638653132633230373864396532613636323737336535376263323564323937336531386435
38386561326337313433656337346166643237303830633833383635353863303634316236316264
65393963323366623530333866376461363562656664663636383635626639663662376666356665
62623930663263333232323930663064323239346131393730333539616236383864353036633864
39373961643637326537633332613139363537353239653038383262363230623865636235613034
32383233393134306436386438346631383131653933313239633737396233613235313264376130
65663538346235633663396232643838373632636365373366653739333038356662316538366662
35333532386333613435323962653734383032353565336163616535626332383565616562653061
32336437353266666331653534373934313330316438323262653834613561353632646565373061
64313936623033636434646164376163313336376663633462613534383339316238353532396339
64363161336531363264666465363235336363663337616363666131316230613639626337656333
36323464653737323665356166613265393636393533396234613830646530633665663537366439
34383634376566336336646135623363396661373135303535333634653730663235313331393934
36323639363432356462323136663437663538636266373532383363636261613239316138326138
36656530653961326234316365623034343065373332393432303537306166376638623038663831
39363235356134356233323232303138376535373366663331366235353462633535626536363633
61306665623030663630623163363365393636316661653634323363623730303933393035373539
33613265396433323663303062666239343133346337326130623634333736663033306565373564
65626330623330626165323466373833643835366662366235613465363133653061323936343966
61656139653034383365363933363932643338303539613834366166323565623338326430346463
38616462643061623463326131336166366462346363383439306661353434313463613263626632
37633930333130313033313363386439396531626636626363643831363465373534623730303431
62643030303131303030343334366132653931633335653161316334623539643933366338346337
62623539316430306138326335383461313065316263333835656138636466316662636135343765
39306261396164666236333337343265666230303063326137303934343963393631373838393837
64653338666331666262376239613563303038356337656264396263313034303735303133646537
61363633623863313765393131383966363530393939643433383636616234323966363937666464
32653966333963383232623066656230623466383532326235643664333430666666336237373439
39346231393839656531653631633139396631666335323534393533363731613535353265653033
37363133626336353663633034323837383165373732633962303833343336313963656631653264
61316363383862363439333936663636306536393630346562626665396532663830313738353637
33323939626330383432626364643939613361363535373037616639313561663866313462313565
64653463613930393636316637303930326637376139323337616238366434636234373533353733
34326235373865356437333336393865326262643466366333326435313230383163323534323939
61666635363131383366643635363461383062383364383136346662616432326165663866633432
32343362343461653037623035613437643163396132613037663833316162363838333861363333
62306533363831363563346330623032393437386639356136646433376338353363323735653765
32346532653364643066616332303737623237326636613733396431343633366439643439356339
63393563626166323539356464343837313265303836366161613633313165376231623932326335
39393937356134396263363764333166633330383464326262613364356161326439633030653630
62353939636130393866653533313163643639336331613464356264353436666435386563616463
62336139373539376462646333343232333062343563393036633133376266316161646131663062
65386663353563346266303836373462616232666431373962636463623733346662393264383732
63663262346363623362643236393463633465396432633265313962356531306539656134633036
31376234636262646431383530656534353234353261353231613536376362343365663632346466
37383466333465336232313062376366363036653837636162623664653331656565623932643032
38633766366665353462333263323234373538383136633637616261636335326333633439663433
66623131326139653630333230356330636665313636623964313965656333383732393066653932
66636263323562386137313538323939623239613164626432353234366533353963636566386238
34353431303038356533383138666632616633633737326135323130663865363038396565393366
37373462396565636361383564333634326465646435656362323164333334626332636133623233
61616635333632626463653664653130653538663439353039366538393335393636323864353734
36346264326465666165316539353139333235343036373136303866343534666565636639646362
65616262653937353436356131656463316564636164316365383330626661306638623764633462
39666162643634303930353664396464306635363766373635633731633063633134333937623637
30366538616430363661643461323432313439393335666130633164306161353533623561303034
64336233666261633836643861363864633562643066636636393061373236393337366265363664
32396637353762666133326134373132333664626137653434376136343162376662333134353336
31626332393130636230303264343466376366326438613736646563666131353765653830666531
36366335383764336665396232383637666330383030616438306334306530633739366339393161
32386564383632633537343239346334306230313035366433653330366463643338373364636530
34383537393461353935363330623465626334363431613935643163626538333635636164626163
39663661616363303238653130356339656537653063623061333261653331376236393863363861
66633234656537663532386333363131356333343561386631626537656233333766356433366439
65623462323838653132643637626365643438346133663335383966613633636634353732366663
62333838323938323162663330646231383065336339616339656366356132343835383565326331
34636133306434363936326164396665633961656262333233306563303163316134363531643133
62343932376634623738306339386233346537363661336334663935636436643838306637333663
62343133333963393364636236653538386530623937386631343263363331636464653339303133
33656236333733366631373564646635663961613232376339316335656364656338666431633939
30356635666430623538663365646530353231633863633264313062663963663336316465356238
37326331616264393839656435383662613831393338313536626637623730623332356338343936
61383834326433316133666430653866313262363735366265306332346333303531633363343131
35333935393262626337616538323036623763626536616261633961636239646433303637373561
66633964316166313334353233383263663565323138393533643865366361336264646438356139
38386138363838643539336134303761623333303364366537393337306665616132656639666132
37633932323533326661393661303033636264313934333234353730303765353061316331366131
39376166313830333432613433663635336263393761656535316231343732636635333766313637
65306230336232623363366633316434353434616164363562303265316261656664353334613339
38646138373332666331306130323032336565306337353337333932383737323264613861643730
37633631623535623465306164396230633236633363343265343562323762653833323630633732
33626364366638396530643736336162613534346562333661303938613163346232383464336439
66623266333335626463333637333362663335353564313836373038313334313966383864376465
32373731643138343434613933343335646362386639373962313534326332306439633662313934
36653532656634366465396133346239303034626563376630323633366566663432623235643361
35373563333338653038613332323737363462616464643236616239626562656636306361343535
31383865333037306638363664653937343332303938613333653135343965643533316437633836
34373034303132303230393034346539653130326162333737386339613862346630356635663132
33316666653462663330393837653463366539373632333133653261643766613561393262373730
32333266333138306264373539313861373830653961353065386333623434303433373334346332
64626363333962303835363837646135666435363730393332363931333261376234643761623061
61393135306361623463306537323639333538396130353431366537633465623938383136323539
38336632306135626436633534383661303131366663623732653136393834653436373238383636
31393461646335653030323738663165333533306266636364353663376436363038396663663436
39366331396231666635643639306266306364313737663962393666653432626466396233666136
36636363643862363438646530353366376163343561306235376138373563623433663865306362
36646238363530393330313336633961626466383934636564653262393863386536616432666433
62323864396535336137336663393639636665326466653365653063346637316136353739386361
61626462326439363466663365616539326563613563393436396536336138633566313161306234
31323763393434363861376236316632316537613765313262386434303637666436333331343735
34393330626566613331653437373338306531613637613263666435646534316166636261313739
33643732303332393066633136386132343736363330353661643739363262656564383736363365
34393563613930636131636631303635623734323361303736383365623638653636313762316636
32313137313338303136376236666137646465613030313563346232373034333365336561356334
38336165346233343137623566376630366136366532306565353466353338336136613134616137
33373839623538353437646637353264616537343032393163353366396263386364656135373835
62366562336431626531366564636235636333616639643032626638333231366561393738343137
61353032326566313434343761646235303534336161343531643331613833653730366463633433
38333333646665376666616439313933386364363866353130363866343665366165353466613934
30333738333830343938393031613066626139616366336434613832376664626538383961643966
61656261346639663032343766346138306134626336373363383031666264346265656139353636
37306166346635643337383662646664653263376531326266303237306232323136373734383262
65303435313562303330643237666630333034323234306464306132323064323962313761313839
63363832613634313839306430383236326238316365643538363163343733663466636534373434
63613162626538333765346664343234343363376635633261326665386566323237393630383863
34646564363862383838316230363435386266643064373165616666663361343234633230343131
37666136333335626537646633356263366530613237366532326466623132343739396466396234
31366538616130396236353930666262323130623936653238373164303934346131643566643939
61626333353338396533393631343265306136353938313230373836313235353139643037316531
37613365656536303839313063643762313730666561343739646563663839623435633635373336
39636631386436373832306336636537623132303934376533396365396539633338336635643232
30366237326438356461393164613033303236653231613061383931323063623163343733386663
61643631636630303732323966333663653335313631666433636165316438643732623336626465
62666637323530316365333063633138336333393437313635626532643961646134616433343333
32373837303530343564376431663038633961646661643662626366326330366664363139376631
39633333303937643762626434626361303430316532346563323166356638626233616639663933
37323837663461303739313965353761326134353764623430366534323330653532353333626233
62396264666239303966636635356263366134336339623564663731303664613030313561396162
35393731653233633231336530376461646261313665343830363061666463383437646636333537
63323936336630363361373233383063623766616166646137396163363837626538643631303430
64336163623965646265376534646164383636353333386337336439633861356136326330393762
61313366376565323935393862623830363265653361633063343539306530613937373534656534
30633434633934373638613737313434346634323635373661633961653066616331623037366337
65656531346332623263633039396536653566653432626337303939383830373531643730333539
30313631363636636331313664643031653039386339376530363838326230383637346631383366
64373964326162313631643831363830343165623763653866386666656637336538333463386338
36623034646334356130323231613263313765313033306562333965633338373832666136313463
31373561323061346433383866633633396434353030383561303064633830653933303338313063
39376562316135353633653833653938313231356132323265623538383337356530346161643766
35353864383461633139636336653262326335666364323432643933326639363563366261653437
64336436663335333536633532356533353635626537333837666537643835616565306662343666
38346238323238643231376631393837383632656430383663373661353263383861366532323137
62323663643033616663613563313233633663323462386239613133666334356663313532656463
66393635633661373763326430303033336161383739306535333064653031656166336336616538
32623930373033336433393665636632623266366566363136613234333930653131396330656566
63343034306631383638626331666530633939343166386238336434666234393436363965653233
36613939353234323334633964373565303065383239363162363431616231363361323431393761
39393139303261306236306136646237613630316132323664313536303230653065633063343738
38663166623663653061316661316635623865333266383235356562623365666538333239653134
30393038336663633035326462616462646662326561633135306266343439326262653034643363
65623064323465636131326164646164396131346661623364623865346563633462636139633965
39616434333934396361623936666532626566663830316633343031366534313262386233653731
64663461653131336138366431656361316565303963353837666239643964323930326363656235
38383462393139333532316134303735366365653535666533313838353264316236303638386331
38316538653335386433326237656130306131623933343032366634636631356261353834383432
32656338386532616161616564303233353137303466303338653432326638623566363165333839
64333732646363393765343432316230376265363636643362353062363866326566376232613538
38643832353662316638666638323534316436366139383066366561383433353338386339393334
32653434616131643035376365326339626137663033396466613666353065346162366335376163
33373936613766636637383166393539383334303535383130356433323139656564666666643633
61376532333534616635313630336234646631316164623734323135376662623333623335306436
33303466373038343732623839336566626433386464616234623037633862366263643437303934
35346232303265326335343263303566393633386464363332376336316339393435346630663736
30383764653566373833656662656239386561396439393063393433323138303266353538363761
64666537373161396235316561313466393763643662386163346531353362313431366261356165
33663335663533313366613134653531356534626266343361336635356265336232306432633561
66316533623964653566633538333732663636353931613763386664326239376366393361623033
63336461356539343839633361306336363637653730633736323534343435386432376562646364
36353039393533356436666663333830313265396435393539306265346461383933613562653661
63373866663933333432656436383133313466663331356432383565626532653138336262626332
39303761343963616537336162373336373032333033396363373764366435626635343830346563
66316365333234333663303262353365663661623234316439303338316336313635383631613861
64333066396237656235363462316362373962303061666133346633373666663730646338333131
36623339396236343133303135623830363465356236316234363339343430666631623564386535
36363564343534633733643061666438646133616130356438363865643235613836643032346563
65616537373739363365306166323633393033353961613337666138316263353364663436623934
30666430333139663562613930333034323865643965376539613161366431396239376230333732
62323730316236356534346235353465656335366664373934326332373332306237633761383131
34346661356365616136333532623336323835646335333065663332383962363737356466653765
33373934623533306164313331356331343336623334316663313565376664373539663236663739
64643663396163376263386563323861396134346538376531313863633763396337336236376435
62313530313933666536623639336334663734663832383139386433356662643333313831363765
30346265306439343861353363316431366533356236363634636437643034613932313861313239
35376330386131333736333433376263643430626436396335376231663862643933343831346164
31383431663365393730663436393735323832643265666331643332393531366361643632333033
31333665346139663031396562613838383737326362643230343737383563653636623734353133
32306632376134333166306539646338313331313134356133633334623236623535333362653338
34613630356432343862303061316535616230376163336666653364346634336434323738383132
64636530373534633164373637393165343339373533333634363262386137613239633037373638
37383837356438363963303862643738636339303131373031393765636535396165386439623138
33646362396262633432613439343130363066373831666363613038633733313931373164396333
34323062336232383434333565646436353535313136313637346135343530616538626337396530
30663965366365653639376435366365353733373662616137313063616137383732646562373761
34636266303964643933373133303439643731336338336135333564343363383136663962616135
62623833613436393232376636636461333238343335346662623630346136646438383030656537
38663532346362323330383166323436616238313862663338623630373831326364643662333539
32396462393964653935373864323233623630373438653262386666336531333763396230396264
61353635396438653363366333636336363838653563316162373931343766613061666663333861
38633564346632336365336261646336336637313733613735316566313466356161616661653965
61373266306662613431633637313738326164303664363930326637343134373036623031333336
35353031373732376435323661313838666334636133353566346130356634363664333738386662
36333564336436333662646635623031316136653466303965613862303663353966323861393333
34303339653663366666373835313939396664383436363431363330316262616632633233346538
62666331343538376436353132626235333063303236353238633233386566636262326461376538
39636639333361383336643066376335653361353764356435623637626436303137346236366630
64653865346631363663383236626462363364376133373365396366333731653937356166623632
64316230636438623263323430333161653366393037356564656365616464633264666433613735
34393061633565653338313835623830383033303630643035653830656434383533336436636162
63343334346561663565623661623361643461303366633463396230303562643834623639346161
32383931393531303462666232313961376434356233366366393533316236646564373739616665
62656666383933333531616138316334363334353731653462396561316166333363643532353030
31383231323666343732343238616236383739613830396664393166343432353161393162643063
39666232356133653565633534623534393638336532386164333862633835636161353763383332
62336634363635653564363834343266363137636136393233653861386132643431343538373739
66653233616132646562643734323765323232316435386662616130333232623830313966656361
62313733633666356639646238306538663039623739336630363663343333653037333763616139
34663735376537333334366233343863303434353536663538386436383436663232656564336465
33633961653139626162393538333562343033363661383363313230313634373134633066353138
62366561373638373838396135363261386237323634326133396534646363643632636563326261
33303065383663313537306334306665326165326537663466303963616338376262376530313839
63343137613037343937636362363439336533623962353534316239623465303863393964316438
38616439303632616633356633386264623861616633623065656132636536336630353636356430
36646432643731396631356231633132323533353630306431616266303565643735663965663432
33613164393261353331336430633038346535646166363366366666636337333063636565623264
31656237633363326338366233663562356235383161343536323834666166383835323736306266
62613061653436633732623534376466373932376466346239353337323035303034353462646362
35646433373034363963306432633062633437653032643736323235383262616336363362313662
31316261623533343362396463323835386261343334656563323064316438633730666264656133
37303766623363633963323832326639646562613434643565376334636235396363313839393465
32353635363861376335396636643034666438653631373832373564336365363834616362373238
34306432316366376234313737323230313864396330386431333066346463396162346337363837
35396366373565623737353731383235396134656662316136306330653733366131356161323565
63333564393734663662616463343031663937393361333539613662326133653461366531323833
37643930336539643631336235396132666232356437633334636630333463303466313035353937
38663066613263613762623334356432373538653636366266613934313439656465373534313030
66376233633862353865363937373933363937326337633339633137326339356134336137616362
62666538393262366261343537373033633930313937393139313665393532356330336230346339
64386264626430373635613761333030623861643461623364626134373235376336353465383539
61306238616637356134336339346539363135366665313963343163393738623566353934643334
38326666363435633331373865643837666332646632366637353336313165633664343062663338
36303565393432336365623136653934306435323364353033356239393534616534393839633731
66306366343066373762343437363863306637303337373963393530616464633638616435656233
33373566376362306535653561363966613032333332626133666638383836623835356436643238
35653636616434646132653335656162656338346433633562623831316337356332653665316630
35386630383231326435396332323539306239383936333433383337666135333630373632313938
37373333393464383236633234363131633434663639646664666430623838363137663939373432
66363466366330663836313161666364363939653233326634343939383133333562336361653934
33333838656535376238613561646466613435393730306433663866383831343137613830666463
38376562626461396464363733663938383366393132363861316233626665613861313233663566
62616433323431323161316138313436663664313036623135643739623236393935663430386437
37366138613134363163643032653137616566636364383664373430623766323138333065633966
39346531313135323335643439393765623030623039346164383261343462366434313037633634
34313938373734336230646162623639346162373366663631366366383161326437666137373063
36313463356437323732363366356636633233393430643564343535386164626566353338386332
66323238383537356334326337316336343536616435326638623865646666363765383266313037
31613365653763633034393336626239646134323165363435363563626133346436653664623564
30383234666636363830326365363135383066643038663861653333383232336166313863333637
33663935393136666537383263323133343239353739613937343462396535343731633761616665
31376437383032376230306166376636396161666561313233656562663966376236356133663933
31356638393266663833623335323730323232613337656562313537626363336632303164396165
61383631653661396231613633323439353332366462313430653238343539623635356364623165
32653131613339396261363162333662633861616361363464646337623765303639373163646132
65333532653966333431313332376166353733366235643038633761313532356365616230333637
34623466346435663863376538336434633961643365663339613061353966363064333662623666
36383863333565653330663935313931643334333466636433633565396434303966303935623932
65623265663861656566333062383430643164613232356162316161393165633439323036303735
37616266316566353236636165616631653932363666306662333233306138623563646134333261
31396238353065633839643061373436326232333335643431316263383631323465616565383365
38343532396434663836316333363438616231333830393935346165356564346261376465333530
37616463333366326638383665643461666337313033313866346138613136646139393939626564
61396235646531616561393766373733366665303130653663623964376365663531326133623635
65623965353364353432653866363730306439613563333563366430666130363131353464303230
33303431336166613639303137376338303765646537613232363535303533326138353631396562
32663035303036346535356633383935613361323262306466616533666434353231336564323632
30613665393337343837613062643565653265393039316365386334363539393435323165366565
66323864623966653835373037613639333637323266353536386232383832356564613833393537
65343133303963336433396239393364383631363364346236666639396235386266386532633538
66663564363237373064656431666364336437396264376332646234633837363933353538323433
63366465663236386563366566323566666438326261306236613033633833613066336561373434
62383839633265336430613431333966643737396630356630316164346661623538643562613661
61333533353731343563393964333566303331383736626438636631393639386161613433323165
30613634313535623937623636636533313364663235666261383164363465666564373565316132
62343730393334343739626261616235313430633630633336393437303664373534646537333830
62633938373939313435623565326261313964613261643765306162663231393637363966336233
36303562326261656564386634613739343534343734313635613262326437653236336638666562
63323665313134353162336638353436313735653539653666373066303763393634303264623237
386236636537636234353562383364376563
