$ANSIBLE_VAULT;1.1;AES256
38613832613161663537356639656335373464623536656430623630616263383435343338383134
3334393235373338306462373931643737653533613261660a396139353061343332346237323330
66653563393630626137313762323333646633656133343561636630636231643231346365336335
6130323738353832350a333734303534323037653263353663376364323764613738363261393631
37306631323361613734656665393464383164343263666562376562366433396136653633663436
35316365323638396539643937663938323131303161656637643530333432666361303765613165
66323464313162386365376261656439353937333931656233353365353364363662653933326436
33363436613132663166313235396338623866393662316133663561663832303761303733353133
65313966346362646261346537363134383235326462343832363631313563343365353932316362
31633638656231316237373161343561346564623638666266383536303032623236613564343861
32626566373633613465313139383139633339396161636539613036633231633130333235356266
39353830323232393563623539336663663564366436633066636666313362656236656436316364
36613039346364613436336436346637353662393838353137663135323436363730323364666239
66643537326165363935663838303930353861303134333639636465623836363432336430653034
30663938643030363334653932353539393462336633333131356231303131363931663138346531
36376634376130373935303730336330303261336639333433373732336535663739316364653164
34366661636464653436303264333939353064656538316662363963303063376366633332356133
31653933356134643434323361633536306238623434303563643963616532633665306538376638
35363538633330613435366639643534306531336162313864663633363861356261316530363663
33366535323363316434333562356534643738383030346133333431383532383433313438656433
63373530356532613135306464666164363263346133646461316332343663616437653232313233
38346166316230333863383762316639356664373537346336613130333532353933656637333461
62313132396561643737383236666135343135353531396566396262336633633061353666356536
63663464346631633262623930623537633166323332653433343638396231326230353334373536
34363139613032326131353833653464653863353664373431363565363930363933316534323337
34653762336235363261343337656239646237353962656631656161393630393562363734353966
32346533303338326332356238303137316561613061656437666363366561616263626133373139
33386561306334643235353931643634643764346465386630303331326463393334636265363337
64636236323735366361646361396231386533653839386265663762306662383362353262643661
36343434643232363466303539313162383466333836363130343737326539663865653861316665
66373532666435383835366137373431353730336632366566373131383833623638653562653164
32613932313034663738633232346363346439343939643332623230303635396238343130633134
37626534613034306532633736366561303437366361306463323534383362343366393938333536
36393338376236633035386266643134613033393064326238613662636166376663316139316133
65396565306562386232356166646235343331613839656537303039323165643237373834653534
65373561666632623833653537326266393361363033363233623334343338386636366663373837
31373732363232646164366132633934626130666535663938656362346438616361666437393264
66383139363139623565303461383165353364353534636532626236653664343162633635386663
35376563656137646234613138353938383863333836336130353766356665353064346562336365
30363463663538353861373939323938313632623430613831306531643837326662373361326266
35316336653261613535656635353932646330623739303533326431373537646133323539363931
38356539653436393965663366323361653036663336316135653136383838353633353732313937
32353631386566643939373966383163376532613366306238343235386236306134313161666438
36653032363833393963393539623631636430343435373036396439383533653936336139303562
64396132326635393331623136393538616339343564323238393963353766656662663739663635
61343866653961616339646332343864623735646535383938653036336638343963366535353866
36613864326662356166663361663961396232663439623262343633623936656339323335356437
64396137316433336661656631313365633935613232323465626332613566663063356230316436
32326632396331333264626162393837383664333435386439663364376134333862343735653138
38316466383430633034646630623238363563643764613166666435306464633762343339326264
31383837333537346630643534653038353934343765316434646135616663396537343337313134
65343734346131616333616433633931656132636364623035313437353934373261303662356465
33306531633134663664303264393633393261383366326262656164366661313062333061663830
62323433316663633866313237306663343939393266346364373038646365393332386337636264
63613833386434333834396530626461313664636139303265376436313662653965356537356365
36333636393266373064643838643763633437306164393130666237616238313630333634373761
64663737386233663263383438336530613563636331303764316533396439383166323533363230
38323637666163306333343631643634303161316634656461646535656465373362393137303937
33346432363865613838653334316338353932666261353530306463323365323039646263656466
61346364653366383365313036313639663130636164663033613135323961376539313431336139
61323533346164393630626263376238346465393966613662343632666638633337663434623865
39626332353532623762363964326534313161363838306662363835656233353861663030626238
39373866636161353961326639613635666231623863366439633739663565303765626236313761
66313936306536346631373430363265383436306633333862356632313233646161393062636665
31653537386665313639363564353532613833346132656265636262343765303339313962366336
38633761646463323737336666343437326134383434323832363437373830323664343631326561
64633964373831636663353361346538386464663733666562616431373635666132363566663564
61633235623862613161663436316130613764306539613162626366356433373136393334646533
33643433383435313131343136623263363932373864316163383964386638393230356231343261
36386531386637306462636262396635386564633563303865666565383636316439303061333633
32623264653733303066363464386532363337383636353533306361323661313965313562356536
35356632633135393033663133623731623432303461393462323062646163636438636536363831
34633633666231306338356633303231366461623434353231323131366132303538343761333462
36303236636636623738613736303461363861363861386362313962333533383663343861653731
37643538326237616662386234313830626339333536643638303935386231633434633432373331
31653433376134323832396333666430613563636536626264356263373935653566653336343238
37376439326165353238666166313264646336363438343130656138373538643638663862616262
38656263353461343133303435363439643161373765663763343161643363643464386334393165
35643130656166353764336538613933633061613064346663356130336264323636653132303164
39383433626363623965663139363764646337626231326432633365333562323366663734663030
33393332636239366634666336303238336233343935663866303337336538323463363865313334
63376461316233396234363034396631373566393265383537643338336563663439633138626436
61636635626130323565333763613934623137636634623064626138626631313432633931373835
33336465663831623930333132663337373461656166346564613239663439303663656265396562
35383235653933623663373562626262373836623836383061333133626264616630383665616465
65646162343666336665383463356562363961363563303339393064353338363535326161613766
35653265356235343136313932623362623335626536333238636531663662306137653764313536
33366131313035613432323964386238646234646561663838313033626231396532623232613232
32663232646534306436353439346230343532343535306361396431613765323036383831636461
37346631303661356537303739326131633536623562613637353031353135343638373162656636
39393363653062353330363966613262353336633539343032643762623831343165633062633937
61333233393962313161643736303263353439306537613438313639343935386332346266343164
35633938383837656666666463356565633266386139653734336665326539373562623462383138
38346466336232343536643035626462306534313133303066323036343362303235356466333238
36393533663635363438343731633937636436633139656562643238623935646437326535646565
61343866363335623734653035623263323433363362313564316637653862616663613462666566
39376365326461383963653036346161613032326161376438353462333663613735626566346362
31613065616437326238373966626436303861323866626466323563396433653437613335346638
37323633653564613031373436363034326639383861303736303634336638373463316330343164
61353230366161366138633330363963333766343333393262623562643731366634633836326365
64353561333963393931323639643036633739643630313334623666343362623163363065663736
61643739643762316335633432383561626466323862633664356532366164373033313737376632
62316432663239663865353237643030323636313665666331306130646137376635346334383666
61346632373562366531363362636665333834666166663766323064613339646532353064653536
65643530363864666135366437393963626139666435303465323136306236313832386461633066
65663330333432333061363839366566346134623535343761633938366339386565613833316135
61653763313338366532643039633365303936306230346630616266636461666161323961613032
65333331623666353065373330393034303061303633303165383362373566643064386665623338
62623534613331663163326563306432393366386262303831336465626237613531366361313633
33646539316530623863393664326263306563346163633331633737616662396333363463643861
32396639303435336538383632376531663330653362373536306262663830396436623763636165
65656236653236623034643766633063356534386437656365623438646431643930303263363464
31643738613065393530633531386237613962346532356534396531623062353436336636386233
34643331393165623430656237636130303237616130636162386137656631623237663138383639
66306238396438386661353063363539386161623962386635653935656465353332343266386661
64616461393233316133363061633635646434323363313363643765336433626366326630636237
38363233656264383864666163646463623235303863336162393232613763633961303236653066
66336431613731386136666134656331333632636435353764663436616266306534613939666361
61656531623566363864333164333162613533376663373737313639333233363539616362303531
64336565386661616164303535656339623631393234663830623533326263313862303239633339
30313861663963383461376161613533376638656266363038343663383733343339326537663938
38646261336464613130336236653562306261303139653330363864343739663163343137333932
33616138326135386166316163303366336235313262373765383539373930393263376531626166
32356166326262636438373837643939336537366366626261653337323138393661666332656331
66643832326634393335343665353165353833353639373562363236633065346130313665313930
61376461363934336132663766646263383466663835613362666530656438653630643761373834
36666164666130393333643437396432376430356437373661343238323738633831373336366436
63343533643938303164333531663638646461613930646235343031376136353230386538393233
39383533616336333761653064383939656233646566326466323835316335306162653739393461
64376439386132323664333065323338353834663661663034656239666235656339323033343565
36373232316231343737303733656433376338316436653632366262613439623861353339356231
37313435393432653030643432373263323162383933663333356263613264646464366331656361
65623861376363383362306635383966383665376561346663613734643832376438633563316366
38356634316535323430346333363366306538393933663237373835336634613265643162653562
37383634646337303334363432393532303564326436356563623531366332393137353538356165
66356464343766333538303530616266316666353966313161393564333335646261663930393632
64306562633166323531343665663063333965383831663034646363613534653933366366366437
39623066653962393537623437353431313263363263336464633562343439663538353733633162
34653635623961663965623731343362643862366263613063666137356239616236633639396632
37333434333766333961653133313564663138363735393131383738323731376238326265383134
66626365663136356266656136376161323732333538383931306232626135386634663562323233
31636331353766656536663933343962383261633232396236666337366463643066646438333664
62656339386261353462616436313664396461626437646434373464623562633839303264383464
38646239663664656130353533663935613663313934313265333733396666343134633438383530
34343664626664646436626430363437363731373230343539626132353065346633373933313937
39326363343431643266343636313937656138306366356466643264633439353934643434633562
31626262653763316231343538326562313133333263646531653734383437323063383936633666
39363433613339373739363537653336666634353964626432353432353662353562383866336436
34663766656263393737653239393538333637373138316533383361326237656136383261643266
39393665646236306561346135313930663630383961616565623437666163626164336239316263
33323637316135383837656232333937646232613232643430323530633139316234626432323731
36343966323864303566313466333138363063663163396336323165363565356665646661643633
39343737663234303435623937633139616539313962333139393464613435636264656538646131
38346338303339663366646661346132363762383930356333336537656165613261316535656464
32386630356235613739626532306432653635363632336131646562336435616136396139616637
33633733663135333135353432336562663663393138653632353666626438326632303861663662
64303135333735346636393531373061333730383839326566343937636238316137306534373665
61373430643135356334316363363438373764383831633564363132303234396433623233393061
66663864373638343036313239623438343738356234313133353034643936646365623766613438
33616665383031623163386334316462356466323334343132666632306537653539663064383862
32333662316234373461636561633232383630303434623433626631313264343663303661613139
63353638643732633031373335666136613365636361393966396232383939366137643762353965
30316363336466623565616338633737666431623334353563396534653339613861616432396638
61363839623363636130313664396534333233323462643338383836323834303366306633346131
36353434303035363564643031613761343163376236613930626166656365643266396438653636
33613530383161616364343766663562666661356264323233646362653137633034623237633366
34626564336136343165306635393533663431666639343634376162633261373132363063353763
31316361636461326139363966323765306137393630393834613437343036383838356266366537
63356638393837346462376131343866323831333330623866633966323662316333633634643837
66356432626432313434366234663533623863303932386562616133633635643032333733303033
31633762656135643064346636623736343666643663613839656631643530323235313362333361
32376266643135623533323038356263363661656133626332316531333938376564303430633038
38373632326465333965393038333763633135633139363639626237663830643335626337633962
63613235303036363636313332303764346237666130313935333835393966383166386531643132
63353931376431306436303833653935626637376137613163333263373533616139623338363337
65363930326462333366383334383464303438613364653734343434366638376433626130306334
32393030396465383662383339363235373461373336373930636365316164366432323835626164
31316466656366393263366130626439616439663031373566306366363935326363636536663633
33376336353738326131363863646339303338643839383664643463323461373830356535623732
36333536636532636164306432626332306539343435313239323031656262663765646230633538
38383238636530376633396139383636356464323634636235643733353538353062613735313136
37623566656561346139643335653031663137383532366238613135363530353865383230343538
38323730663030633762663532396366303966616434323135316133356230333339366261333435
31396132653565396237333839373834343436623662616261316163386234623936613139623733
62323232313730313333663836633364643332366538613338316239613361663934353265373433
66646533383834613630306230616632376438383961396238626162353266666131663961376434
36356463363163363235373935363839633330653732353566663433646337346638316337363666
36643739386334386166353532633131393232633232373966363962623234613235643037663935
66656164313536386331653832666565393863663833353363303362653766393033333664376239
33333031353837616131353534613830303265646535383432366664623263376635656466633636
63346630323837323864303831643230343832373930343132313733386463313033653839633936
39333638366431303535353435333230653832333463633632393065383130616236613836383765
33616361346163356461393464613433313939646234393633313739383564313733613039303762
36656532383436396134663831323333656564643661616638343362656466353939613561623762
65663630656362323430613734303361336663353032623463663730383064333533386163326162
35376432616138323835386133353363313164376461626461396635383762373965376262326330
66646361656135373936376633656565323063393238653531643136343635663664326565396562
64363462393435653031646331313162303031623531653032303533336432313833643038343861
31353231656332666662303333336261393531306234376133663764366263666661353430313363
66623061353065393839643665393635346136653264343230396639316164363761623331356433
66623662313663666633653863323661393565306435643466323533623461346133653361663663
62633065333533313038653238383338653836653731616563633061666463333433333837333064
63663364626535653835326433653665636661636434653939383438613836656230316337653139
30616239326339636566343631303832336134386138653764313539666261396565373635633931
38616539616131623864356662653465313964383930386334663465633662353033346263323564
61636562613332613963333262303736383465346437346332336132373930363037323835373538
62373137613164656264656565613331613961326266663966663034326364303638346165626637
66663563373037343663646430636635633231626461316665393364613964613531303735646165
37316531336234663630633561323131643839316431626335366462663839343131656430343364
38383337323831623065653138623331353038363730313166393737333736343638643939383361
65653766326339363636326530353762633661383331636365316632643536396637663364396433
37663433663133303936396138363132393232336234643663356535616435333861393262666337
32306661363838636464383138386361666339353639383836303838393864313738353565626539
36313366383833393730356232386666623538626135383736633031316335623831613737336262
64363966646133336265313030393161633165313831323530366362383666363162636633643436
33303364336261353465636339363136326436313033653531336565623162366463663237313130
37306164333635386539393033396438353964343534383038373064313461656463306336316330
39376562396632646166633735356564386137353936393962353933616162363635656130363164
30316630336265326666383063303336396335313536663666376539653639316137653032326565
30653265613966356263333562636532353563373963613731396638646663396363353161333439
62363834353534383763333731393739373538313262363839646638383635633039663539393064
62313831343664663539343932626532666230646634343733643334613966313931323964366631
39623262373139303366303432626233663330646164656465356438396533636265356239393633
63353331363436363332383535613062333862376439613239643762363435633439616262656435
62303164633736643465383264376337623436316138623965326232666264393431303963373764
37336433623939633030643764613064383031636135336165373233663264623266613032363961
35333730643864623264653234306561353437373364633730333038343630383235366262636130
66353730336133653965366230343436326566633537666235363862323033636131616662636464
35356131373635323431343764323136613934306234333338373531383234313435626265363535
31316661333631333335623131616239633738366237666230363266313566323036383635666232
65616637643463393232393962376230353437343833616237333330616338333537386636313735
64363239623336313533346534653738666139626466633962363933623162343463316234313038
61383765643731663631623766633331663963386238306530643539316666643736666161376139
39326238323063303337376139336239336132396166613961653932656134646533396435353831
33383964363331326164313666616536343865616138306665356365323232313838373662626233
37616535393165313132386136653264396461333162336563366537343437326132356366343061
35383832316261333935393438333333373236386337643735353534636261643438313165393134
32326636373465393935373439326235303837653566303730613034623166306233326332373431
36376331613262306665363832623030353531383238613764306436363862336361343936323237
35643530616438303063366238306265316335353539386130626163643438316133313532366163
39313334373762353066393538313664633462303563653230356334633231646461653031353835
38303231623763623536383033636361393362323665633239303638343233343161633233633037
62303964653835356237306166336633623934666536336262313037653133353934363466616331
32303566343530323864353662373935633864616632363037363639363065663935336634323330
64326433633938386134666231636433656664623064663034333862666235663335353461643539
34653437343263653561643266393566616564393633373437323639386463326434333261383731
39303461363238316636396636356236613361316266373161333331623739316138306661366238
36326534643834346464643335306438653461316133333735333537383536316361363937393863
65336133613037383130613939326138613531353461383761346262663764613038636666343434
32313437393738393137643238336238663532343230616666646263653138313135356238626334
65376130653830373637613734383033653730653634616466666131306439663766373462643762
36303930626163376139626131656535313332626161373063323335396363366137343765306430
61343634313064613432393131623835396465366137396563303039616636323132383263613239
31366138653331353432363032393131333531326530323935643065393262663037326361393835
37303437373832373362623865656432343235626466393064643737343762663239353364636330
34376564623763343061393363343639353139336330366261643635353434373330326663326633
35363363353135396432316433656336633035633038633164336463636335653662356164383666
32653733653762613763336239663466663632306338626532663664616237393732626665613664
33383537303766373131616631653562316266363963383064346338623738333438626661383437
61623463613738363638356238383437316234626637336331346535636230356161353266316263
63623731316234393239643437313462383036326561643638613332623135306632326665323762
66396164353831353638366437383330376539613763633264323565316135353535316431373136
38356464393363333361346538613339663136366130393964363661353761303362373339643466
39313264366230313533323961386532383836653664306338656436663433633863656439313230
30313630386635303765613562653433356162356234623065663266353932346266666439313562
32623539323632326365613162333463396332613934353865663537396333636432353030326364
33623831386630613164633238636566393164376233303836653766306538636434643133393432
36353037396430303438616165343632373964393430363965666637613433653139393033626631
66646465663937373864663662353437613936313834363263396235353935623366356339343431
65623938393063383238613364656230306566303136623838313137363062643966376439383430
34396437653462633665333435373862666637303739653363343739396432636662616132303930
33376464396266336235306339373666653064316664326630333665303062626238353561336138
31653138613036326536373631393739323032376237353334616565353632366162396362376437
66613635346430353033306233393065646365376466306132663962383464363831613166323237
39643637636333303638396135656563323764373836666463383364366564313633303138616561
38333364393765353933613531373937316362393033656362626165316564346539353562613037
39306164633563623439663062363162316333346430303532336466343335353739643330346165
35633234363137653539383261386562656265616537626137636239666163393231643533303966
64306666353339623838353338346462666362613666376231333666303865653935613330313233
36346562316163663436346336636363373663386433376634306466373139663836613337373261
64646235386663623864633033373034386565623365656662346433343233663833336661323435
38666239393765393430653836333835623133363934633563313435356264646464393631643830
65623363333330636163613335653537633637366564346632663062626332313733313165313564
31626364626334316661323530303039376263353665323563313366333030316164386235383930
66613336316664643063663634316364613633376539336635383231313131343962313961336532
31306333623761373139363264383263636161633962386366636534633130353461616465343965
66386538383536666437383530346131373066613963316666636136383761343535393261396230
31353130613539656663386131323264613332663833373034386461333530326666353836396264
33383963373666326161323436663435353335633037383062616236393434636434376566333034
34396636316162616436366330653037626161383931383164643236373739363830646233396663
66336532303636343064386466353435633733363166383231326239393339343461306563623232
65323937303336643562663561613239363437363162373136366336643064633033393763316434
39616461613961363939636531343164376632633536313438353135623333616333623039396365
36656435613234393366626564633664323861633661356563636233306566383630666362613432
32356563323466323735643532666338643939393933373930386466376166383764353737656338
34623232316264666130316564346332613661393336316365633136303733333331326461656661
34633938623735633938666335653439626434353932373863326261613062323938343266323734
65663063323464636438623366303434646530343933326434636436396533376566636430616231
62326331313163343964333062636134363436326237356634636230356264376638343761323133
36353963633361666532366338353263643132343664386534363137646233393364643835396163
35363633333565643239666263646165353335353062626566373137356631356138316461396137
64373331613864323466346534643131313837336339346537343534333738396533333362353439
65373938663037613232313737653239653834313031636666643062386135613963363731626137
61663966306339363939376631623833303264633832303066633737323730613661396139643830
34303162306438623461393565393438666338313464663466323239346638653039333464656332
66643735393935326339653238643266326637333338653030326566613861623863323136623564
35623035666239363538336239313361323439393363666632373033343236613765666562653035
32666338383333333861626130393138373431396537663665366637363664653863663935356161
38343939326164356431613834613365646166353462353332353566313266306262616161366430
30383737636161363535636134633731613839303339666532383734366365653539643161376239
61643733653065613530366263643439323931663339313965333863396437643837323133333531
63356166356136356534326137346564386365316632356163373232626262306161656363656163
62393234336137336663656631363937363465313366663136366533343130303133343766333931
38336137613534633335646661656562613131656138656361343538376662386366303931356366
66396565663863656238633765643766633132303230333664363463333566636536326138623735
36333334653361626665346438646466343839333130333435303837303263303431396538633139
33633238363262383139636565646134376461643361613966313138363562376337653764646139
66616234623864353862346166396532363937323562303065386332353161643765313262346332
38643838343931316433323439663837373931356266333735363631366461386164613631356266
39393265363264356131633962393239633261633932643037633939626135646531666561666533
61353136636331626234373739653035326631343962333664393465336232356335323765303536
37323936323739646535383561656134313161323965396130376133653733613536363437333464
35323461643537343536313637646536636565333434373634653863326430613239663331333863
64663562613533653439646361363337386336343563373337643663363364373562353064623936
62353230373964343164363430353435353935636533356662363561666464653533356263363661
63373335653936363533386563393138313930303764323632643062333838393733363563343738
37666166313230633264626538376537336164393965616239343330623462383230343666303632
65626437616539393962633264643136346365663330646262646162303166363938326539643431
64336135623538393837633930663861383834303330363566303435613930333932353034666664
66313464343766653063306161616465653864646237623333663234333462386530646631333634
33356461333466383335376537326430393438316463316365386536666435616331643132633931
38306235633163313566613832323966343034316432396637313861303064383539363237326236
35623830363930363863623064343462383137343265353630653431386466386464383034393835
30613761323531336636346265363539663437613765363034623034393333636339303735383431
35356431396563373332623365643066346565313363643363613134646263366262363438313461
37303966346339363331613266363865656338303861313262653631383435393962363234336665
37663638643435346138663361333961333363633131636533386230356564326636343537353431
30386664323931306365666262393839363065376432353531323464343134663033646336613261
36376630366332663231616566366237663333343361386339643332366231343561323536343432
38316661663637396434643333303537613066343732636461346264306663626432653632653364
35346666356661323034623732633531303832656530626139326637623336636431633839636538
37363566323338643232326231613135646533623032303133616265363562363436656538663038
32343062363965643934303236343135626535653263363736336138373761326362666264623135
35303738633438366261626431643031303236633962646462306235313035663262653161356361
35363336373363336163336236323234323264396331383337353639356134343033303466333364
31616464643162653730383334383165386131326536656337396261386464356434633531623132
39353861343035333961656664356138333630396163363563323431646364653963393036313430
32643662353038356565636663623835393665613264623331646366323162636535653139393463
37643862326332383933356364396562323439623238363761323733613364306462323533666235
63626234343333626132646463623065363938613564626136623432353137333862383265613635
66646366373862393236386538653234663930643136656433643737633163346262613161353737
64633334336665346266316333383662663536336363323361393830343732336661616435316431
39353563666539366566346631333633646462353738643366303837626532656261663335666338
33326634613335653635643933303761343032313865356262303363303964393031366431623266
33343535363962303464336464666534373662616137386264303731633431303734393165623939
37333834666166643738623838306136643332623136636237363537313463306634663037346433
39643537646261393162353964656163613932393736663161653266326664373766353832666163
36383663663533393230303863363833323535643366306132323939336166356266633134383830
65616162373661333030353632623566313837616663633762313338386230643164346233303937
66616461613430333337333562343165623138663361363538636561346534336535653163626237
34376333343634633136346231323631313737636264656137386236656461366163636665323863
39386138333132336164376162313366366238303361623663636664646335346561316537656563
32666535643066643266313966343132383436323834613330616530633136326131336461383264
34633566633862313865303132303638643436336438326461366437633937636536663335656239
35613332636539623062663333633438373534633937393632623338633639363939666131356433
32623265363865376530653232656334393665656438346335353239333533646532393339343332
37653435383863353033303539386138363465333662613634376362633434366531393531623866
33376538616465326435323439643566333330633633366165336563313061356165636131393233
62656333346437666661306531343735656535653232663137636464643564663461393336386330
37663334386166396338613539313131373731393039626233376239643265316463316364633037
39356361383664303632313537356365663239336564646264333631666564633631386335366436
39633763643661633231653033623965333035366264356435336562643832616133633036656261
32663664626231653662376462376666393061363564396239333430383235396262326365316537
66383034303466663338313839356662663865663435653438613761313739633833356438646533
35313164643135353038663838306637326138636430303936646235623462323832633533333337
32613137306530323834633639626537313136613766316366343134313039343637663534353563
64313265643961663266333862336565613535316430393933346666363331376335323763663363
35663362363231373966653465376163343730366462303637323263653038643562653664306565
64393339353631616536303965613133363732656438643465346564373030336662353135393665
61366161613838633131326636653037346564663363663466613766626334393736376338363330
64623762633234333039313838643539663130636666336365633261353334363331373334353835
32383138383766383431393236663335623463303563613338306566353264313636633262386539
34613439643936323065393738656238656566346634623037343763643361373761636634386130
37366338653665363037333562646163373433336638303766666164666265626665653264623731
65326132643438643265303137653936636438663431633136386337616531333839376334393835
61386164393363373334336437383761656538333766366663353831633462633735666366646335
63656436666332353332393561313161376263353862303063666339653334303531383539643636
66303563616137633733353862313638323235383164356335356531383931323739353533356235
37346133333764393732333563363736313639316330656336386330626434323731616335656361
62313133646437653865323433336165653064393062373261303335326638656261646536613437
37663634383733616439653239336632643232653838326562336136623531636637393035643764
38613664373966366365643065336564326665633562383438303336313266383530373238623934
64636430313264643962353336363638386461653766656232396436316533653965313435336430
35613037653434653133626637663032616137396366346566633865343562633163383761316330
39373734373963653064323739363539333462636138613535303662323936396538353264373336
30313933633939613035303635356139333462303235303736313261616239306437636565313438
66646335363333306139343933303366633766303162313039633264393239346266393733373561
61353135393931313531373732663166343661313730356330393661393461663664356662303034
36663538663430656534316330646133383330323538326235333337343663633236666635636162
65653663656636653235646664336465663335346630643339376432343131613538656531376132
66363036643032396664366332343833643138333662323764646237313737653838373266616638
63616631346336623735613666633632333630333732363761396537633234366463336361306136
31313265663030343139323338373666663731303530383937643861343438616566666136346139
32353465393766313964353165643265366566393061633439636135366237326139333336626165
39623235356331353731636463393934303631383534373631383931623538636234653632613735
61323334623964373238366161626237323232373162653463633566383035626238653337396261
61666634633265396330343431393562393933636163646165643931366235646566343066376331
30323731333332643434626335373137616562376130336537306434656263663264643937303061
61313237663361613964306636353163646634346661353430373534616633303237323837376365
37303230326166346536316430656636353735323335613563326236383761306336653066643939
61386236656165346261663163303761323038386239666363653639656165396632356630326330
31616465636239373131376266613432383634306639643832393335633266383735626435316561
36313065383465313064636362353765643930393633633936363934313465656136626135373562
63333038303463636233333934633233666636353838383162636362346265373266333135336139
62343464303464383265306561653836336631326433306566393737623634323463343338306362
30633138653965336439316536373438383961626632346437626330663233376638643762653535
37303830313238353065386338393034336339376163616339373364393732643564313138393235
35326365653064663635663463383365376261393234636562666430663863323062363239656630
63316136663138356238303739303465646232346133333437626339393436636331373965626463
64313964383062373762336662383463663539653033326434626466343730326139393364333132
37636237323934636233386661353963326461333063356162663763393065666135313965306361
32383364343235626537613031383732343437333234356166653431343163343166363038373836
63376232643839636234376339353939643063613133333738613763393336303439306333313034
65396436353230366534326637643534366466393032623731313631393033383566343063356434
30313762653439336532623631626161393539613134323632396635623965343838303137393833
37343430323434386562653462383035383830356334363763373832656164393361356339636337
65663761373062366235336539333661376332383664653639316263303336343865386636383263
39613665336134613062333634656665666239366435383334653961343438636361663130663266
31326439623331386134336362326265373963653932316433616634356231343837653665313137
30613638353637346338393439663534626536653532643763396135653833313435353961666163
65663364623633653461303732356333613064346238366639383338663665333532646430306639
35616162336235383332393134343338633831323761623434303732636564383433313161343638
66656336323137623261393662383237653463636537323134313830323861366664626437306334
64646463363232363066646561363439326366363338316338346635336237316530363561376265
63353832363163386235643430356464346561343361313938356563306137653666363836656231
61643132326263303634376662376539623532333332653861343063636562393663396562613539
39323534363762633762616334316239303061333161616439626561323062373832323830336562
30313434343431633064306165616138316432613637643564323231373133356239373538656261
38343839303637363263323062663939336562303032313766326366333831303531356636303234
30636237633536643364633833346430626337663038343562633937373131386133336466313465
35643366326637396463343662613661343364653538666364363565343339663861353066393730
31353563653039616163383363626537373938376362303434623461653932386139633764313935
64383034633462376538326331656337636237336364616335393238663066383439356661653232
36663139303062373266393633373764663463363136353935363262386539323738323766353062
31663033323438323938616437313563613362626535343334303234323935336164396236303835
66626162353563623263313761623734366334333635326633363231663239633631303437363361
31323439346633383465643832623030656133303530636535656164653363626238613764386166
64653261623761373261633762313466623934373236336135393962393530663363396136616533
36636438646461383365326133616566626565333261353465616536313264303465306335326538
63383763616362383635636664336566363835633631666431346439343934303434313933336430
35663533383639323164646639336161653161396434303436393231383732356262633534663930
33313939643462393036643236393163383631663730353835306162323861323837393835393131
31356632353731393736613230633639393561363032396333343834393865386664666334386433
62663732626237393237383163663932343231393465633731386533663135323436616266643739
38393337303038306663656532613961616465393538383533346136356530343864616435383763
33363437323263306435656265383438303766663861613636313432356163383034633735313139
32653236653366316231653566363235333735346265353137343135623865303061373438616639
30326336306131653666663231663039313537376533306535383766623363326235303465383936
33626130373331343263636566616632613133336566373736343638616266363364353633353735
31646462643062393036613237646531623435386161353339623436323833393565326635383935
61333963363133326539356535303130616266336639376361373262376339633532613133363439
63623131393237383836636535396438636266326564363839626633346261346237356461363261
33303761323030383965336432346264343238636636653062623534306231623239356566373433
33386263613230393865386461356233616338383561626335303337393364363265366632366264
37666664363131633163663634383362353265313361653262653839383731323161626135353935
36333363363033633239306335643839333664646438653563633561343563656663356433363866
61316633633132333464366263306133326265623439663862383062363366626233626363336662
62386264333566386236333061383364316562333461653533663661393037353562333466653862
31363135616334653035353966393863363765313431353338613531383663343937383562363130
34343262643635396237633430393466303232613036353237666366356434313039316137623839
62383766613730663036316561656438623465343766306561663761663934386539353836363863
30323765366162353732376332353037666535643730626132363563313832336564613035356634
36393761646232393737653237326235626365333131353738383830323136666134323834363334
38303863633835643937666533396338356132316130386163623834386133303238363631323536
37303330313764653632336537313534656436613638383432333032303762663964323930636231
33326635356535633863326435383038643631633362343139353731636637643332616539356462
35643830333538663037643662383431346433613236616336643464303932633939356237636637
39323138316361396132313435666637376165653562323439663962316234356532396565356135
33623433643436626666336531306436346432636438653230393231373265373230333834356236
38356265656161633364626661636262653165646130396638643033613266323438663731303733
39653039393034373466353832663830333961346339303234373539373931333432363731396262
38396162313339323031396336613462666235643531343239326166356161376165623663656539
62623339373332313336636135323033316437373937363634386435623961313238663264356238
64346631323831383561346363636239353635336134366330383265386339643232313463613133
38636433643434613738303637653633353565333661313433343965336332616665663436333638
32623439396461663561633965323433633461663038366461646339643566343130376439353334
36376438313738343239613366396665646262333364643461613935636436313530623136373538
66326533643762386537326661623564336539346566633736656533306461393666636533313031
33383438656361326663663763333466343336666635326265333137326465663038643966323135
61623535373436303061623062393464646639323438316164306330346635633066366433643836
31346130646561386262313566643063373838636461623263386237616433323935623262366236
30383661616462336133306632643963363935393262363166646665313463666664316466336332
31316235303736396364636231656161386234323338333566626564346163376362656232363135
32363862613432366538326631343339393730643361386137376361666432346635653066313734
65363330353465623536363062323034373334366438313663326263623766363065356337656237
65393138396436646337656632323663663937623838633731363864363032353663326631656339
36323166376366633066313562616535393531323830366639346336356537666636313861396331
33616663633336663239376538353665353732383833643564636263393036633638326439363030
36663061346531326130376436373630656261383831323038643637616165633635613235356164
62366461663736303433636636313239363163323735376466303133666164653834363565376330
31633061393731396230386233633264356338336238633164316433643966306561663638373237
32643966653730663666306135666237613336353435333230653262396466613036646464393838
35666235346231313064323433313864316664366632643937653831623334323431633835653661
31386635316563633362643334363938636561646663626637656434376565303435666138633466
66383930623562393333356231386136396437336535633433313961346264303933306137343363
65623863633265353666326138373831363734306166616138653336333936333737653134633237
65323735376366386235316638616130376261633531323066626338313532383931313536326330
34363733323661393535616264326531366633343934613462633964386438616461386636323439
65373464626637653032346432373636396334333531353339363266643939346131663734666265
39613833313534343264643234623639333864373931666137616262366462303763393864663764
62353437376664366166663638353961636565633431643762633436333037633339316439666637
63346237353233653338373234613730396132353932376563323733353365633166316439396137
61323236633061363863303731646537663731333664333938343865396266626164303930306665
34336634666461643461656137373762643063393162303363636239663833353834316430333330
39313435393561333232366532383638613633303263633764323731643639316134376338333161
61663562396533356664313737663931363735633935363136386665323039376262623732633131
36623362383162396466313633353830383533303564383963653761376135313138663430346365
64386665336263663565613335646565323766646131326366653062343631363666623762623635
39346161313062353134646264373637613562373036356665666133303931383866626636383739
66313838353166336663636462376639353832653230373462633463613664333063393038333261
63613264613939366338623430376361643738326638313761333435343638633930663237653539
63646634663630353836336564326264346464356365666237386334373930656465653565343866
39636565343930343361313866383761313961646334666631306165386537653764633031633837
33343839373935303561663833363963356266623930356665613532383733623062323264386639
34383837633531313436353232363937336238346636306435363765623838356235653163343765
30323264623734326237633331343066306630303165303733636462666534323562343964326437
65313461643934633839326130386563616231356236396337366138393061643332303032613266
37333166323438653532393866393765623963633634383738303936643763313539623636323932
38393136313133366630343436613266623162336334353830346464396664653138646561366633
37306631316239306561323835643633323834613639666361613934336261633937326263363332
63623165646639313337313066333134343061626338356536633961316262346536656437663131
39356530393364613639323166646262323062393562386564303164383732333566653665653936
66343865346633333634396638393532656461616162326362313834333438393462373031656632
38326662643565326465333661623465613737646637353164626430386565323634646538613137
63636336653166313865613066613335316164386433393132383736333031633935386565653866
39633535376435623065353138386536343036373435316633613930303435323831306233353864
63363231323864616239373965376336653763383036306639323732343765666638316234383130
38303539663832366662303538316537323862663031616139383563313434306538323733363931
61313234376230643039623231626438616365646533316465613363356665396236313430653339
64323664616330383533623465393733336631356565326166363535656135393335326433366636
36393130653439623937616232373636633461636634353732656437313764333533613662303734
65326530396664376333666535366336396437323835616665336438353631393031646430666134
32356633623738613737346436336161333338333231363035343961373336343364353838306333
39356661623966613730643439303463386336323233343963653464393039653265643230343864
65646133643166366530373863323733623063353465393134313130316362613430336436663137
36316265616361323161313763623631633864643538653435346662383764646664326266303265
38633736663433323330623133323836613039303165303234306630326663373639306264333133
66666539363665353837623661613334656531343766373036323130653030316566383764363136
33393131643433646539633566623539356535633366313237363133383330386332623263646539
35656164306565373864636664383434653534383232343836373362356431363731633337626438
30613366346137316665333566326233626134393362613562323261646438353232666537396363
34353137323331336635326164313861373761633663636437323863333533623138313738613137
37303934386464663036366366663539386164396439633765373033363734373965643231316464
30313038316233306634353637393463393030363334666564383262343135373966396234336337
31633534316237633265623562373062333261323633313733396238386365383434333030653061
31306566326561643734396162393262626130643961626138393935666534366339353062343433
39356664316230383564386430323762303563313630656233643837373732386232353536333037
30303431326362663030363632616261333137656435306239376437613461386364353730626662
65623563643833343632356439306638616437316537373133343862306261316332656562313432
63653431323363363235326363393631626434396633373230616266626435623836373661333863
33626131656232373132336364666265323937616362393331323633636563303435376464356336
64633337373066396361663732663264646261316333626632613233386134343933333138376232
63383533386237316139343933633964353238343162613631323364313431363937663731346165
39313636386561616631656239316436316339663739656362616266663134343238316166383030
39313833376438313664393163303936396131626433623964613034326630643362663032663938
66653133383030376131343837373865393666653332613136326434643133383664383534373163
61656130303365613434653730303032666632643132393263653736303764306663313862373164
35343132313030346336313839653665356136643834663739616432353634646266313761333034
62373966323863363265353266326331303631336437333236343238323732366662323930366632
37356335383838343532363139663235656338333732633866336330646462336266326261623438
37626565613135613131386630363331356331643430313337376539326562326538373662336131
31366632366432376563366234386633613165353165656432613437363433336561636236316638
38623635356265633433346533383666396561353061313536396265613463663838623731623663
64643437623932633937323964616462633533306439613536613032353837383138363266653131
39316361653235313938613934346539396464373866303933343931303936313362653139323032
39353136373462613962343333336664366563313765323139356662303863343136663134643132
32323863396633633936313335663965316638316161386363353063336565363432343564336363
62616135323162653866666535666666626465626366333637313761373664346266306138616536
63633031653565356164336466663666346436363733306664666562626236373233323136623464
62376266313633373631663730383036393334303066653836366363633161343337396264626433
64346435373333316437373666373765306132633732373335306563666338393564393734636235
63363264386662303737393332316437626137366332386239333333326365646163376633346462
61616339343238373336336630376432336162626235346662346162616331653237613832356635
62336331303963653331656333386264366166343566306563333837646465366439343366646162
38383137333632623236336433316335366434653663346363366237386136383233666264336235
61643961623263343032633631323130316338353632633966333930303938643763373838316365
33643763353932646263653363656430336233626530663433356236393935396437316665316237
37623566396263333434643933356231356463313734396638393861663939613439356532323130
66303731383836316130333066383263366138313862373061656539383765386639643130383630
35303936393261336461373730363830653761646666616431633939306232323761393663333030
36333564396630346533643633643034306231326634346137663434613864323266633562336532
32633764363039633965613062383038303335613333646466646362643833303561613531373135
32343265373231616561353934323464353134383138303638643837363965366331623764623863
35303964633936613634616130333165393135313235666430643361313132623265353030646162
39626162613937366639653332386535633039363036656464326166383762633565376436386430
39663135356330393564346166343632306539663931613432663162633465303939616535323635
36613565386333336533623163636334663462343166343365613965346162313432303238353439
64333763383666616635313635363934383461383465353063663738333232363833396461306436
31636539643030363664313834316565626337613932663761316334636230353539396331393166
36373730303862326137326266643966326136656134366166306333313762326235666637343633
61353763613930643535326531303465396337636435653638363531396264373461333165306539
36333264363736383263626161356664663135316662613134386133373631363861626532333266
62333233653562626166323535336432623533613630633038666334366139653933303663316261
36316562616336353333653533313465633561616130393365303966343866303032393864303666
34356134646531653030303162643263336536663838613161396434383031383262326330633761
65643633373739313339346432336264383866663632616332343132346633383061303430303035
36626166313737343464313131346337633361343233333061303564633462333966353666336535
66366630383562383339336638383161333536636235633664613764363462326365343263623236
37623636363932343566353933353937653438376366343639336139313137366666333938316562
36346261306137396335363132636533666638356232623066336132306338356263636163326336
30663531636538336333393066393030623664613264656539613562343433653338366539346463
63636536393866663436383361663266356532636139386439653230323539623966363763363138
32356234376234613137656630326335313539633563373765383339306461663565616131356561
61303163336665633437303762643465666663666434653765653132323631663463353638373539
34653666633932633536613232396430613632626361613761316335636436306330633265356534
34653032366561313430323234396164373432373136303833343739623866383232623135626238
31323765326662333163396466323234386333366662663137373461356332633136313863663630
38356663336136343565313239366165663534356632383462623638336561623361386134636339
62646336366239613964356135356534363764323339326138633237653031376430343766383539
30316366663336623330323633333034646437653062313232626538633134646362343030336532
34656665616663646235353839323637343539646538353363313131313339653462656165373862
64633330626437343265663035626233666136653538323235363538356238303834313366616237
66303331333231333135633237313334333764663262613631643338383431393330323035616434
32393230653338616537353865376336323739386631316530633066376337646235633633656130
38323430626430636231373638636632613839383663656161306561656537393533303732343539
32316161626232316634393335383639323233363332633035383238346536383661373538626665
61643435343363386563393034656138316434613933396633653765666663393931633336623437
38633164373536633737643330313639393632343936313534363534306339353766633161316463
62626265616465333230303439303466316165626466616564653830306239373533656134363137
36383135653331626265643037393937623631613235643666303161313635663433326437306332
63633865356166353361656235383338656633373631636466653131366133323864313662366563
37373730626337386535346331323131323939663562353362386638633634623566653432633532
39306438616132346232393138643034366336306438663431653366326365633732356664623430
66363862326266343634613637663938383832366539336233393461386461373765386566333630
35396161373864393530323866353836396336303666356531653731303838366164303436613631
61336661383165656631653338613837636636333531653533373563636538313832353630343630
34613836323064303862613830643562323131633035333565346638373635353434316433663438
36613265383239376636303630333235653166303036623766306636656163366138373336303439
31656562306462636131633031353137313635663564646631366535666431366562623336346462
32333230666663376661636432346661353566376238636464356534313563393161363233333833
33623733396435303132663037646365383530616436313763353231366531313134663861326464
63376265646262323332333236616663306362323761313765643766396137323333386530336232
33343931623136626465633735333765396238633161623932386332366131356561376563333961
61636564613132616538363835383337613664613837636238613235363437653439366465613932
65363932343163353063353864666230626563323064363239653764356431643130323638626434
30353661613265366536626463323561343132343433303466343465353564623338333062333664
62323366363462623935646162306535343963346561353437613239653461386262376366626132
31353763303636303238333135323034343733623664366164343633313263363339616662323565
63336131366336373663323736333339393661306666656238313231313264303064316662333861
30376630323865303930643936343835363865636165356266656334663766643664383862323332
30643966333261373234633462373739613663333235323730643464366661336564393838646434
31636634376663316434333331326363623865323530616134396336663436333230376130343736
64653666643864346466626430643761646262633530313262306633396435323436383435336136
30393037333266356231323839643034353332316531623766376564633438613134663338333564
37366137366635356266326664306364313737323164343665343630616335396562333832383939
30653535643837643034396436396461613330653636616432333465323735333365616431373131
35333638326234363164633539303465373937333438316365616131636331333666613037383030
35396632616436303436623036383638396237663438333235346630316330373636623962656362
63323161326663366338646261653831643839336239353032303338386636366166613962346239
30323331326236343663626330613530633333383764623462306565313764323839306462373864
30333838633932646631646532376330396138326432373139663831363333383135653937623437
30306330356338326463633130373037646431336234646130636631323635646334646535363139
37653031303430316537303531626637313037383433333333626535613864643465323435663933
36346134376139303334623361633831356461646339363064336365303832373830353632353964
38383264633837313665643731383836343963336361386238303731666465623635623061323131
63353639336562633164353039663138626235323436336137613635633539373333393137313462
39333434323564383761393838366439303036363165643462343933623432316133643030383663
34316339616639356562633438356563666662393939373939636238346236616130326435613933
30383161363865316365323331356438383930626165613161653934656265333933326231326461
37633266346438313064663164666536633761346533303664383939386665303661373563353762
32653134333833666265396265336166343163643762333931343133376434643534326564346363
64656132336638383832323664313638646237383237386333633336333830663438356337636532
36343838376534663164366238646531623931326230383333363430333563353738633036323065
38346435346332323738643666313431396566326638306439336634376261626437623663656361
33663865663838383231343839343935656237363134333735643163346637303464666537323231
38663236383165356366626636373965653039363764393132653235373735666362643033656363
34633535656132353261643735363264323463336338616464326637353730623938356666663133
31313337396462303533616632343962356439363265373962353630306362633331623931613865
66666536623830356438356465346161396535643037346266613863663737373661303166656534
61326332623038623363653161336138393534633333666433343833653231313835656532616435
30303433643862626633363837633965653238336266663866366539303031313061366534356266
32643036333361303262303838623464656334386462656664613931303030626631386664663838
62356439656532316633653866626239653564623139383937326539316231313438623961623232
38613333373831656264303866316631383163613362633564626635613736616630636238373838
64326539316335333463343463303038663932323634373338666666636566306137366431656262
31303062666664613239336663346530366230646438313963356139643564383937363366326337
38613836346464343964613232303063633564613132323435323465363838623865363933613265
39343931623739393538643833613238636632643134323636643137333561363632633331386666
31326163363638393261383361346564643138336461616334343631653332633362633836316566
64356139363638303732626264333662313564353937306236343933616463343934653630663866
32613961663730643235663630393336396231616164623663623236323864613264383666666233
37393163333766346236653634313564613664333834336534323537363830633433623164303632
32396436343063323234343166363563323465643733316464653030306537303761386164333438
35363836356562646338353264376534396635633936343133373238653236333139336234633165
34363236623561623133663863663763383730653232636436376639316637306535303531336632
63616337646139353436376562343438396438383363666266363865613562636261663766373938
66633637376135396461663333373436613864373963343033316230386334636431353036323235
39363465656433643862326133633762383934303232656131306530306432656132383638663431
62346231613666643131303265383263626230326434623639393031633339303630333864346663
37366261633737613762616162636137353633333165343837623433333136633938616334373032
33373764386661626231346639626265613661336664336333343032326166376539396431373039
33626639633538353961303865373837633138616638393936383935333762313138326563643932
31666636626332623330323630626164363935393439353833666234623261653761363733346365
63353733633039306233356662343334346531356534386161646564383330363338386264306262
62626134383334353339383961383533656661303437663930393732643033333764386334353637
34353965303066616665633135306637643763343362396631643865323739323539623535633936
63306339626162303465343465396131323338326365643365303464383132383437633365393737
38643961616366613437636265383261616337353334633532393132633233663630353565653435
33336665373331623231633439316335356135363530666162653035613438623365333634646238
32643164323265656633323031313433623865656537323733333564646335313539393232656261
31666235626435386333623461633432326665333331313166623732663765633665373436346637
39643636396261386262636566303762356632663532316137326334383765366638623239393063
33373864613235313034623630366663363561303762373631363730333430646335353264313439
36663932333564666265343935623930663239346530653535383439346366373963393266353630
63656636626563373161383161376435343539356265366464643435316365666339333737333330
31343963376266343438326561616535656262396133353130393832326338383733653065663735
66623264653062366238383030303865653864373737306161663032633365313232306136343133
31303937356563353163666131666663333663353538633231396162353530613138633036343562
31396333333738613435303966623234343839316239336539353366666566353462623833343266
64346430383633363364613964313563303236656532396338663233333834313830383135356236
61336262396137333963663535303039663738346532653664656539313432633734393339656134
66303363366536623130663330363831646133316635333163313261626336356332323431326537
33663733336138396230376536623737306264383937366332393565363336616534646635376663
65643338646537343236663265366563666239373266346433343338376163653634306431666539
62663335373831313661663761333332623432613564393332333539356461326164653064613561
64623461353865363465363162326435303739356161336261356333353730326439346634316431
35636332363863333866306662643962306132366533373032666339653237356463663066383231
66366663643762303238653531633236343063363861653365613366373838313865616532616232
39376130626430396264633061333466333561643231353038346234313834643265326332623639
34353565626332396362373162373431663136346137373131333733313661633632666564376437
35636661643262616134663732343434343638313662636538346632623435363037386633353634
39326434646165656662663165653038303532363530656363313665353537626633356539623230
30333336333633303562396133663263653437343566386239343930623938333830303437303730
65366631623962646434326235353539306263653930336561653361383962386335633533643862
61316332313866666238313466326132336434653438373937393937663236363233636432313839
37383139313439376433326164393635333632306539313666623834646235383165396462663431
39616462656564656135613363356336346431376333313432393862373564613932346264616630
66623134643961306563303133633336663536326334333164613533366332663332376363366631
66396237623536663436313435343435353765366434663531366537636237636531666264373537
35356561636432346663316636323334633764386366663930636235663937346563313135613563
61353030373065303061303837363131366636646464656266643764633137663066346564616638
39346330653165653536653532363437616664303238663432303935666564616366303662346131
36393833363738356164623136313036383364636163383737653739353662643535373066643161
62666236663663313964643332383164633865653132323362663136303962393466616431393232
62386563373834333864316164303466393666363332316538376437366163623632313963356133
65303130346665656332663632613731333564346261356530306230613161356239323734323334
66363762303164323664636431656561343735313461303534336663656632303130326363616261
35633934386132313764363731353833636266613633306134363230663833376435366663613534
31633132376330613137303830353333666263353935353536616133363163366637613533393238
31326364626537353264343063303930313066313939353166376563396536303763353862316439
36396137303264353936303838616236373966373831393239363135316432306562386262623835
35366138666334656165323038663934663437316564316163313639353634336133356231313662
30326537303333393964343731343766356535323831653438343537303864653537333461633964
35393739386237353738626235313231383364643330313239663830316466663732356530383034
61346539663530373234316534653330346432383333383436626261366431333931626563333232
31666364326530306366363535363231633137616639343161373562666531303230356638356230
30626662386230653730633531613332326363376265313266613866663030363965613263633231
66303331396662616166326535613164353764616364323965316439323261353964626366306462
64306166393939306436623862363031383661646232373561393462646363643632626632636133
62346437343866363135623336353537353566303339373961353663363636633062373664653661
62303930373535306161376436306634353836313231346437333630316534373362353561666564
39316230666634343635393135666162383832383034303738383462646365613434613535346631
38386233633031323433396462363365653863353363346132656366643563356539343565343461
35316333653536373038633031623634326333386262653961663239346464663636656537386631
32393337323833656430376131643531303061373137353239373236653439333863333235363863
37636564393534616165333962353962373862383861396639383565623939653135613339316661
31323830643366303239303437373237633337636561373438653661376264376630636239326139
38646466663336303162623963646165333266613361653133643963613665383936616665353164
36353437363334643561393764663231343332393531366261373038326161313633613437363062
31633634396666643834643664363038333130623836363438623136373734313730396237383732
64376662336630393337396263313763353461393434643832646335666630636165653932636234
32616134636334663062343463396131373963653537643632383036366436306139326435363633
35323932366232333464393664323231653664663164316236303437643134656336656136636365
38633737646134626238666531646261303132636338633137356336373966633639316566633538
36386331333661653437633665393765303034313339343336373963376436343330396630616531
34366236633431383336653665656430323266303435333831363834643235656435663434623264
63336330633537663839393265333436383936396538333332313239636135373932336261646165
30383034303532373933393236376363333932666564633839313835306634366563313738303430
30336163343166653030306131326632396262633231373864316134386132363431323832666430
37613933303062613439313665323363663961396365393031306239363631306465623633363661
36306632343534366535396666303531316635393762646334313932646465643836396136633430
35366466626637366235383864343431393464646238343536343836393764353561623461386132
62626232626335613861333736373864386530386563656364346234316637323965373366333764
37323361613663613266303733663635613262303833613039346130663030316466323865393465
33356337666163613933623264636639336638636338343965353535393232663064326636356531
61376631623732383033636130366165363666336438383664303461643430336530383235616233
37326663383733323039613939343863323330613732323163326638613936643935633139656164
31316535336631613838656631316163633962653163383365393631343466313163623331383039
66313138373131633337333937613933333938633863626337653430353963316434623830366334
63653535643831386436323533366431356361333036326339646134346433326265666536376164
39346539383539333764346261316133363736653433373736613837386535333266366561386566
34323265366236386638633066353166313730346536343830643561666535363331663330663565
31326562356463663466386166383064323134643963393639326563643264626332353366366539
38386233623931373836656663346264306336353131363738386433316561356538333863376530
32393134393838323236613764646366623233643237333232353335323263376639333533323534
33363538313333633365316235633237613032316532326533336130653338363732613466376232
38303637323837666239336436353630313935366533326465353435646466356330323839666264
61303535346134376661303238653663646662366637366665653337366666366136623234656534
64306231643665363732343939656134383361323538383137373837373965616465656233366363
64383531386136663337643034393463343666613432376463636363383838386663323737633065
35343636356131613432303862656366353837633538363065383638356161363937643962356231
64643663383237616531613634373263336230373263386364313030663836363036663930386633
35653766633464303737373064616161333339323335623437353064366338666139306239663537
38383031396536663066313435663038333764366565333131356463313333353364383637306132
32626365366532653462336535613161313938616661383835356564613535356461613032353138
32323762343230333932646135356262363830643937393231343535656461363236383131663632
31306138393465313035663630306531386563393730336161653464646263336666646266613462
33343863656337383639663634346462333363383837336461656362613336633138313565663838
61333065386466333639623861336334333636306561306461353339353836333336306132383238
38613237383538373530643537383734363937353964353139306137393538633634623063643861
37383462643336623532376461306232653663376133626137366431303631326430663331373330
36376634313262663530613966366430393062363731363638653933643037333737376330613832
33613630353938316566653337376536373739386139613562396362643263633230616666333865
62643165623765323065626365356461646637613666313964643036346633386265306634636337
31616361616530663464363837336130326635356138343233366361613366373537386564356161
64653835663361326336356266373361373564626438366161633039333538343765316565303936
64633035663033326631663165323332653233313430633737336265363865663165616565626461
64303662653236663565626266393230643062643132303764323763383835663666316264633864
37373039323031366363363632623537383733633234613632363230333761643264326537666466
30633562373732373037636330353261323865633731663030643233316231623562333364616633
66613131343030613235383565323837636332343836313361333862646533346131363964326239
36663835386165613738336361636563333562393032376663343435626631613366346161373137
37623735333735323563653232613565363231643061323834393133636435333932623437323833
34316432353064313532613763616332623964643434613334653736343266376439373562326366
31396662633330356537656562333130613130313836656564316339663437663366376664653236
63653332303638386536316431306235316436333665306464613739653566353538656163613132
38383738383130393739366363633737326436636235303464303666386639643337633338633766
61323163323033323930623863303736663838326165666461376632383538306139386338363763
39363136336264306632353534646239616431363239663437643238626333386439386336343632
31363838306133336332323633393632616137396530386533363134623263626233363236663965
66616563633738623338313535643064366666306563326666316336373164643933363664386361
62303931333861633138353231376534316531633863303563646336643732353734633165373133
34636565346363363665643366353038383365376434663464386437346662363239376462343261
66623533383661323234626236663938333133323138666131636338653133656633306336343635
61393865366634323832326330396266616264363133666639626432666363336135313262636363
61616236373632636164616131323035306239313830643964346163363234303061303232636666
34353434316632313338656437373265373063626266356163643564336135306161666162343234
32656431303133363466663733336539316330356363626662623561366431636334636136643262
34376662616361633662363063616564346462393861663563313436363639613933383861366534
35616666666562373064666261636433316662386265396432323661653933346430343762366364
39376565323137346632336563613539656138643732313233383137386365343461333433643265
38386636656162323637393434643739333461323864313833623866323465313637366639346564
36333265323036303130376335386239396466663966643738383766386135353330656565343338
63383438313532313363626534633731353039656232623664616566373932633630626434383431
64333639336565656364373137626237333735626433306432646266306635316631663239353235
36613934613062373737333561396366393236643836376634333132326631656161623238393239
38623065653431663436653862356134393637333166656263363638643033616236303832303836
34333564666434663138663338636135343138356165383062373264363134306530323130663638
66623336306636643331616664353966616434663964356230356633373933316637646531326134
34356461356138623430386663643165396463376337323837333931353533376266383239303462
63653538666431343337626632306238393866336137323734376439656133666433333632636135
39313137343739626434383665656563633931636130623037363363326439316361313164623365
35643564653961663862663434306431643533386364313563343265656233633361326439666637
34376331323264383463633239316665623139633230323362393565323731333538653638393437
61343135653738333766633435323863373964633163656331653036333064646333356561656132
39303564626331353561656439386131633535623533336566366262646536346262386334303439
62396365376361383936663961363663356561376634393961343831343066356161396130376461
31663530363338346632303562356666396230313230386161613730653662313866643463373365
61623665353434613331303631386236326538633165376532653062636232646339626462326331
63313739646530636439646333393865623034626266356134623436383732363239663138663734
65323537356432663762633663306566613864643335343533633264313232356530336262393732
62363538633637316136356363333033616630303939363862353862373836323232343963653038
35633734613961643865653338633932623835313037633130616132326137323338356536653262
34333535626363336266346361366464643933656661353663613063313438386365646564636638
33393336346431636264396664356462663462633663396364626266363766613834376332373862
37613936653436383330373565646631666138333536343731346464323335386339306336623939
36636533366564633361373638366330316636353339393432663563393535633733363062376531
33633033626661396131396530646532386535653137313235643939393537346135373262343061
64333236656662663733303732326633336431313931386636303161343865323732393765653561
32343934663765353535306231323336343530646261363533323133356230653666396332326133
64633736373161353664373738323635623130353631616131356238383464346437623533396663
32303962383738346666643439323434383562313132363138323233386434356464376561346138
63313164633239306433646464366630393837383530636563633064636339333262306262313433
61323233353366663063656431396237346330623236646235393936356239653064393063316334
31353866303465343632373466386630616334643566663633373464356131623430393862646432
34643036323766303663643762313135363132636566666539353861653037303265393665323564
63633964303138313937383836636237363535633437666439346335333738626235613164333065
32623461353231313763346163306565643132623630316336613631656137623139363039356132
34376538383661356364613631353763656465393831643366386230323663623434373139336338
61363432326332396233306362663836373665316632396535363138623462306635666537333538
64626665306338306232643731633361346366623166336630366235353037303663393664663166
63303562333939643364353963343530376337663263656230616537366338643337623232396131
63616666646539303462373433366266653231663965336336653430333766393636343262343932
65616366616531663439383530393837653634373237393438336536646161626564623333353734
38323731626332306437366136373338383466366438663762383934356335316362326464323665
30663662353733613964633762383431663761613665343834306139383938653435383431643765
33663164323732656537396535323732633466313039353136303138383134373533383630393165
66656463633836653337386663363162333337363964306230633463306165373937616435353133
64643761306266343861383034343866353362356136366266303133376630323337336163363264
30363031336536313665333030396537373961613666316539613932646537316237393263353232
34303763333331353734376562666330373565313237373139663633643639393735646234646362
64316639313534356630313164353331306533646632393437313162386563613538306535333835
34356264366635363639636666363762616335363933333132613935346239653738323733313335
34633865333965363732613631653861336633616233363365616461323066666436653631336630
61333036616238376166623532616638623533623464346363393062343733656230383031373733
36303039616363323234366263393266653732646663393131353266383733346165393336396131
62636335343764386432663237306564383532623064353262616638353364643835366537376538
63636337393830336131653534313437376133396664356533386639393565313766303964346663
37616532663931346238666366363730306531613232616130643462366336366463373864336238
33626635666564613166623835653839383364343862393661306161376661333437366139656130
36623762333861323233666533373966393766316133383162623239326133623439643231366362
36623865636334616361326239393330663535643832636263326563366435336661353763313632
30623565653864653965353738653331306432613530636332643536633730353664333334326461
38656435316461383963616433626361316134663332333733303366393961353338386439323466
33313862333538616363356363396463303164626530383133333236633761303437366665366332
65626362316339323334633034393564303564353166643536343264393937343639656135343437
65303630323135656638336130383631646530333161636264336564653133353263313065643635
32353137346130643262653331333033646332656266303931666138393736636262333865336532
34643364396430616139653633643031336336666532333431313334303661636461663466663039
33633034353339613535656135363964336635356432656530326166623235323239306537343038
65316665663431623862363166323938333863623461373132633031323664343062396537353633
63333664383964633335313838663739623033306134343339663337633437356161303534626164
36393836346262323936343232363362616263343131646632316664376663303333396433663733
39346436366231663538653638666566633831643632613738616534383766653762663737343535
35636136396165663635316136343061656566323339326461306531623633316230613466333362
34396161633933356437666632343431616661303334363331613937313165303336303533313037
34393335613930643833313635666364666261636636653639613634386562336438613663636531
65383063303064316239373338343665333133616662376462343466646235633164646131633764
31353939323930643339633331323232326464383833613432346332666635396462666433383266
39623039383934616536656235653333346566346433363335383336353130376264323934386230
32316338343563613230356661356135613965336132343630386265363339663335363866303564
62616432303836316163386662626133643430613632326166376234356464623266663731636133
34626366333138396432323666376430653762343430396138376636393338663632346534336238
30326436613165386336336363386235613166316132623533393863373439383561333139356138
33393563306633613865306165336134646637653538396164393235333137323863623537353936
33363030323830343565396366306364336238303231383064363463343235656537333234346661
31333866383630656132643266346436306236646239303861636336353933653132363938333434
38343561303366636161346661333362656239323034313039636331336661626530333865303938
65626262656533663961613965663932303436653365643037313836363132613431343230383535
65366236643630353266356331346635333239373633663433613631376564343561333731303034
34313938353766393831376433626237646462616339633165646536663633343936336338323463
33316363373935346338343931353432386330613530336333343838356230653136616438363166
66643535343566623537643735346131303339323061663566393937383339626233633737626431
66396638323030646263343031363432363266336233386631343161333535393233653430316437
37643065663033646334386363393062393966636562383336613661633162616539363638626532
37323938336561393037663537613362643332346161386637376432653836616134663561626164
32646663383036343063636666616139383533326530373837613762376362626638323638323130
30323337396234323939386635643366656263386264393034313730336639363731666531326561
38303939326338663030313039623033316235323562396662323032313832666365626631316565
32346136383164356239323239653933623163623562663565323835633666633834373363353136
36383763366530353734383365396465303935303330363466623836666533623639353363353631
31353332313736663236376433656239356461333466373362306535396639313239636631383564
35323736616162616265663235343234303436396636313932623830323535353965333466303734
35326465373636393234656330333837393562306232326365633166353537373634396239383038
30373332383139613961306435623133646664626532383535333031366138323438393364303365
63306566313534623737626238616639396632656535316165663235633666646163373966396361
30396536316331383131663533393033366662643134323763623838613332373938353365356433
34313665396562366134316465386165376133666436343733613936633635636366383661616364
61323962376664383933326564633634336161363461323563396234333562653033653334363030
63363535613935366439616339373537636634386135663734356136643764316635326165633833
35643239363537663531643864326164303964326230373164346638356432613063616639396465
64353764303436313032383436386563396633306531616137616635326466393862356362326130
39363562353865316335663461386230323962613866656365656137643738333130383663393761
30653639313531396631343436323531373264643131386236393737663432613630633836643136
38386362336366303835396238633330316235666537393433316632343266623164393532383332
37343431316635303636633338636636396334363433653730353863316462663238363165613637
31366538386334373965393735343237376165363636303163653232346333363139356435326135
35623837343339393733643061373037633034633433373335326138616536376335663264613033
66636637323862353164393636653336363632623761353865356433626638356263396435353263
66646661343631383936646465303764636339393831333633633037666331636462346231396464
63666665333664323935353961333832373862643863343036393334323230393961316663376433
36636331336130336235303633626430356132663938636466626130643964376330313137663035
64373238393765653133326366636637616638343665393530333137653932666431303331666333
32346630386164663538656362666131393537356662363162343338373836643666346663643534
32666532313864356230323137663736616134663637346134346138323964313230303837643265
38616139666263373431343138353430336661323430653037633132633639306132366561383766
30373639623135613732386636383463336463356431636430353330643139316263613665616537
39363466333332306431396236653735626235306366623831336532386236373561666133306234
64633161396637373537376330633061616364623439343634346436376435333132613265653037
61663061393536663363326432323133363862313164366565623138386135343530326464656666
32356237346566646536653666623538393063616130633362623438333330333537333364613663
62316432316530616462383136383831393866623734366463636136363165326133633966356333
31336434656262373661653833643861336234313633306438343765376266313861656263393965
63363930383864353266316630623664323331653564346231623137653466633964313665666466
34343464336537303366393835373432346536346639333661656530326232353966343064373233
36633331353666626164666234626439373539316265386265386232386439353333393231653666
37623935326139326436343239363062343766323366333761333362663534393533333464626430
63613831346330663231656433393531666434633333333165656238613262376332376538646433
34633936616365323538343430366539663232653932306164316634326633613931363730613537
39316261373735343761636234393232346139633435396564633436396466316265333639396434
61363765613764336133373061613132363639366161663864353930633733373131656633303163
36336666343635313337313234326264346536306437366138663039636565386632353561656363
33396334333134636164316237363534643138393730383832633465346236636231633333626237
39643035383731343465653438316634623232366139663033313464633037363264393035376461
32633636626337356432336266353336636136366435643636363333326231366266626639653430
36613864666266373163356361396263633564666666323638373964336362653231663364396562
34636237393737636235386662326632613331373566386531396339646133616136393263323462
34363634376165323938333935623665663931326532343332663231373665616239386639623664
31373465623264626434343135356233666438396435643663636633333232336234666431623265
34366362373437653430336433623536386335333465616264663462383938653439333431396365
32386532623932393262663261663763666333346235333239303461366466633338663632646166
38393564653561373136636563353930336166643238333062303538303737386131353738643638
37613931343030353136643139616638336263653035373432656331396431626333663530633763
30303037643733633737623465333366363763303639643231656431303561633135663831353339
34306438326163666133346639343666343633363465373435356665336266313461336531613566
61323432643162643565303330363461373336303166656330376230396436386364653235396135
64333261613866623838653961346533343730383832646530333734396232323966323035646632
66313539633938383863636434626239343935326135616466373361666430366131666236336562
32326163366163363163333666353532396264346238303166633032316263366533393434313536
33626536363536306438306566643733643833366535313834323232383833616438386164323233
34366236336562346330356562663736623737363061613937643535316131656366646532653261
33363066623439343630333466396164336166386335626437306538323164663762663437363734
33373963383637373235333532626332666161613263373231303034393433346239636433353730
37333661343464623666626438656161356537346537626365396634343637353162333262356263
34343666643537636265333636623134303862643566633931346537396565666366663033393536
64376533626462343934636134623338356166623137373133356131373261626362653139656339
64353533333764616263646638396434383734313231633430346536653465663263333537346534
32393837303265323862663939313361646231633766326431356537376563333833663664396230
39386565363636656339303038356361663734386561376638646366303932376637323534323461
33363837306637353535353832373332386335356235376662383036666337623962343031666162
34346533336438323761313465623362343232323731653431366661613563306565643634613962
39346336626533326638306565656333666231393665326639613733316439656263666538393665
31633635343431373762666461323665386362356263376331313632353737646163336365383539
61323532396664636562363133633965373130383635633161633463613332396565343630623935
66653436343034323365336238383934386463323739346333373263323366626666663661623265
30643235363932373535373665303466643166306639313938336230363664323838623438353164
30626431303037613031356164633830656433363534373265346132613130333234643366653536
32383537326331363632313663366436646336346435633062346231313764323837306463616335
63366431616338653737313331646231323261303632623263656636343938343466626538323730
62396563653739613531636539653639623839303762616331643332316564333836376362646263
61306662636562396466393038646330306433396262363036306135333631626332613165666366
63323964386163646438356366316634333065616165623665303164393138613138613666323065
32363935383962623764613135356639393732386236313037343336636336343032613261363563
38626333623465623030633233386464653138666134303735303762313837663133393863646464
34373033323766376130353030653636303264303133373965396636316361396430326536343131
37313464376432653366613731393439313763366164353663333164333837373936303634326162
61383437346561363465613664623065633861373134306665613136636263396530353832656136
30363436623838376339363335343238613434333861353239353632613635346663646638306664
31326439656132646463326665633834643636663936646666396630303966363639623066306432
65333234393337333130653531646366623739623965653537306635346665346436363339623536
61323732343666343636613138396464386632633830633066373362363735653430313265343033
65313032353235323535306434643138316332323335333063353664616630333066323861653166
31353664346637306434643834613565646438643437626364343232313833663937646536336537
62623362396637353634666336616534353737616536343366353233656563323661613834383437
36373835646262393664326336666230623431353039356237626135653931346662653031313839
38313337663635653665633265646439343337613035393236393066646131663233336139653962
38383235646233306434663861326133356438636366343866636434383538613338616236613536
34303962313732616666336161656531363963663738343938356366343933626663303362633365
36363632386232303638366232613635396263303834326437623461373833656364626230376564
65616130353331386237336435366130383333363232623762616337353232616635386663653365
31376236303537613166363533653564643563326335346333393636633061316234643538306238
34376166613336613932366430613836623162663831653265633263366339623065643133643131
62343036376133633861363434313762363462663663353466326633663464643231363532333435
39323266393464386535653437633837396430623932333638366264616563643530336133623935
34633466393036663233346139313435613837336134363931326231356432666131313338353130
36383939656236303736313732643938353838363837363635353332326462383562643733316539
32666436383366636337333230343365386130633430303965363035626161336635383763636439
34663238383239663334353834623431663431393164353037323537663435656463393234646636
34363737666461303365313732383764326233393831633665396161373539643830646266373537
35643063613830656533366261373530333266666363373231336662366165653039633062663664
65343465643336393038313331653138396637356364303738303333353139343364353632376330
64386463366262643962353164323431343766366439663636613364396362303165626564643664
39336162326133653737623436356538376332396562346434316434333965663333343931373439
30376630363631646131653863613836356138343461313531323137376531653132383338326639
39306538333632626534646565326263663239333035306562306330393165613139623761663661
35636234616639613762383335646262366630626537393537626566666636646361663933393364
37356234326464613734376562666639376638383235613165373634636137313264626237653731
65633038393431343432613962613932636266313265313438373136393936353237303135646139
39363863306336336131393864343233656463346562653662303161383566393935623735333639
66343233646335653437346462326365343761353338626666303766366233313465356530343563
39656338656535336233333366393164656630613764343535373838633633333636363231633330
63343863613132393136313537376232383663613064636136323831636531303434366236313330
33363438383362656561356137633230346530313135346432633462333530643766303939363330
65623536613336343261323265356232616336303263316262306238653938313332306466323838
39623739323765633664616631646338376239376465653033386361663933643366343265636663
64353363313361626465613563643163646662646539343861613730663335326237663863356165
62353663393835613263353439623630316534666262656335613164323535396261666265343963
34383131623938366661396563613532656433646361636439316663613138373062393964383535
31613131343966343039396435663335353237313737653764306135333665343766633430383339
61326235393533623338613435356463626361333866313136663638396361656638653236313234
34636464643762626561656265623563353330313136306639633261633363396331363237323764
61393066353137303634313637316561623234303939326463383762313161623465663161656535
38363130646630353235653037623763336366313337366334626637326230373665326263306138
61343732323366663730646632333761623938316239303461373633323232376438323666333238
61663163313430386435313863366564646533356633366338313964353461313039393732346662
32303966636265366266646532343436303239396261336237636262303466653431333132336563
37646332376230333832626330373162353366653032373865653138393463393734323830383239
63366637346537313838623737633462323764303661663361333938636239313236633131646532
35383734393766373439346538653639346135616330346162343231616135633864643833353634
34316365366437316665383738353432666661326166646236366639396234386335333561343330
33653536316332333333353630633732363135653832643462353835303138663039303231353232
63393234316438363265363535613839383133353665333462313036616637343364366333393663
34326131333837336237356436616331653432663262663861323835643966323966386364613561
39626138383330653734353764336631303934393638663661313038346537393531303633323034
65373936333034373065623566396634323064643337333061393232626136393433643230323633
31373333333131393734343632366133306362343066633038663836663666353639356639623336
65393835383266373331616138643431393734643932623031623734643764366163353737393562
34653930373461636262653939303366386233386265366366386538333933396132373865333163
38646465373339653335616531366432316130376532353964623865353665626163613034636366
38613963623134663563646633623139653035366465333332666161623064643936326162343438
36326130376363333038343339623335333033663138363836643264393866383464613731663638
39666463343732386433306239373464376662396361393233616435663432376135636166323162
39653533346262393937316632666662363963336133323031333831346266626632303331373233
63633532616261663861373466613066323531386637313537643731323137386531626661393139
37643135303935613763353230396335356363616134306261383236356233393061313234373338
37343763373433333366326266376435306135613265373036323739356461333232343131633030
65393766323366383465373563306632353133636264663833326266303863626238346139623033
65333364663663393339613833373865323632363065643565396431616238623465366130323864
33643036663461333961643634393661663564376535303038636330666266383934363566353264
64643535306431633831323131393931313337666330623234303433343734393835626630653336
30343165316165663764663739626233343430613935363738323531616231643036333635313665
3437643736613763663134656631373636363365316666356530
