$ANSIBLE_VAULT;1.1;AES256
62363861396232663264646631623330333036663163383765366365636436666563623330643033
3934353533373264663832363935393535373131363133380a353965383234366562646261633031
65303632336436376138613463393930303534623062646235623130656637643838623331643766
6132356365373861300a306134393962666536353635303631616237323161623032643139663339
30326664393030653365326436356136626564373538656335333266356131313135303438613638
62316635386435303062303262613335366431396263303363616331303763333364333831373561
65346233656566623839383630666435383965303963333039396534616438326465646130616563
31343234333538376364613435323666353131393139666135376636316539303235336663653336
38613930663365633334306565346130333366633563643066386335363935373338353430373766
35383565666634366230326633343831616165666135633966636563616665623439623961316436
34376330666331356331346561633966616539316361646539346532616165396632663963633630
65366466306461386366666664613837653438373132393239343436363162383433306235636236
34326333353566643838343465656264613232623732313637366266616437666564323238313538
32636133623934636464386432306462396263303739383066343966613063393737363362336436
30343763326262396238616634386631353066336236346566386435623239333835363231306465
32343836383935396336613437366637616363323161613537633035333233363764366263623433
31613735363232316663623731333565623261373137386365663637643163653865356235346365
30666332626365666364336632666132353238393432336664336433666432323830363332386661
63663639316434356532323166333534623164643365663433376663656235643865353936663239
32653933333439653437333561386436346532323963363361393261323137366663396538633631
34383237383035623434343333356136616262366339356532333663376635626466323563363534
64653133316536613266316661383539313236626266303566633732363230373538303766366134
30636339616361326336343335656432313332346632366135613863306430306461383730303432
31646133383430346538643063353037356331663966666662383538396461326130333063393736
66613936626434626664623835343935306566636232613539343030346232646239633439333331
62306538353736306538386666353763396239313564643864333262663733663838313466363764
64363564383461333638303634613432316539313637326238396166326466333931383064613530
39636563343163636462343165663339353836623962316662383563383665343130653863373739
38643339363866613835326630353930343561663831613530623436306533376261666239653633
33653030353064656237393933626661396161666636643634303939333035356165353935363163
33353564616666326364646537646161363631363063303936353034616162366139366336316632
64613366363739663866303862323366326463376531333164616434303535363862333164363362
66383638663132616165613331376534613439373231653931383938323032326634646439363830
38613233313836646433633633313936353039326165343163396164653166646262653133643266
36373536613236633337656237623432323138613238366131313566336130363131623034373963
63363731613537373830373933313261333530323334303239633833653666363433623532663139
36353736373362313566373731393662313030366435626138613038356563633064303565373761
33353834313664383136333135613436633430653630323338616637343265383837623435643137
36663731373336623462373862333639303233303330393935326262386561323533343165343631
30303138313262396332613166643731663033663962373165393636316461663936636261303965
66303237616235653134353635393866353132333265396438313764326238633664316266363263
33623731346663366432386534653563383661333430333732336163383430396665303864626239
31656631626363353865316565396539366265313632333133386536363034393739626237356461
37653666383264663336656263323662393630316532316130663732366636316562663938613338
32306230373833623466356330326534613935353964326434343766306237656436336662313434
39313234643134383831326461376563366663616330366431663764623664363032326261396330
32656337613730386363386232343531326137613030616630643833396337376363636266393938
66346631393461316337373563626232366632323564663763376564393561303862333035656132
30663533613963643738353733376664343130363930323338633763376562313734393431636464
36656164336132353532613366346430636533633831643362636666386431363266643631633436
30656536323836383962346461643464343034323632613264363435646130653339366338633935
35306435376632363062333031363736333665636163383565616663616637663836346639383865
63393966316231303336396238343434363265356538356566623533363264363535393738323835
62326261633563346139303536313034356365663934653536343338346335343430623235653666
66633162616663323031323130386639653663306337663631656330363632386161633263646464
39366534393433616263333437373031636164646435313438393161363832646534376564393434
33316133636561663166316130376232316162656461316435353662313565373335303164623435
65653531666366363865626265316439353764363734663336343465653838376434313839373663
62646339613266666464336235333262616533303662333165313763386262396530343333323661
66396261303232393532333165326635346563303938663532616238643465613666656664396434
32323261346661393261616435373064656363373134633230616232303739396333663063633462
66623330656666373932636164656531336633376638663166646566613435666534633565646533
65313930386637626231396166316632303963303331303239313935356262323066623835653139
38363637393961376462653033623238636237323431383833626361326164613039333362336439
36336230343962303938383639656466613537306536303932366335316535613337366530346138
32383236373936303561306166643732353532373732633166616634313262653864323231376431
62626562336130613335616336356461613261636565393935636666613965366661326330663136
31393334383835333731313831366238643633323865643937623861306334393933343166353865
38626566643365623636396364613264656135313730396136343136363630646537356435653365
31306137363637353162316537333563623136623136633464363732666436363230303961333934
34343635626135323834323735646564383638643263306533303631333635326564386130303535
34316261363664613637643538396331373833313231386134633063653338316362393135373035
63363261383731346164666434656635636333333738633661643036333939393036333437623136
63633664346531356537396431663434656635363265376435633033336339633134666463613365
64653339663462656366336237313234623861616462656664643131316165646539373363306237
66333365323134383034623230613738316464306661666239326637633730336233353139336365
36346363363938313336323834333731306538316139663538656535666562333232306130646465
33323766643662613531303437623231396161326336313766343231623563393339653538336335
31363337346666396163323237323330646230653739363235646161373638323432323737373133
31383539303032636663363730643439393436636431313033303764373735643830336537373432
39376662336238356533656334346264363939623166343766366361613631393035633637363030
39346339663461303430613431626662303236306239653339363861323139323064373263653730
61343866353263616139333036313563393065323133393539353631336136303461633536383937
61303563633732646636306161316339646337636565656231636164353330616666336561376563
31356231303334386263353639636364343163373464353563376634393930623832343331393333
61323033386561646535636539653964343733346339653061356435643132313764326131326635
39356666363665383166396239333130626363323661343866613735316432653933313832356434
34666634633865653433333030303863643934333634623039396434393536333837393031633334
32643636656161393632646165343563356261643162613839316565363030336537323430333462
36346536396263323935363562333939613036663739626363336132373936356361623766623465
31383661393133653930396230376432656536393032663233393632623139623338386161393863
65323037633530366239663163653834626436313433646331313730653963393864316164333739
65613334633139346263643963653934656533353535303965313363396664333966353736383839
35303734383765366136353538653762393036633837313631346364363632303435343661656132
35383664656662313438346235623135376532376133623335353364646531303865306437613239
32366665353138376362396664616235616337656135323664313066306236616465333865376139
30363065323333393063383139303861393537373038343238386163333262333034343731613635
62616363353631366531336534333561633732383534656561643033623963643931666235343839
61653833326137643835373262613538363861353238636536336235383330313938373637336563
65396334653265633238613264613565623237643538656662313239313837623962343330623932
63333963353537313562376130356464336434656165633936396663343738373538646666663265
39373565623435663731626166656433623839623165363933653336303137336438653066346261
31316366393637356662373632633137366531636666343937613161303766376436306437323032
61343165633738386633303466643137623636623437313539646565386231313364646335386531
62353636366135353134383331366131376135633962643335396133356335346236363562323834
36336639636363663136616330353531313436623435666564653538646535653561393230643638
38316135366137393637653163353439393764316466663835356130346332336433653731373930
38366334313037626335353661633938653334666230646332643331663232303763346133376239
32386233646362303663306431663265623265313937353236333939656436326138386538303336
62323162333434373166656632326465623266373664306235326265373533663061313366633335
33653238656666613831383337353539633939393861346463366633363933336135396433346563
30663034323332353735363561386232303135353039363862323661363138633766643430383032
66356536343761343130656465653031353363393739623630313833623938383263616238313639
63353539326162663432626537653530653634396361316461326632306336646433373631356164
36633163616639356532306236653135316532306364383235346464646436623430643131656338
64623861646166316138303132316662343331326564383532386561333135346566346233646633
36363132633162646532323262653936663261386135306632666432373135326338306238323436
34336234343032366337383731303735633337656138353262326635623864303162663333656536
33313536656164616439303766393961333934353561353865343963666636646339646332343961
32356238323361313532613736653766383232336663376564633638333834626638356237666439
39363764666461623838353662353166363036343537326434396639633663373163343535333738
33333930316139306162633763323734656438623934383366616436326635376637306365643237
33333034666664376437636134363664383831396336623365663931393234356130383061393031
30356632663162623962626530353932343038643261386130303563633632353736616166396535
36323437373865393333356637643330376130666238656234386261636334393334333636653536
61366666663639663637313366613163613166373136333538323339353862386366313066633330
65646236663736346139343735346666643731616136356333383833636636336666633037356362
30656666613965326436323736613136303962643261393361376335663837646463656332353636
66653631636462353938356533316433363138666139373162613435313161333063376534656161
62366339306233613632333963363837666265613461333166326331326238343638303862633738
31366238356537373261313863633439366139356164336134333837313134653666656535356533
62303861343837323636306666393536303038613266323239626562303664653665666132343536
32363063313463633466303939323562353636323566666566393136393532343734643437306331
64323466666661373863653764396562396666343762373836616136626566356266316239376132
66653761303835366432633461363261646330326466303831656334663737313830303665633963
36333463313163383537313538613634663465343863646231333366323866633563373437636331
30393030366464636131663564333735373364613531616662393739663264313335393266643431
62653832383865623932316665313431613934316234366239636537343732316336303337323835
30633566633966326631373535396235353631396231663966386330643065613733306163306333
61386266313265363135353538386634613661363161623661313930656233386565376331613632
63363232343866656134383733366138383932663832346335656435616665626233303665636436
34623465366464376234313733396165316631633636306365633366656437323439373336646266
33643965643037626632626138643965363264666339313933613164323233313030383666333737
65323031643039633037336336626564653666636466306336626263323266383463336136353730
34633933313931386332633366356166653236656431336330353538376236633334626166366538
66393264383633383430663962383633633038663637373830623964373665343936356235633732
62646566326261303331306238343834303564333265643934313733656265396237346436313932
35313336333766653865353730626466326232336463613764616363626639303532636664336262
62633262336661313436326339633338353137643334323338623831356365653566336531353163
64316136323938653338613665636139396334613166376465653863363637353736613263303538
65376636656633343534633963313234363331343437636632316338393961313961666430653562
33396134616530343830353534633462616633666536643138353762626235656363383766656633
38386633623135333261333565636237623566363166306263313236633835383034656264646236
39333337363462313465313465316663616332333066626664326465343964316530373037623730
64323036303533663337383933393735376565616563336432656634666435323063663833616162
30646439663564333730653034643934376461313136653939373130626663386232353230626664
39623933353162376161363530343932643366653736356165643730643364366537613264646237
64306534336364333461663032396330653232333664303836306336313130353131316263636639
39613265623433316437393733323137393835353432303232383463623566646137353638393035
36303665313764666335316639643061336232623637303937316330333764313534633766373139
61653364343436356232353962363535303235633438326336663962363762353739653236393363
61356332343131316130303535316634656335373664306164393464613038366137356434353763
38303137386162333434383634356434646164656533626438363031393466373762623339376431
63346635393335363435373865613366646166346431613336313564313862373765383066396234
32343633613362373931336432383331333832363832633732326163386437623630346337363337
35393839656634343963663639343931616461663833333030343566336230376664636639636364
36623833333231663062336137356134326132343166613061366566373638393464653764346236
61373833663034313263613133656238343832343364356630656432376566396538613733663863
36306561336663383036306164386635643065393932376437313933356531343165626564323233
65666466343136306637643666383134386639346435393437656165656263366139303039393738
61363036663433323761393464316639663263383138363265616230343536353261656533396366
37383163393735636462313032353239373461393462313736613332386361333861633633393034
36353062383264666635646138646539383830313933393839663261663131653535383338316534
31346135616462613962306135396566613264616133646136376535333061383832663039333837
64613138363362333863616364316531353138376438393133333137613534326133313266386166
34313065613261643732353062626661306366393161613661383866333731343534666135633766
61386136363165333130313135373163343539353262633030653932613134346362633566663831
38373831363261383139396431653034633535323662343233366338366632643663396131623135
35373465343463383935343637353566373637616631363439623233316335363463653833383638
65363337346531366662353566346335373636396632353561613234373830313136346136643330
35353932373237363335373065363730656165646332303830393036303965333365313363626637
66383337653637366663373230306662343764343565636135643532323437346264303235333866
31366231373737326137386435306435636436633730373366363631336634366136366162646663
38653837653931666662363839303139616234626266313761313465363764376236326562303234
66626666303465396331373630326465316630303162653362636433626164656238313230386334
38626263633461393438363036613835373431353839383263323062313063613731323364316364
65633138316161626336346331393431363633306138313335383862653365653238373137373934
37663062643566633961383234323734376166636637623863303238376261613235656239346137
37356637643437643336636531363066623666336639353266626662326666393531656532303430
65383864643339323835613931326235343263613662316664336464653236343163616534623439
32393039376430336236326365633936383731656361623432373165306538343039636366383966
30336266616166323764653830653537613333353534333337663138376463663237363362633932
61633462356566666531343132353039363234336565663839363264313831343336646533333437
33323463373337333837353666386663353962356236646561653864643662356139373266306132
38643435613439316136653334313435656334626138343164323336383766303438613262393965
35616637386566336464326137336130323233376439613964623034343738306435653763333835
66653931393463303862373761663163656239343566373932663366313039343939353431653439
33373865623662383036333064373466313632633866306264666434643433366363336332353538
33396665656131643332316463336334353761663363383933316365373139613838396262366531
34613636663563303833623633656134653333333839366631346535343738613531656130623962
37313532343339336462346163643838356233396235356165326133633165623731303538656366
64373565353663376264633037323338373232633661653837353833633933316639626665646334
39383663336364623235353361616330363733313162666565386137356162326265623462313537
63393663373431313430316262336436346363353464313566363532613530643665653836663033
39653566346432636435623063626539333836613162353833363033343238313866323865646439
32663239643634643561343661616166363231376464323437663734386139613634346162653437
63346135373763636161636333376632396536633237633432643232643136653063356436313363
66313934643565333139333838636462313866386230343831653734633539626634396230356239
31626636636431636139383831633632393734363766346166316338383563363561316338346535
38343231613266633537666331663333373031663066376336666633613762613739386433383534
66333737373365346232646439396131316365326163333634323933333566633434326231333633
32623966373761626562613330323030373438666338663334343865626534313636396331313533
34376638623131653130303064666336643535356161323036303936303837616339613839333831
34343661613261643531303030386365396630313637663165373931613263336534303565303861
35386162626334323266336133393533666339313038633339386631623133366666396364313165
38386535346566643434373334386435336431343834336338323435316336326532373832653566
61633336393734363736633566363635393666663665353931666363373936636561633566623962
30623230633561336565383261366530306631633731656334316139633439323839333637383332
64643366323662343330633665393231633436386264393463303832633362306435353265373934
61626431623932656333383764613864616664393539383538326165316465663866306465333839
65303830336137643439633338393133303535626263383936383766653337333430323961663765
34346462643364323039356161653537393563363266336565656539393533653963303863316433
66313361323933623063633364623562316166366134636537636630353866646537616136623533
65393739393732343165643065613538333763353532663532663264366233613463353937303434
30393438386433646636613033343832653061623431326366386136323930656632333932626466
61326139613235313265616131376531303831396162633461393465633430393033373630376630
62346462363264633338373831623236356537653964343633346136623634343436613431303638
66326662613032643863313932643261313833653932646633343166383838346431633362343033
32366430636661643134393161313363616135643136343930623735326238363563303637626534
61383332393831656366363439386335323436643966643132656537656361373663343166643263
61666465666531306563386562383139383936356663323733316631363365383863626262386136
62343332626333633535393964653737326438383066333139303734373038636264393166386531
66626132613933316162376536306633353464373362303966663330323434666434373031376637
39346266653662333631346563396139343137346630663734393136303332346432356163343036
33663664336665356437363537393461393064313766303134326362333366383933313932343239
62656464343435396532643037333232366535376564373463383637653533343764303963383731
36396333326165396133616132646538363565316635393266636662356131303930373664393066
35646130633166626665356437303664393765633962376438663266356566643165323230373934
36396338333536326562623533353836373063303764633137613638636339643534363966353864
33343361616162393436323939396166386637656164303762333961396430356238343566383261
65336332316336386366303762663864383238613564363239366565613239373763616134316634
61383031333663303438623030393666303036343663353234613334396663326539343532336365
61656334653665313530306265393765343365646262373036336233306539613463353831396265
36366435633865663665313632363533633930653033316533633863633839616366376338316437
64623533616438363764626163653331353862383738326233663866643464336233616661653861
30396363376361306336613762393737366363376138303333373532306131376132333438633066
32373537393237363961343134373539303930363134633865613164646636323135356234323534
39326239386335333163386432613834363563613635383462356562396239333362346561383933
63613561366163313535636334343037303266343931646565396365653761616432613966616663
61373538366139646432376137333235303032396330343533346133326366623938373831366135
63343661376262656136613433323031646330666530323132356332303934633634393135663537
61383165653631636239383839643730633561346564343437666134386330353533666163636635
61303238616566323362353463313065326433343465613561376339396531323231336164616631
38303464663862356433383739313239636335393933343163343432333337643461356235336437
37333033666638613965363934643163373036323362666561343566373764346534633530393166
38623762626530666331653032363063353938633065613334613438333233656135306563666237
39346566626537303038323037643931653164656264663434323831353765316430346331313830
38333635333038376638653663323739396336626163386634363735363461323364303432623831
35313637306363636533326239633332613038373736633564633066366162393230646466313236
32636636623266303465313737316263343061653132393533613163393263656536643135633661
36336266656162346134396537656137363136306365383630643864616233343430323434373061
62663866343764343834326533383134386662333966373536613937396239623633666237636534
62343631663361333031393362623338643237636437333339653434333766356363396639633037
61303765393264303030393135383532393766336661626261366538616539663531396330653964
65373164386639326334343836666532366561346566383666626434303739666538303630363731
37616236313165633537383965303033396633613830326466343662633363343965383836366233
37616162653739623834636664333934643361623834643530396362353337346537666166333061
31396531656635336361633964613963626566623531643064343538343563396565643230653832
61646265353763306132396139366264616133656564303539316137316565366536363561336334
36626663383961326564623962303765623031333736376130323637643863363663633130323063
32393636386162636133363863643335373665613865386266343365376432396631343737643063
38306564366362663731643330313765636230353963666465633839303732666237346661623761
34643764346637336430653362396162623832343364633135666538326138303130636164633664
31353637326266353533633032396332623132613233643966333532613333663861383637323837
66666362393339386435323963613332623031656630393733376233373962663037353437663532
33626139616630386437623164303936663131643764333432376239336632373339643938383931
37386434643665656532373233633135633365613937386230653938373239396336353939613231
65366130643838383262653731636666323236383333386363663832336166653634616363363230
64353933653161633134616666666365313066333633656638303261353561386232653739653133
38626238333961353862333161666565326234666361626236353830353832396262323739396338
34656665383835326636663933333230303336323031613937663962323461386263616163366632
31613261636539353031303334383437313635386533666562613639396436336535313966376461
33316365616433366535333130313334326134376461366239333137333466346439656230663264
62383462363233646166373565346263643161333333643062663134356163373836353234343439
65396265363336643163323337643835663263653938323731313761373535623766303933346231
64333534616131316364616134663936363561336239393331636138356437633235373631353938
66663031633737326238613065663836363764353937313137363664636362363532326366663531
33613135306134333266306464396233313534303339616533646461333339356231393439626132
38623963653566353332663930653266363036366534366635303632616661376631623466353836
38353531373061656636383762303939346638653233636533333737616165316638653739656463
39323432333236623137623637326561626264663932366532346461636266643231663637633231
37656133396665353134343734323266643530333161616362396336373833366237303761653339
38663135666238363663646565363231366631383737663864353763376338316431346636343935
38326137313265316666343036396438363738393430303430663437383234396465306135636534
65316336346330336431313030613062333366623763643637643433626362343532303533336437
65663838373462323265393834663134633562626363376534393034656435343932373732623062
61616436336539346238623466373065626463313230303663353565313463343765383936316663
61393966383733643031306261343365386632353065616166393735613863353235643562333534
32623939313230313532376334633037373736303439373566343866383534336636346566613638
37613166363466366465636131353436393964323364313938653466323264343834663433623539
61313038613864396132343564613064636532353063393631356531663762626531373432353464
32313439636537653364386234666233316435333561623136373161323662323832636533376564
63643138393339373464626235353462346164393131643066386561376338376637336631353339
30333064396666383633643234613431633537613937336239623633336239363434316265643538
36636464616134393331323162646531666463623664393762333830343038346630363633613337
30376531386333343230316535386665373363616164396438396566623333626337626665633237
63646561376561663139373363626337366266323734366439356638303063656261316264343363
62613962373166313738363433373439366266393231636631376636346238333936663031353264
32346433343333303037333332396136323966643564396563613933303964366133353861303237
61396166326263653130323433663930636464363437656336363239353931363737333535396436
66373134393662633336333464386263666339666538363639396536623638633261663934653039
63626664363166343239353232396265336664373439623935646363356565333638303034303730
37313431643464626262353635363934636439633636383666613262663463336238653361353266
36393763336534366539653961306261653262653431653539653130373438663763316265616565
30383262366438366136663766313666326262363031656531393266623831303865383462366466
37336261343163316433666631666431326537323666663763386265663866333130636561313561
63616461666136616532613836613562376536363935383435396663326238353830383430373833
38326564643838666430626439653665623630616431656337366561373766333166303937636361
34343531316234643238303665343166373462353039343063653565623562656264353035396536
36356330346533356239316264653964666465353339626134396636336231613234343864636437
35326633303034663263653738663064376333396137666636633737353034636237626162643434
33633030376638373732396634376466323262393236356264663338666339363864666565383261
66393165363061336530626336666265353763373338643835616632373430643166616261626465
32343936656531333636373065353461326365326131356131613732626666656364613464356461
37376531346139376533383930336633386363643933636166383033323034303361313133613831
36393937343065613263323234306232373466316166323963333330633062373434356331653439
39386430316562663664316566363166366433393736333535353438656232303465333636333664
61346635346432323031613036353662643939616334653332623736316139313064666338366564
61616531343864316431333231643161346434613263336237353830653138616635333761666332
65353738663165373537326532646135646135333232386336636134373330343763323939643834
31363931323762353430623265613762373339313763336435663866333735666332303666363361
39306336306333376337643261323035346238316437643261343335626361666439343333363166
32366265333238653864343535626538333666303234646362353664646136343537646539363332
31383332633865376162643939646666333938316234363233396432326164633765343962666338
32383363646639313337333832643235376565623835653639646637646663363865393135333533
39336336663261356539643435376266393831616330653339356138363335336637363364343561
39633130623564343639646338316638306339383733393532356364383434643032363535393361
36663866643536373732616432326662316636643035333935623833663634323764663035373966
62313335376164356531613234623731366634303663616539666435336133303834303631353535
63343663626330646633386165386136366330386339343636636561633236333062346661633964
38623461366663333533303238663930653066656137313461666263646334333433356437623634
31383435643561396130356363313535346234336461323866663636613364653739386663363136
30666239353330383962633137653137353531643965326533343539366466636234626666626266
64303133316561303864616462383063373034363762343137343839663261663338663439623939
61363434353562383764343332643262616530323938633833656435386563376631353831316662
66303334633236646462336331353230623661396130656530363830326133633532626430643839
33653835626466646633393335666532343738356139393466393231313230376437383363643664
66356236386337373361333135336334313031356334643034303730623135383136323732643736
65386666353264333661656331666636303030383236326630363161663562303339666335343433
32623862343130373237626136326438613334343339623637336338663336633835316133646131
63323432626464396562333362373165386634633866343465653336663365666236636661393632
31373363306334653030303835353566366161616665303734366635663630653037366235363665
33323464363035626335643133353634346532613138353261343536656633633562366462353864
38346436626330613533336630303638663064623663643866303463663962376666323664636666
64393263373661643232626661636539363039613630396462373735613863313432323132626334
30616133653966613235653831363638343039623462616237336530613064303035336561313438
63343739646363363837653337366435303537326165306533356266613761653661333637323762
31646663303033356266356565353436646339373435323263303334373939356535383864653161
32643338396265616164366330646563336134323265366465646338666163343464393762383532
35346262623534356335653036376139326133393164376566336634363530303933386339353330
38623063343565336335636465383832353765333766666632646161626532316266313663666235
66633836306466616334613533333037356461396663633263386437376662373865353336323863
66376466666666636263613431613966383031613061383465656561346464656361343730616461
62393861633534366366613661313738643631386263393835336238663632346133373966653965
65613238666330653738623134346538353465666163333766623865373364396163663732326433
66613861383461346632326533336566333966633366333531356365316666326637613365386431
35343562333431306536383638633130653464616130613232386334623136613364326134626332
39623334326134363931303631663638363463623036383936343332306537343034636533663263
62393265373939646662653831376634393863373564313961623138656362616132343032636636
31616432643663393064316630663533643533666230663734323930356436316264303366613433
33633461316166333366633864633039663330656634623064323634633438326565383631366236
61633839643663313835333436343131613563356434613463303634636239376563343239656539
35626566613462646266663561633132393035383935666461636631623731316535663833326138
63333366373833313564336162303761653935383061363161663035343130336639623938333437
66383032623330623939323363663032656132643463613930653732353632356162633935343263
61373333366237343333656364376462633731363431663261316338323233366636623538363238
39303737316439306139363736636633313563653035336165663435353333396333363537646331
39366432303362323964376630333338623733666530363730653934356334643164356561383130
61303064663530373262636535376664343763616465643539613465613630613431393666643761
37393865306133396330636666663864383861633835366565373532313639346637643839323038
35383433383631353839343231663935363138326337353563393733313862623937366139313161
32326230393234393763313462363634336535653335626133633137363239616665343163376635
63353065373436376637653633616130323136633036343731623630333833303439346330326235
61633335383562323630363134663635653666316161656432366534616135396164333935336634
39393133616139643635356162653733623361333735616630623837666366616564336537376431
64393934306436613331613666663538323330646634353039363263383666313533373663323565
66393837306435306361666264383034626237383562386338633539373132663639656461633334
64646535666536613761643839653335363263663030326134636139353565663666663862333762
66383764653366303730623337313430323465326261643331323833343733313830333131663131
34393564653266353234663437383135323365396338303965366533333962626534356362366263
63373436356230306231333338663037343132306536323436313734383431303134653363666334
62396630383635316239306536306537323633636361343135653238323930333635623838343966
39326534366561383137643430666633326332316562313631623265643161663065663838623535
61643636356530386364623066653333346438653962646638626430646531343066633463356536
36313263303636663737323738346636633734393164613837393936336164643931326565656339
34353635303934613133353066383739323634313862386530633837656461656362636463306463
38313637653235323563333932383137633335333033643864303362353736653339306335363463
31366438313565613565653864626566613135353265313831313031313936366262303131386464
64393763653539343333366536616235396362386534646365396637393637336534346338643038
62336564633530356132356265383132626238306464633764643736376536343331366364393365
61633737386264626138366331386562386131653734363834363765666334356365316332396262
65383664623530633636373435373534393037646433653838666130336138656330656338653531
39343136333035313238386362643834343634393033323030353538393566373736303731666335
31313731316237653030343562616161326237653733383437643161346435646530363237653864
32326436363965363034626530353462343666363465343139636136306165323034656165306636
62663537306661343937326231333261303037323765323934666135343333376566656334313038
37643062393939636138626339653934383864386262623536333835373035663834636161333334
34633138653663623762383561356137393333313964376236626632623063343736376365636132
37353265383931323863613139306566373339386364346135383438323337663930356563363332
37616562303933653130633334353064323931386164633864366563373564386661666434386431
61343163646337343963326632313734643433383262393134366139616265666137333535386133
39636461613065306165396339643938303165343336316364623939663361333830333033366564
66313138346663653962653966393264353563353733336564323930376233363134613632343336
61616466626562363565633938323762393866353030383837303830366230363133613439653035
36666336653237356130626534396436343733316336333436386135656136393238383334623738
38313861353430323635323563633236396436326637663038613862656261396438643435343137
35326236376365623633316536376263383937346438333763373162393837393466316336656338
36653733303635316232323631366535653430643462626165313830626466613834663561393062
63666365323936343236383662353033636666386134653434633631323939306132316432396162
35336335666266303266323233383062643461356266336262643861373139623836373836653137
62326137386263353833303032656333313765363130643031643732363965613766376239663039
34613435313865326665613166643539633734373637633361646431393663313731343566343766
66303637396137323831633864303066363838376634626437653030343234323636393961353866
64653239363763323330356239356563383838336262333937303136626135393031616363303037
32666634363338666566653936373862333030336232633361633032346566316237383734663362
66396530313332653332613036613665663533343833386633343732616235373930623537623235
62373530306337343031666164363565313164336434333232343864396631356364353038303539
65343930396138613066383562653138653336623839623831363236343131313032396531613337
61373639663664343961353438356430643337393064373733616461613861373931383439313963
64626433356363383539353761353032303161353830303937613433336430303363643461333836
63386636653261643139386630313663376162393836396531333038396231613062313230313538
63303537356230323036613533326163646566316563356339323866633937393338656136313732
64333662343730663761336337643138356162316433663632396535383432653836653639653031
36353139373731343637373936376236653431313037626666616238353461663038313730323564
61383835353831333062396234363566646434373562653033323331346639343462356665353237
65346531386234623438333231663238363439643035636161666133323530383761313462363064
63353437636336373361303436383239646537656538376238383461643735343163653930633166
62316335396432363863313238383464393337663962366537333538616330663038623630393435
33333166366331343664366633626639343536653235646237306239623161383963613032666664
63303662373064663266343935666331633833373062613666336230643130346630613336666130
39356662663035313636346264323833393863366362313563643465363234373133623830393437
66383765616435623161633062306466363765333465636261333164633763333839313962346536
63616464646364623131316431323032643233336237653332613834393637356562333666623833
35633630646230666631666164366464316561656336653332336231613833313631646336343065
34386164663036633662306661313136646266366331306630636633333032393535643363366665
36613164333037643665363562303531386362303766633834623764346437346435393432373735
63396438376165336438373763623033653837303531383566633331383334653136653164616565
38343431363763633165303732306366633665666538393435356537346638623738613838396166
65333761626234393966663431616431353036383534306166323563383163666666616639326561
35633038633361346334346261626137366435363666633963636135396339363537313539376363
35653263313933623163346464333239393862343634613531353931623038633239626639393634
32396266363166333761616431356131396562643739346235663962613037333564383664326438
34373731373063333933343732383666303066623262323764333165393336323932653636316630
65373934666566383936343733336566393737653839656533666164363132306562336463353466
36353363653131616231633635363665343636633233313730643962313666613138633130316465
36393965646131623864303235626233306463326361366134626439633836313539613666393230
38643735653435396461333937386437333738396639386539653861613837353334363831393530
64643664386531653562356637656164346565663265366466373039383235346538323837343664
33303864643535383563363631373633646534653065643831306562363035356361383930613863
61646464396233396166373735323431363566373764643835633039363836353333613232653362
66656361383833323964333065666530393432366439316437633830393435396638646534616437
61616464386631363263616431353837643737386130643835396662373030633332613061383361
36383665356165396563663264666266393331363439646531363433626331306331333738396532
61646466623166633838333338313436636562303934653064636665643030623833633863636633
32626161393432386234313834623337656630306362633166353865366364326331353931363436
36363639386234663563373064353461666663373738333863336437383732336335343234383266
32663733383264306664343438363562333335623266333232363864656435323936613534386330
66633136316232666531336438653832666130643037316135663033393364383837343963393031
39616233343461326239653661396434366463393635623439323839663031613333613762646562
31386637646233653634306364393933663832336366356535336635316261346435616232633361
61393264616630333633303462323965386535353434653464316230336337323761343439363633
33323935346264366538653236363562336261353161303533343836396261313539626164333237
36306266653635633263356138343534626465626239633061306235336435633031613865653736
34613565343735346466623639653238336162303865626137653532366462643564343531353763
34316635646530353861346235633934636233616632383366636239373736623835346338653238
36363564616633383164366362303732313263636332306430306362616330353365353838323463
38386464663964396166383330623633633862363235356330376563636539623266373831613039
39323835316633643136653130353466653864396238643161643336363136386638633535333665
61316336663231303430373064323266333862386231323339613263396562373965656139643962
65343334663939613366356665366639646638396531363530393930376634336564383236313933
65643539383966356263656430623362626436326561656363383234393431363164303039343661
61643538613162323830356661393437346562623537653366376661336631653338393865666532
39323236653236633530353130386361663262613136326236653137323863363537616262376466
66303132376661373163343661376661303565363664633064663439306139323731333134656536
32633435323233366263333035333465656464623433383530653666616662396538333538626262
35643630376338396332666534656436656536636633316234373665393934393532643066636264
36626333353462613231316630633835653336653539653762376335353163396466656632353736
38616536366338653338616238663964343962316562643763303663313936383032396630356438
33643565616563313261373037343261663237343133393530626136333365353765336236313438
36613565393832323739386335313131613764633466386162666539646534363265323939326434
37326336626233326534626538613966633763373465326565373237373135613633323163323136
36663761313437393033383931393232396237663135346630366134343034666139373366666535
31333661643564393634333937616638613339626430323461366537353230356466363063313133
64363937613264313934666532346261326265303039373135383131643365616630356135316631
31666661633838386664383534633765383435366536616465323663353163656566333139313134
38623039353862326137623731613831656463623064316234303938316263373963396537613132
61333830656436383133643831316331633165626233336331353230396534346234613364626332
61333331373563616136313066396239633439313133643230373735353230396132356134376538
31326634346265376537303165653237643738643331626266383732336638346235363836613636
34333966653938643964646138356433386266656439663434643038393133316638623066366534
62303935333462396235353864373865396430643966333039633237663939383564313366326137
39616366613830383130396137653364623437336265666462623938613231343039323461393034
37346363623661303731616265386139303462663066373532306331313565366132343332363666
35383830633066616637316235656534666337306262623063336261616666356539356464363166
35666535626438363932356332343634393966613535336562376139643834383164323430393866
63633638653934383134343432663834333338316661326536353830346366303438663061353935
33343234666465666231356265363831613938386332393762316561613430386264386263626365
32373562393530613463633234333663343635616565306230643330306564373639643134363762
30666265343665313865336465613963646536633565316438316134396266626439343832613939
62303730653663363965333231323635373636343764663836613062346637383535613238656666
62336537346561353334653935386131333966636264343765633230376232306137343365323639
39656230313961326333306433353663616661616165333539313834313539623639333134653562
37366265303066303466363465353036653033656362346139656361366134396430393830393363
37643863396139303734383932326434303437646237363237383130643063373534316265333331
36643431323061633361666534643365303766326138313335626634386538633363363836333263
33346563343835613865313839346563623231303637626435356631336331666263396661646565
61656364646533386261323536643963333735353935623431313939333364343062653536313333
33326138386461326537663538646261346133623435393061383565333138303736333032646530
64653038353133383736353865383832613130613934313065393162353865353762663663393635
34346132336362653936653334616239383334346163373638666632373838326261663461356263
31633062636535653732303936383437643438636239316239616261323635383039663061326433
63353861396464636135356465356136633337313366356438306230373034626531653934636566
61653032383731613134336232356633646531623336346432363363333734376364383337323261
30633139636334326130613662323939336661346232356165336132306138616437323865336433
30386463366461613332303634643531646365333862643066663162326466393961333238333839
64656137383332343836663334323431366339376365313861623832623761306231313131323333
35346339663435633738343832363030336239613339663666613564363762643961643931626638
64376230616663613931326437343561343739633536656638373665336666343263316133616566
63653536313432646537666433373036623632373663623638303639326539386432643164366630
62323835656461383332616137373332396633323363363536336235316535303431616235326535
61343037336236363266313239323538366366633865313738333337626530326266323039356262
35383264633336633633363162626533313832663033633065313464373430316633396461626134
62663737656231653139616531646538333565636330386661306465366466303835376432646534
32643838313736376266656366326364313438623064663631353838333936316163383638656237
37376639303931316335383962613962323037646464633031346537636432626237306635313536
39656463646538646437623337613337396363653662363337333432356661653663386635353664
39653237303630613366303866396439616234623166633137323238303663646437616161353638
61343663663232373831313635326261376237613865366533306338623766306139306163313134
64643363623762353334363130633364613530353337346334366265373232316430663161306461
30383532366535376231396461323834386266386534653463353565626538653837623430626433
63623231623166303939643230333636383632383237303731353665383737633638613539633833
38316431386430313661663933343731303261643761356334613933316135626532383561316338
38366635343633306461643564623664313165346439336362373032623932653363383238313138
65663239336366633163333337656133643264353737316165396164373934343965633534653764
64373863313766386264323030626162303339636439653664363030326162316434346333363566
32633530303563333131333238353734333136306665373561363434346533353232666166633262
32653831656131666637373533643362333936383233623032363937663166656532343531353338
61616430346564343665343035373531663538366636633235613137373564343439333430383338
63626563303332623430313063363033653534663563396130303336343064343931323164383533
33303831343735313162306464616564373736663933656135376238666236643831656632323437
32656533616330373661333937623437376362376639353338373039663566346461613033323031
35633139326634303566323335353262333064666566623263316335373266663961343438313863
32666365633661643962633533636361383333616364333436633165336261663135646565343638
30643036363365356263353230653032656136366636316533323763666662663336343563653061
32633632303630373935623965626131313362356532613966653564636366616632306536333934
39383761643762366233356633623666383534346536616239636630373338346133633561373164
62303032363234633435633231386432663736643932323331663133363631336133313437396434
37353266643562623539303239383531666436303266663665333136386230653736346438323536
32303262633935663230623365633761326535643730633263646632626535363164323063343833
38636262326239663237366163363938643439663037633739613239653466326137333064343230
62366630326362336532653739373862393263303339316230386436323065653336356464386263
66643835306636383731333765303839626537656431336534343537666533393734663061653832
61663738346366366331636132623434386666666534626263653035373438666335666565353538
31616231373235366431316466646431623461376666383935313435653863613834393163323661
64336432613437303137386530363836643161336261353533356230386662393833666130333864
64386337636231303931623261656564373263306232363832616264313037323439616230303033
61623938343932616232316430336533666534363564323030623563653838363866336238643734
30356263363332616463633737363461663138376438653661616531666466666334373865363165
63343632303539323939373833363238323533616638343036313334303163326331383065343264
31336466643336396531346262643266366436383764633034323834396231663566623830666161
30343937393363663361363339383537326435306266643465313830333364653666313638366666
62636566366537393434626464633163643530363930626231313032316163643062626365373135
63363135306364373635343336663333386438376137643462306563303032666562373563333264
34663138343936313734373461353139303031666430373739366236616538376139616663323134
62336330626564353764623561303966373134653936393731383663373935313939333162343862
31353965366331616134613232303136643036323033373438613834383363336638396662303533
35336133396336633039393966623634376437623261303761346664386435303131333136326632
35346162383937366133346533366436333439636435373532656466656661363036326332306265
30663663633333306464626533613732333939623132353063613332373233613735316235323936
37623939616435663133323934346266396238313663633630346430333236373163633163383961
36376362376365653562363739646332623565646665303232386639333861653339383664616566
37626461346564386238616637303164343863313631363839353066343031313566346363326237
33333536323630626535303638646439376136386438303434313836643263373265393537386133
35393666366635616538356636613634623339656361336438626237623331636538376430633135
33383530353935313238356162383037366562343636656332646432623166643635643265623131
30346261643566343963646139376533353635656464353436313835383362363334623436666535
30666266386161663565663263366138613361663335343232333262633933353164303065346536
62613731623430626337353831343938363935353730386338373264343032323731396362343533
32336161356137633836363763313339326537316532656364363035666562313935353065663836
62633263653838306432363234653862356133333333333865346662383431313262613133333166
66316438616236326661383138666237336466343665333632363261396261646263663731363830
38393934376666656536653164313530313336646335636431663065366163666563613539326435
39396237626633323139386530626137633562366132626664623038653462356134313931366166
30616638643562626634663034353966323434303238376466623432363463393437393934636462
66646166396465393137353531386139386339613663653035633666653234613133343666623930
38656337656561396434393365313662363363636362323966653166383930613632636534333237
62633465346532383163663137376135316161393163336231366566316335346664343462383861
61326634636634613732656430343335323965616233333366323663656432386130353633343264
30613764356631373463656430303239666637333862633964373063326335623761316438326163
63393639323363306364386566626231393333333666316463643361623861313230643561333538
39363163306364373666303965333337333334373531653939363232626537636133633632393236
63633937303237313761316464313033386539316338326536323662316434376264386566363730
34346566643362353835386531623362393462353834356632316130623765626232383835663337
37303563326233323161323464393434356539383639613038613732313431336561326532363034
64663333396630333839353365383937366266636537356339393066313764356566326664363431
30613038383931356532663934616232623362653633646530636362613933633930323032313764
66396335356636326137666264646536643462613535373237346333396437346438376462393664
30326539326331643335373962336165386264356462333134663231643763373762643639393664
34326433396231646136623363386136643337363365316365623362353734393334336639353362
62643731663966393833333136396635656161636162386334373035613362363164353836666365
62626437343735353831393836646631313262633031353061643161376334643364336131303135
63383434336537306564333730626362383631393235643834663034303235656161636434313837
33633530666534653737363839323233316464643566343837623239336566366530383135326131
32353234336339663935353330376330376365386463333732396537643738663935303262623438
35343035306366613264613335343730373665626162666562363036306436346232396561656639
38626234323232306236333831396536393565623433353666353430626535626133663838643436
63323465666336396434623465386662346361316166323861313530353637373661326562663839
37636331303839323366363332643231626438303838383434303462633566383539373836343935
34336235386637343235643164376465333463383038353530633438393633656362383335653531
64623231303237373131646136313464633932343930303164383034626633633065386239633165
32616437663061636530656530366538626262623838623965633631366434333133323933353930
38366534666365646562333635366630643133643061356561386563626163653032343933323466
34376539623962356232383939363632616134393066396633626632363737613239613232323063
63333365383033383938353835393839633165653431626439353430616264363331303135383663
62616562363138313264323137653032303237666461346338666364636337663630383064373565
32373566323539346462333138626465656163386132326631343461346333636534653239643236
62633239313964303463356164613264376332613630633936656235353630323336333937373131
38383432316232356539313835656335633735366233303831343061666166396164616538616435
65376331306166326530383566613863383365653730366534373632393462666537313464363263
66316333386264396362376234383836366333316136356663376234396264373239643532373238
62653933333431613736373136633038353666653261633638363639363262396637333439366565
31613463663263373936373538313133326161323038323938353833616166373130306266393435
63306631343030313331306139643436666362396233663634333731353836333761613439383566
31346335393034623665336632653666303334336366363661386563343666626363623361633463
37383662643162643261633133306533623134623836366162363932323433333066303531366639
39333663393961336565376638303832323332346365313864333535326536323531613731353433
61353861653563666661313965656434373535303339363034653863393066316238396563376337
33306633646230623362376464346464343536353366386165363737303233363166393364383861
39326666616661353231313962326561663437356566613937343837316430336231363964323664
62646462626665343133313332323965383661363937386335366261613038616466663732303435
35356461303736616630376334373230396461336239333264616262323232353862333564653232
30356538323030653066623361616439346561323836646338326363663431643238653765363461
35386635373561383438363363363865643832363761373761313536663530666239383230383336
30393335323036626461353131383762623533306537326262306665643436393164336337396337
66326235626161383033636264303432336535383064313434306630336331396434646566646430
63616339343663633536363938616235346339663737643437316161316239316639383865386130
33633165646436353934303533613761386437353566303631333531303262373139643063613934
39396335613934343363653133373432313437306362363732633833653264326337356431303131
32623933386330316139333663316565393261353032393961643464313261396637366634653531
32633538353735393930323532316335343838363162653134313262353533653633346134643635
62653330663533383033663866653238313731343332366238323338346635363834313830643231
37353935643266646164313165303965383731653637336631336539643235303331613737386136
63393633396637613464346535333136373733626562376566633431313665646561396332336261
65653938653839326530323130316362626161666262313961313235326263356631636266303133
32336533353437353030616630663164366562303862383565356464313361326561653462356230
65363237333262303636613933663133386238663435373232353539383633616239366337323633
65313666643166303763656361376637356634373930393539313231306530313764356630616133
34316366633835356530356561363061336162303635326133353065646437663564636631316466
35303861623866333236633066303636643838376462623363313562306335316133616465663932
30333566386163373361623934613134313066626261373365643863376535373937653261353738
62303864383066333937356631656530343330393361343233343533646365643335396535316238
39343464363338643364323835633962386238613532363066643736646663363063313033623465
30343235623239623131383133663137363731636365663433316431303963333831363036636664
38356266646266323130636435373162316236646164386137623962623130316237326635626330
65633035326331393631333239663365346138623733376265363639393638313439613434613131
30306337343765646231303430336432366562326664626330383361613462646239313863646362
63653538363933313639363230313338303662306266326633656438653434306633666363383365
39306165643637663963306630613432366230303936646430663037633233373236656266346363
38316630393331616662313232353430346263636538356566393432333534633733343738323439
38346630333039633632323532653038333366373366663165323232343662366230643964643661
61643938616139653162383232613963356437663663373264333932643263303134386132393834
62623930333234376131363962376364613734653536336632386261633637666330633662393261
61613633316132386537303262626362616636346365646563623330383964366532373561646361
39366239633665623763636662656536396631313264333766323565376636643537346435663932
37313531343632396338646630383264313638376239633864656662663831656566616537393833
30663161623233663137373034643336313431363361356464633362353336333432373137616166
65323731356232656338323438333864366432386564643066636535353238336630663763613535
66623861616234666366393531626465623839623032383830613962366264623434323237616330
32306331323339363166666332326232313063313737386437653239633966373837383835613838
61656338313236613266646662633038303965323539613435303331366336316335376661626262
62646633623966323333656339303931343634643437326630646634323562373739373633633565
32356363613133373262336438306239363136326333356631306330336434306532353936643365
36663230393232666463356234356661373135363563303437366366643530393265653737643931
34633532613863346263316465633032313535303064333034643633616231316534373937393466
32313664363733316637663439383662316663343966376437303730396464343461333937663235
64333236333564313265376131303438336464653330333538633433626138326633396138643330
32373636656562383834663035373036646131356230643632653337663031643665356630356566
62663434306639623334346135383765326162386430633434633861313761386563656338393866
36636332386662336631333836653963373937633338646132316132366463613461333738363464
37633637663530336338663266326437326366336130646361353937363335386638623363626265
32346233633362363865626239346435346463343561396462323637343836396539626362336232
36373864323861343464623966316563383132663936613139313537333461386238366437323034
61353935326638653466653933376337353135366634343061306232393035306563636630626363
63383064333031366463353131663236333131656339653666353733643632303434313265343237
66386239353565373237653032616364346432396465336434353464303061303365646539613135
38383133343436653232646338623235303535353631386464663034663839653639633463333366
65376437653964633531643439663938666131386430333732323964656162343761313439643234
32306335366263303233346636663162323936656463666261373731366334326135383536393561
65643639323966643863643464366132383335353166386334633365303335373964373138663431
32656338333138363061323036333431646431653432303631626336613334356538333338613538
33613861333632653563633561333465363032643830616564343038356135356336393361326530
65303733623534653933373265313037646233666334633031643632336432353230366332623030
64336236356266323732366139323636373265376665633164353238343464386166336561653934
30373362616334613463306639663332366533363561663161653463356339653634333466313466
38633233393132303532343865636431376630336230656538653938383035333736343938313238
35333730356238363063663731643863366131383561366533393330313562326363313465313733
30663331643032386530313166633132643363376431636364303437616133663634643031326666
61383066363237393732383565363866383564306533316636373064323636663733313234326530
65333766643936653763666139333539383662386134623232383161343462353433393961636539
66383735376336623635313161326338613062663735623131313261356335633335666238353431
33613737376236643863356332343564336233353864343763663863663065626431623737393535
62313336343430373638653661663834393836356431343434313563393837303336323063326336
34346134376261333965333264623439326539663739643133396333333233653338323631376366
35646562613533613331366164613635353837326531303835353962373437393266313161306236
33323566633436323330356463633232633139316430643234336163373763363536316266653165
30383164333063363036383433323934663961626632376361613536343136353565376436366366
30326131333932636238373930663136336164383933356338613962386462616533613331333961
35343137366365326636303232623435653463336165623631333333333461303936383664363837
65313830666539303831326461663532313565313761646437363165396231336262616466643037
34333936356461316365653466393765353633633734663134323534303132323662363535666465
38323832343764353938653664366664383165356535313565316232333136333765303632373237
36646330363137346439313337326530323331373334623134643634633062666363626163306563
39643633356164663139383636303430626133633338303766353362386338646631353536326437
62353733646337376265346462393762303466306439613063373461336265663831363238343963
64303133373637653061306231363564353137353966646636313730366165393936396337383735
62346238353465333261666266366330623361643434323964666662393866313965366465323761
61663931643461373463383633306331363034626361656462306239666161343132356530393565
30336363346464313239373837316636636563356162636434373930633833303862666166343436
61326566323163666165383266316436653033313636396165626362363833333934383237373365
38323562366335313538363630633665303536653762303331643838356264346264356666396232
37643232326133663961363366303362653636393839383233396436376164313231356565643563
62643436313362363635636234366131353531636339353635613437376131363232303239313539
62336234306131613634616565303363616361396563313762376331653265343534323434353639
35633539383136643732383837613165626462303865626339646539376233373034323832636536
66393563646236396264643739343034353033653331623238336362626364303832346430303266
61643633373830303261336438613964323331666235386533333561306134346235306666376539
30383235646262333334373930306363313063353562663263356332353737383561343535653534
61343566326137333264333365366566633161623231316334313730356439386430383935663139
35333837636262656339326266336634383763633165373166336134346535383738353931353464
63336563396234343430633861376431373134663934613261663864626139643863646135383561
38613836356365633361633439333839643435623731646337346264623235366264323866636538
31303062613331633237383732333332633938336238633635326330353861366530326139663431
36383334643833323737333432366466653739636366306639316165653531346366303137356239
39643061613265393434313962666237313461666634643133336532383132303433316238353937
34366564666462653235393366613539386163326334366665663862303165353034306165383365
39653633653232643561663130373837343962383431393630643037386130653737623664356438
37613631333631383765663462633961353432383164613066306238336635363233653235616262
30633461393930323435386339393431656330633761336165643865353762353539653266343666
31373963633665636130386336373762336263313365333938346333666332336134393531633133
30363464373366646563613963313735306532333430646233633363623266623837356161393038
66363937306663613366343964666565623330636265333131353464666361663331623931393737
35613231613036303031663533383863353033666433356434353930636361386664643839623766
39346334343632656335393732663265313233303262623961343134373364303863343239326431
36646233633065393937303734333338363565323030373661336563306232313562333662616535
33393236383561323361663231313131333562623937373164613664633961623338613839393863
63346338653733316331623635373036393637323536663166653339383937346439306430373962
31623033316438306466323530353538633764373238393539663836623234396635323433396464
31353534383832303563323238633732613136613734383334663364393862353733393966623465
32313033323064396262323765323062393030396563323639633538613539393833613565303032
38366138346230373231326465616137323965636533653461396663663235396635323032643431
38366261333166363234343466386338633764373638653130663762393331353333393830656230
38616134346335663730393534646665333537633030396239353536356639396365383165623230
33613535623135396366613239336262633239663766623064633832383837356363323233333830
64616635363539666463373133383834613533343838386463626664383461663135363233313632
65643437656132653031633538633336666435333966336431393666636535376366393133643331
33366666663231306635326538356465663166643234623839653063633939373835373461326463
32366337666336336631353839666331653632643230373864386538613637623737313464396264
66393736373161636635373566323036386334653362333763386364346539656638303463663936
31643038336432336337333734303037356536633630626435303337376435643535636432346535
34326134313131363435393835363434633334396537623432303134393030653934396661373939
37323931636364633665626637393163313631323765376133623161653933323338393565386165
30663336373439313266643362633263613364666438353664323461323032373935326633336561
66366131626636393936373037313965656439363966653931383965643761376431303632353066
37653563663862663262336637373661306132363062346435623534373665303566333663373362
30343263613762653931316362353564633332326266353133363034653335303134666438393131
36333266313963633435393666306533613236383034363330623230326264636137376662306530
62636137366562363836333266376235376339346130343263313661303766626132326364636166
66373435353830636263366537373135306539376133313464303936333735363933663962623065
37373933613265373364653863373364353836633037656335333963306234336432636438326362
36656466393935646662653838313439343433303036633265323935623638393932363236343565
32366131366638383663376332643339306632643537613137636237336539656164396331633965
35616435393330663738346131363933396437373336326539306633353835393037323537613739
63373164313832653439363532636531313462303239643330343161363836626435393239303338
64623765353838333031383936653338636131373163373764636332643830386264636539336132
65356635653364386631363633336162646537633863643731656135346431656364656462336333
38623238366233376339396465656536303530613839316234383938313937643139386363336161
31356162323636386434636334363936623139643733303264353763643265663638313031323636
63313962316335656532303938626164363163326134353835656333393266633234346665313234
63393230356563393662353439343132393232356664613839316639336665666262646438616462
30353030363733323562653866306564636430623763356532353831323463386334653164386231
37306662353461623065326564646331656236353162633365346332663665626239323065323362
63363664643736613631633534326134333532616362626239333366363366393064363665333964
32373363303734333733626236393339343231383935336635663331326437323434663164316666
65623561383063623862323730643264383938376436636363356461643039646161653330633130
31333138353835613733393834353631323736396366346564396531306139613439313036336537
64393061373961643437656435366461333331613131336132373036306336616664386634656163
36303436663564663038383065363630353731353962663937613335646232613938393461363936
32346535356235626163373735663233663533626363373439323665383062326164326565353332
64363338386637313936343637663132343766636635343236383035393037306136366133616235
31366362323962316363646433313337333564393333326232643865613938336463333738316266
61373466366462333039633163386237333332663238313266363666636264363062386237316164
63343033613831643135646161343332643636623530396339386539363539643334306136306339
64326331343931363433366239633535613565303466366165306164373330616434356236393932
34353238616166363030373731396231356266653065626366346630313232306637643237396161
62633933613432333966396532643838336266383538663962383138636564616630346463373030
65666566666162643766666631316434633836306434623165346138303337313838636339336363
33646139353966306234666631363463363561343135306133323733373035313165663964616261
32343530666131653933303464333538653532656532386666343764643736386431613131363131
38333664323962333432663139396431333764663131353965313230346235323965383561646238
31656164373435356362373731383062373834373437356432626235326431626366323066623438
62373432623735343537396134333031626163666639353866383164616135643661303764373231
63336132643733373932303331653130316465336562626265623461613066626164633666343032
61323964396530626666663965313836646639393737646239383330663763363732376236366165
63636531633035343064343562356466373664363239633233366239353433333466616162303233
36313333663330656635313764396562356530336664353064346466303962356663376335353130
31643338353463356565616166393039363462306465643334633936303635643330623966336537
65373834346535613131373261386435343330343833303236396530633464386434643962653966
32616538653231656533613964333830333938393933393339653163303961353931383438343937
36386534336365356265623034346163346335616266323034643434306634336363393463306162
61623864646362333737653334346539393636633739613632663137663632643439366662643530
30633936646465356336653534633265376563613236663634616131376334633634373734663266
32383335343365313236376632356232386230613031366162626639346333626265316365656333
36656463613233633861623237343136323733323735633039333932636638343361306531626263
63346138323835373333386430363233306566613531396338373936356262636266353435306236
39356363336566353336323639343166373036386539393065623834313436363439343063363865
63646461376139633862353431353637316439653630633363363031353630643432636462373964
63616434306561373961353462613732396535396436393966333737356333666461626562656262
61613839393366363539383763623066643934653834346361653962333733623232643363336263
62393166306563633432323134303339323130346534346461353234616565343339303963646636
62366438633765653437306431373864326437383733363962313231666366393636663961353339
37643238333738643662316430346366633565396330663835383565336662633065646363663235
38393764303134396230663165336437613139653066366463656366343061303236346464656431
62626365653330353865326230366233393733383037636365346435363562666630343766316364
36323063623439316364633535323732383066343963326233393366366535343536623039616433
39393534643236373135323731646237373234336232666331616633346635346166393930363531
31666439376166343365623964666339396434346266303865346337333933646661393863326334
37376434663039333939303132663864633366643339306465366330343837373338323935373763
32643864346532613139363534666464656136666162636663666161643338316238663830373162
39623832343765323436333233353864313962333937616538386436633365336566393730373161
31656264376139646336306531643839613162346431396135383765616432643761323266666134
37373566393933323365383563373734363666333530306237373265393530393635633730316234
39303266373065326463396437343165383435613563643863366131646534663565663434646362
61616632633133313838363030626331623037616136363237653764343561646239373131646237
31396466666465323336616333316530323764663739633232356635346231626539316130383339
38346635326636386534323964333066323832383461323931353063363934373662303738663861
36346639663739633339353361646361346463653137363964353364636364613937326532646563
63666336356434643466636463656165316535396236396537386262353164323462386337363361
31306239353265633733663639303539316535656339633937343233336238333936383130323265
39623163393137623937383665633437636566363163376136346663313439643637343262636466
31633738313262623434653162386232373632393935333336623034303535653332366536303063
65393063653166653832326636613833666130616333633734363435323066623364356164653032
65333831613833646162343634626336303438396534656130393133393938303535666134313036
32613033346139616432623139313061633561663236356236353434396465356461313065313531
34386564643031303066633135306130303232613634373030613162643066343263366238343931
37613364663065666539353939303065643333363337366630306663313035656238343830346562
63616430346433633365633735663439306538346533643761626165646166366665393063643733
64663364376234613864363135373636306633336134363061653165383237613764376535396336
30313066343864646531393232623061313331376164623764643030316263376165326364633231
66313632663030613466333231366335393334313062616638356663383032346239613432363638
31306131346161343638653932626232666664336561396137613932373931346566393536623635
30363965366436373639646234613431643434303463636137313763663337363835383431306530
61626534353433383837313435303766393236656533656433376264313766386138396661643861
31613066616636396661313064333734636537333233633531346466343135336362353632383465
63306237656437333039323932306235636132383934343538343761363030366463613030376333
35383833376165666135646664333535323536386536323434363332633630323834396162373832
62393137356631333030646536333131373236333565323762396132386663376566396536316636
30376438336262363964643730313035313336616530383936323438653630623839303539646563
38653339613466633261346130303566633636356631333432333566376661666537353130613939
35643435303863633834613734663039646538613165383639353964623066666232363437326534
33643333643939343330623166333039343936303735316236653866646331663865373134323832
34346465666632626162353061653763616635303637663337636437653332376136303439393965
31653532383538386531333332336536313131626537323838383331666232616635376132316162
33363865353861656362643363323462333139613138333866353439356638663636373637393362
62313561353062383563383834633232636539303666646536383233663064393333613330313435
38366231633632343966373662643766343632356136336436353538313365323835646638663364
32316233323134633466313535396232376436313833336166353135643462343763313736346234
66323866633231386262323235613462333661633033643037666361373663373037626663626335
39323337643335633261366365363834346336373132386436393931373235636162363063616335
36303638653339643266303939383362323561656664653863306435376563633562613764623237
33343366356236666564653865646337386165303536356339386437393766363938373431323434
31333963346365633061373664633065626537313636326534316632306333383566306366383837
38643264303562373736353439313562666234633439346330666166656566373639636665626634
32323464383865366237643465383735383936376564373637336338623330383566643137353136
65323331623865313531386130326366333664386433373532373235306630313963653233663837
39303337393937646431616430343135373864393237363465663561623565323439353363376338
64356432346262346261623335646536653662633763323538383636383564333435643133623864
35353133623134613938656634633934336439336536343634313561623137393537393833396638
39613661393031323463333664616634653433643436663435376437333839656533373238366334
31306464343333363838336166303036383739316638623031633565393063646162643463363265
37343735306461393332316639393932323737326237643464646339646666336530656335323133
34653966366665626631646537386163633936393663323761316463303538336330366532376539
63613437663136333438313338646235356666356532616439313935343138363232643864326132
35326432376561663862343534663336373837383433623265636463346665363161343265343538
38316365653639353662343738653763643632386439613162373230636236373335333866653434
38303765396230666562666361346131386233373464383466336161663036333662323065633230
35653934346363356561373665323564626336383865623261396336666262346631363036383033
30323032306435623535366263626130633532653332376566363162313537313761666135613761
31363766613834303732613333353265613636303864363137343236343234636336656166613566
37386164363330616162643439383062323061386435646361336131366233666637316535393265
30303231386134613732333330383330383035363338343463373735376461656661663964353764
36653739653766336137396564316431376139326164626666393764646334643732336532336630
38353361636363343933313363366333613962393662336537353965303864333531386138363332
36303835366435396131646330363566663330383166643632633466633164666537323036343765
31316266373136623761613538643530633063626330356538636639393964386137363232363366
38653338363866643734666562373839333062646133353436373132636563313162333537373837
39613338326138353566393136323134313536303537383362373938626431646632373039643238
32633466643232323237356433313336323338363363346131636237643863366462303963663437
36643564306135646161393164343064656335653530313061313062613639356532306232356163
33626131643734613536376434363539373936663037346330663463323636356561366266313132
66323932626132353266393464306166633162623562323761326231303831393939646366326662
31646135663830376536306236373034393230353466633232343437366338643833633830653263
63663461616637643963633362633230646331343038376531616665353766613936386432636538
38363632653430363765356439653063376335346231653939373439313435636337373332626363
36346635343163663930616237323162396465353165636664343335333936626636613232353135
62643763613330633264366265386664383937653939386561633337363839336238303464343433
32613130633330653333313237393964656562653439623830303637656535643233666638313463
63373139386539333138613436626333396637326365383238613439613237633463363437396335
62353366336462353266636164613833396630646435313765333534646465333763303939326463
63623262383363393765613933376331653964643332636432653866663437333663653637643065
66653437626633656164643762613235343861396436653263306338376463636330626438626564
37343062616265623631643930616534386231346539393564366637653263373338346163303930
64313735306635666130616231363030343434383963613738393430653461613630636233656639
64383266383930616533373065303264383133383134336333303062343364643639306561333261
65323737393061353462386262356633636164636531306466633838343236666138653631663338
37633662653461303761323564613230643237616362666536326165333666393636323030363432
37643035306436376136353734653764373363373733623863393562336462353335373465306434
33353835376235653739363363323039393137393836333761343066666338376439623861343166
36663966393061663637313561383338613366373038313762333033326630623837313838626436
62636363616538383666373539623037373439333864623665363831303735343762613539663734
36646162313561623331363931623737643734623263633334386235376532373562383330636338
32616538303833313861636436613731313363636235353662393439666533653339306232323234
35663036343039326333313630613463616262353831303639343234393763663836663431323763
38616235336163376661323863643461613231333933386130383234353164383839636536383937
38613538396235356166383335333137333834653561373435666262353035376335643561633830
34356339643230356431336635373839386431386531396131383039326337663539356166363135
63343565376139333437303832363832393335646463316638323237366533656337303235333730
64353661333965643939653765316138373934653132303631376238666564366232303861326538
64636161636433626335303032633062383130646238643331356535373062376335306234623064
31323364636333376464393766396266343330346132656230303038636231663834633237626533
34643731383230373961323838383565613734383766356634616563623664366537363736376238
34613863623034376333376631656131343064623961333763333632396638343532383062346631
34373834343833366363363361633335303264346563363435393964643063326365326235663931
37626661333963343733353165363663663232303134303037373166303365323630386235643436
36663230376164363062633132333162393737616435336639643062666535646236323436363662
30653037333265663830333661623836633138303434613932303566613235653935386533303761
61353332633632663438643131313837313439616431343534333065643030343464386464313836
32333136663032356264383565303937313961636263303036663537366230323339346162623063
61653533303535636166646237343938346430653731383164366536386165326433666162373130
63333763323766616436613966393662393661373666353861323463623939323966663031666139
38313865326238303536326334393235366231613139386539636366346536653966346334313665
31623633316435336337633330643531376131656663663665373335383239363163613166313431
37393138383764626436363833656432646437626533666536636164333537656361356363663137
62373131666364313533353432366531376639336539663832353961613461613236623736623834
34653938623430326636633734373336663335656632353635653365313863613239333336346231
32336439333966663932333633383736313662336632633132633166663264343632343862626666
64333963343463353134633935636437383362626666383435383732623532333364653263393962
32366261313264653337386365643339323863666665616634613630633362353132393834376239
63383633636238653030373933316532383263353363323761383266336366343237653637643933
38363237376236323237386433646131646630303632613338343236306439353066633530633761
38386165663562646632343065666362343130643030376265343161323636353038313131633334
32383836383738643232373361333136353537656163383139373132363561386433366637393634
36363338646236646361643632363733623038343465353762656134393462356538303266363936
62383538636639323462643161643030633538666163353736663837633637393934353864623334
34366536613866326336393733323733386430383265636362303666636537356437623632333736
30393864386663376231356462336633653539333936373162353638346432653736636336326263
35366432353432393865653533353839666637303965613762613564653162646331346536386165
61356261633035373133336130376665326632356363613935656435633464366536373638663066
36303035303735343037666565366636386336616461396463333439633566383132366230653736
39313862346461376662323132663664663833356434326430643536633733626433643435316536
62353933626137366436326638363638386562316130316232656435323635313235636137356635
61313364306464356236313837313835376664616665383863653434306536373731633964366330
34376265646130333833623632313234333639376430383030616162343235323637323230363461
34363363643763393866353965623639366562343662663036346633303961316566643566373066
35333763346166353630643066373763343433393338613666663739623730336533633261666665
38396663663936646565663866623035656262333830636563633838326537313862646262356663
37306538393830346465373036323832346137383331323836313263343334333830353133363163
30306263643638383231613062626366383762663563316330303765313533333563373630373735
65373137353336386163326333623139323261336362613633306366323166643861626238386565
33666637616639626131633631393132346334306337346130366335383733613031383533383431
38303738346230363164343230366164323235623565313435663961616137663831653966363331
64616331373734313633326432663262343464356562633566393564303664666339643739366332
38616562616432636531386235643961363635653766323836363836646130373864636535623665
31626366393563663665613334323438383534353464386132616364643735373563383465613138
38363763643831666433353865346139393631356430353664316635393733313533626161316431
34306639623238366564303162356231626533376331363863643737646261393433633265653862
36343534643238626636653663623962393439373161386366643535636534666361366663336435
66333938653439643262613132383932393463663535306462633632303638376262356562643439
65646666316638326465643638653635303730613138363666663834633061653265363032346333
37313966666461356539343334356161393130356165646538616164616532353838326631323933
35653065353461323339383736666563316561623037383439383736616565626137653632353665
62323731633062383661626565633364326339646466656532636266663434663463363038613265
36316164316163356665626136333639636539306361653835303035346634653330646462613235
38396237623865646266666366303531343763373335643139616165376131613038646263623036
62333765336431363238653132656664393136366630646639653565393233373937626262376562
34653235356430653136306161323831386634636436643637626231313030653338333732643332
33636234326432393131656330393934626432366633626566343161363261376532393361333962
64666234313031386538653934346331346263636236306565313339626532653339643338326630
64613932383038336237303665343739666637623539616366386363613632386266343531303137
35666462373637343138393137643533643932323165323666383263323463666635383832396231
63336234383562393333343237343961623634376330636261336334336366316634626363633634
39643966633038313932666262633863656135373535643831653335353634633430636662613065
63363066316437313832313037333339313561363034323938623538646462646234656531303566
35343763633132336464373135653635303034613333323738353738353633376262643762323366
30336530633035393638303366386563366561633030663061316461313533623163656534663632
37376561363631663237333062373565333866623366383165323232313432643033633065396334
39386432633762646137343738646166313038636164616366383065636530306665613737326165
62306332353035643830396165656661336561353363333239626161323430663032333437383537
65323535366635373262633638333730633764333838636161653332393339306237313165356535
32396135656436626264326661323432386437646433326364636164633065653864613834313138
65343161343466346135646363343435666238303365613330333133316339626462343433366630
64373066303163626263653035323733616364346365613566323164383861363735336539396564
34333339363931313135343838636565653265653961323062656639376432663262633761623530
3839
