$ANSIBLE_VAULT;1.1;AES256
61386634643866333864316539376665666632653631383062613138633530356238613533326531
6532623133353133613165653132653337626162363762340a303139363865356666663964303933
36323965313865653561356665393932663766333764343166643163376433663732353635353739
6634306266643761640a303564653431393162366133636662333931623965326436393134306164
39623330653936616230373639313438306164353633393465626564366436366539353361613062
66383032393363633866323138383864383033303038383737393364626365313238656137306231
37343339343263373839663234383733316431323064626232623261373237376630343736636364
38316335613532383338633330623037626661353261383365323631393237386535343337653963
39666264356236373431313834663262653033393038343631663835636564343030313163666338
38386432346137333164373437346131323765356231396362616262326134346334306262353762
36353533336164383331646163653662306263356661613234643862306263333164633863336366
66323161623464333435313337336431663838393130393961646234616135383261653464663436
66323839393632386161343332613534376165346137353531616163636562323839623066313731
37366364346239383531643032333662306538333236333865373932623862653366346336383539
32353534636631323230323161353264316364613662623439373965383931336432393334383065
39376235653238353233323665303362373036323630643938336363626630623833663265366236
66626337636665333964646265323337353135663030333235363633353532376636663630326531
66376234663938396530303834333232316431613536396139626264393062626362383864313862
32646261386561346134613933613335353662386632656266613062633164316662303561643239
34633837333965613331346235313538396466663435343164376530633031636461613337666135
62373831363935393462333234653563643064346664393739306565626431383561353165666361
30636132343638326264613661616631346236373931393562396431643031333733663764333031
34346235336662306662353731386438316232323539393765633838383766646235363765356462
64313135366133343137316234643764653832366661373039346431353738303231353263646363
66303761303538336438663466336635313231343539323633653637653262383835616638363138
61366136336162616235343035663730306434653734386564346235636265353738646431316636
38653663616561396263333965313066343839656661643731303033636539393665353230393738
34343964613561346136376339653330313930653337363237666631356531313861343536373037
34386463616134633734653061663633333932353138306164353339303530386662646561353830
31316165656332333333376665636265623961653062333132393030333838663336343533386139
38393664656262343333326662303732393265643234363934343732393134353334333737393236
31623137363562383734313662393332366261343634343463356434623839633262323337303538
62353362303034646135613364633032373037323432326231616163333234663632343936646636
38363761373830353939363738346330343637396337666436363338653636653461356637333663
34363231633632666465653163383430333930626166616437333336643438373537613933383166
36373732643731373165393362353538386462353463656138623539356363633563333261306535
33353232646635333366643134316262396266613139396331643134313463306663306634623836
39326138663836356230616136316462393930393164373264386430663662343535353035333033
62633732653932653066346132316438376131633533346566343639313138313336663636376465
65303261373266366362666365326165393466623732623830663539316631613866643165336139
35616539643935633434396133313438623066333362353064356262646234616234313363366335
38643366653362623562303132633365346361303165303535326265393766323362656261373264
62343532343562383037613536313738616234336466653637323938313332306139623661363237
65343465663734333832663535366330373535353131346231633365393763313439653531343963
65306233376632313839353165623230306338333032396663383633396632663664623632346133
61313239383061323931643038306236313736316136653430653630396463663637646236323432
30303039323665626365613364663366646532653361316665333633643632396563656531353236
37343039326637666163626134623830306166353236623039376164363262626331386331346534
31363437333832313434346231336638656630313238626138353536383365653733323834383634
33616366326539353533306636323764653163313564323365333537353565653865653963653364
38323366373164666139336538656335323939613232373531303139656431633835643336616430
30646134323734333937396634316264303866313434303135313234353765666265366362326631
30303737626330393230636233333166313536663932633531663237383630396130366464643866
36386163633364306337353539326631646262643434353763303139616564656337396631356232
30666330653337323433666663613834303562366164636539316336623861633937363030656566
63383562396163323531656437316133653961363131653237326332333362663765323563646433
31663238323931636139613335343266343031613530393633303833363764306438666166366532
61336661616263626538646536323736333565303339616339623966313630313165343638623165
34376561326231373663396637386438633563313238316334363933643865613664323362656332
61633261643163363535343239653731326636343036636335306339386236386531346630376136
31326635306135616633313630313764313030623065356263633364336432333365303861343136
62376663366534393534623036653334633436366162396164636461353162313561666437656630
64306161643932306437396232326237363666626439313766616334633965616538653731663161
35396236663730623130626365663237623335386636633737363563366439613936386663656565
65376464643733366533663065326234323034636566383262363637383738386165326138666564
61336131623533303330363663383265666638313166333732373430333964383636646535306137
36626331656231393761633134363031303639653864636330336666353462626366626333666535
65363862346336646362336634653932386266613463656531666333663539643334313263386133
66316364333334396133336239623732316430343261353331663139356131646265663837323834
61356638616636626636616538353463643437363737353431336137313863623239346632313934
66623233383066366636666666653639396561353037643632663363313031656538343931393530
33383534653738303330636561333362303137353763323035663262366166356532643539643866
30623130346563373431626162313535386537663037616335626261336263353230326366343835
36376531343630333062626465313036303435666634396665323136396430616466653865366261
37393964316262373634383130366463326437323766376630366464373961393430636361363431
32313765383135323763386432656338383538303639333163376538653238633030353438636331
35373865323238346237343237353563323061636134383234613764623431636433656364346131
32383938393366373864643634363937366162666330626337353562386661363734383332363864
35636339636336336465343235633265633132653939356366623635313661383663623333363664
31376232363638666334353964303165346536616462633561346331363233343231646664646466
39396366653935306236396564353737636631363862623965376131643531656662616532383831
34303838356537626464363765393662313266373131396462666630663931653261336534333438
34353934303961373639623530373161316663393231346465613937633538363665613062366239
64666266333532326430333962643465343564383635353236356534343434356439623365303533
33303439333466663664663165613336616336306639323639306134343635346333363462383963
30643937383763316165616430316436376662656665333635653162643338366232323363383433
39356232656139633466396635636235373437393566303830656163303762346134663964316131
31326533643365363962333435663932666565326533356565626233323934343135303763626262
64656561333362663839616365666536326561316535323363393139306638613432363933623139
63633232313664336662643134323565643431303835393331653564656636356163653734646663
32636136643263373337626338303330303739326130646561636337323261316561393865363839
37396131653737653236336662633138613830636262373964343730363231326532393832663939
39353337643863313965356332306237656266383139636664313538616461326131623563333139
30396439303965303262306566313032616638366561663136346362373230623135326537656661
38313438323232363165626632613366323664373831623833343038623364663832656534306165
35616333386132396136363561333731323665373630303963656162366131646563383362383531
35366264343931373533323831373139326639666635656233383434306332623032636162663939
34656138366134663432666663623535343238623631333339623838363537313565313237313336
66386332376530653761393464333134363962373437336435326661613935396465346534383264
32303965303964343537393331353365373937623065633332356434313139356538623861326561
38346232633536366338356665373962383231636665316562633137326634346133626265353463
33643436306138366336326363663833613630643633323636333434353932626630373465393232
66316262353534656430663130306631313064373236376238336536343163343334393266626262
65363431653038626137653339353030383632306432663531353732376134633866626231396339
34653965363330643034363661343466333137626339313732353865396234643861393361393535
32623937343031633835303463363366376534666232343838336539643334623836346366623830
65316533613165343334336136313666323435383531373630633838383931333630373032316463
34626431396662363864626335623433386431383138666139376334393931303038633830643038
31316635386332656264363635316330386232396237653039396161663065386233306135613831
64316430633334656533316133376461663734616131376439316363363630623837383430313933
64396238666635346261363665386666353462636237653965613630323064393333616338313566
34656435636533336633616639386235633533623136343664393033326330656561653561333039
34376431336434643130323139663762636663306233373331313362646537373765346131666161
33623238646430303336336433663230383534656134633432396262353564353737643961633239
31613636396432646135393930383537306466613761383831633866626430653562666230653166
30636538323437306133383331396635373934656136666239643765616636353332643735373537
32303737643132306666376635353634646535363265376132653563303333396131316236376236
61366131326435623466626262633364623161373164323437333764303932623931306231646136
30333231376338666435623430396337383965353836383730326435386166346661626534393464
39336631396266373330393238343264363764633662613162386361393466386538323037636561
38313362376465383364623330313463343232313730636133636631633337656131663339366164
31346234613836356166346563363461303434366163376363633964646538653438636564346331
61383937366365316238386663303432333464363561303762663339303939613863653561313232
33353366623261363562633932636566356337303864326666323163623763663138366434396539
37656665393338393762366564333630613831303263653063633331363962376362306565323538
34333065623339633039633062613931376139393238393437333563633762393434646631383337
39356136643339653337636532353431333364326266333630643434366535323338326234616339
32343734303434653265633131663637323736633435386133663135353733656538366365326362
36316133646538316633386264396635646430656362393765633836623337613634656438666136
33366535376438373064653939396262633035366661653235363935303737346164313238306464
62383861663339396262333533353235616132386536303330316237313065656330346566613765
66666539383839313562623134386263376261396665656261306635643432313033306334343066
62323765356166343534323935316232653863653264623332666231646536346463323831613330
34613661653166303335313439623134303235626665616133306632343564356462623139356234
33363933656337343537663435636633636335636635333566333465383931326337323831396563
31613132313733303038326332306162643962363263353835303637633262303062623537366361
62393630646365656530633434663537323530343532373532333535313339303761383135346132
34363966323436633630383064663534363731353064313466303634303163303930326662623438
63303762356633333631383264313438343435333764633163336536386630666330313438373635
32623338613762653865663163323762366136333265623235326339306263306234353535373661
65393932653135323864623865653934313565623361633130313337636630653438396337333038
61626234333632343233623266376464646264626636643564336462323665656365646632623762
61313363356665633233646563346231383865663631666662313239653334346133313931633666
34383334656131333839333432396639383766636538303762646666323734633361383662623366
38656633663461383162653231346264396365396533393034656539626539636438663464653662
65343736633961333731353234623432613966346332356666613136373234386131316333663963
30393262303437313639623130356236656633653262623335343134646337666163636530623739
39643036623832356139653761346638663436333038336533646438313036303739333266383564
61363036383037366138623866636266366365653930393136393563333337663065333462656133
39623437323164373565336662303064646238626563663133653033663938343834373164393438
35333361313934333030306366366364623737323932373334316633383033643065643564623463
35333037613138303239313262613363633534386163386337396163366263393238353364343939
30666463326163323139313330383265393463663036626461653466643633616139343838383636
61323337396537383665626438666465616334323565633465386665653465656439383839396134
61346531383463373131346534376131656338316563663462363336626438303133303265393834
39383861393334633638653937393636343733323563643831653461636533666566643833646434
39663337666461656230303433646234313732333538346365373030386335376563623561313236
61303162646663366637303837353838383030666464623930366539343836633239366233313163
64393539636365306632306564323339326637333962636233626131363361303838363233306335
33616430336532383031346532373263326235313236396539326531656366366162663732616436
63303530626337323238656638646666623732373666343438623966343261636533363234353663
34396239396236316230353539393666356662613236326430663165643333373136666436366238
36366463313664323732663661323339366638316532316266623434373365656162353536313636
39343435363238336634333563666131383731376239313865363538666233313434356265366561
35653962363331316637653630333662656363323039653438386466303463383033396233343632
30373766376638356238386339393566613961386631643161636332303139663832386137313037
62396639383065343932303236363632633732323232653864663065396366643033366364643663
31626339633138363733383064626134633632643033363266343737386234323864353564613262
38623163323734636338346566653961643363653466313766646634373537323863343432396432
36646262636532663265393133306166643363383565393261663933396561306234646561393034
38333033306366363066643633333231343361323764636261303834353062313436373337363135
63643231353130646136326639353134656638323237633165656335343532353136643264353635
38366565366138333938323732633762623761646363653761316266326238626336626632323262
63616465386431316563336464366536326639373738656335393132323464326136316263346134
37643965343662303965653161333464646437343866336662633764313665316437613662346637
61333064643365303636633366396230656164356438366664646338613566396336336633616431
62623163626332623962396631376336616136303663633139373564356338656638613534376238
31316261383530366633313733393032653566363764623832626366633536623837326432613039
39316434633830643562303830343266633436323031643130353832343739333964373666376331
65343166376331306130363834623731323862306334363363653733303231656230383037343737
30616133396663616238343934303433346635373630653534393733366661336332663364666338
32323834326465656232663332306664653435313131613361316432643834653162356531663966
38396165373862323736376134353562666366306635323436653139663133393438323236383032
35383034333161636234376437343339353866366535623635303938663165386162366662623830
39363032336362383466623762346466336131343963623762313239303237616464333839636435
38386635313131666563303466613563323831653935326163646665393731373734666234636233
31396639393565393639383738643961643565663264653065666236643365393636383763636434
36396137313363363461313264613961343832336665333837306162303761346263613765653630
62373664343536623863633639333864626333303764656635386437613731386631313464303432
63346461623165613932663964653936313762616163336431373363333938346235333633316362
35303433613330633234333036396562363134303233363136623466616262646235396662373137
36303336613030653337613035643838366534353064623835663365306536316438613663303763
32343636343634326663366363656363643834316363383737656435323134623866613061303239
36643866363934353965666134643366396331613636653632373632353537356534343538323064
39323336323764373739306365646137643339646665373738393930343734393964343639666236
65386563356434383837626561613964666236376530333437633164356233376266343631353561
64633665323265343764383263363266323365643633306262626162383039373033663161326334
31306235396536376132303839363630343531326364303136313662323663323436623234633539
62613734633833646264313931373530353733613635626437356363393365626565373363656131
63643131306130366335383432393031636133623333353336383866396364383734396461386336
34663830383739653831326463613166666339356537393139353562363165336634656363373633
36653531326137663133633337633332376266643865383037646635616262623735336134396638
66333335353139323039343439623334623862616531306664633764366362643032613761316639
63646237646362376636323164353230656432663633303234323431343734373866396363383836
32666233306561643765653338326464336263356562633437336235623163386366356561313363
61663736646639383331336530613961343231326430313039313762353766383061663335383630
39653136386536373665623531626238633561623635373861356538633162386137633362346333
62373365393933393161666664636638356530646130383464633964633961313634346231633034
32313539643966346566303339303664373037383139376361396238613265336530326138666665
66656236303666356637303862306263386536666135316662653963663961663237323538333666
32303462323966633938613030626637343537623237343566316363383939643865363738313539
39353832666334636435616535303435636262623966333361653233323233303435313033653063
38373962313633353235326235346130363935643861383731353331636161336166656263306330
35343838323838613335346335666338323564323161313933383465633935653161326664343739
36396435336165386530616636373562643866303638623537373362373935653164656430376539
62316239373334646538343138383961373266613331366230363363636438306136343763633164
66643533303332313861363235616563306532326136363264623134343561333662336232616335
39303765303133613561336665383435323331613032666632643830353163653262363633306239
34343262343731613138666438396535626564623264306635633162646336623138646434373332
64643139623635623536333661333135353330656330363164643831376565373831313565316264
39613564646134393237376137653365356163393233623365393434613065633035633435383864
65333664623766303132373831326664643935333730623832313636326364343063376536306634
32363765663365613339613438323836393062363961323830306632313036653634333062316136
36313662393634326234373265343262643962316365643032636365666532393039363331616662
31333833306335373335343666613730623062363934316535356131313237323633643765663436
32356332646661336233303366623265336534373435303835313336336239313264643737616662
61373231306535613166353862636231623933376166616638323832363431323133366131383562
38616264336537313130336337663663316232396232363838303661343461643830613438336234
34613764313131373663376161333461336139343562386262306532366536383062366130396633
32386337343032363865616635663337373030343765346134313038633535313562653861373562
34386265666464346161623364613231343731306262373931653032383631333935353539343630
39396639636437396434663638656538386239643231653230393635613537643962366639316437
31313936336462653166633830646538356131316166316538316566396136656239333865396333
37316166623263643963383038343439643838613232373164623330376334366562333636353132
64653030626336313739613764666238393533653861306331343365663934366439363466303733
39383462313565353561636366636233313438663831666661663232663739636232653031373631
36336265353637303436643136623533663362363538386433636633333862633834656562636530
39303266653138663737643535383832323730376432643231623966363239313663346362376533
34366139323230383466623530633063643562613263306563306339643834613862316431333934
31626438353463336636636331343565336439356631373637333831393263353236616331643637
61363634333332646364366130353933383833386631313034656432333765623730383633383962
32616461343962346535336464353762643064383165616635353437393830346662333634386566
63303939393633636131353465633361653664323866616130336133336236353630396430323266
37356438393734303239613630353861663837646365613966343735353530386231663034323734
31353761303164303364306437316266396437316365613835383132623964356632363634666539
33376233643064626438313765343765363430373533356433373539343336323234636365653734
64643631383030366238653964393939303265343434386266363933356236306530663739316266
36383663633362656235343261623838653235303337366635323239363239633661366362616639
33313937663431636164663836313937313162633734303164313666336135333837623134653635
62333163303032313862636662373237303134663163363936666237653237643365313833623863
33643439353531663563666161306635636265636536626536333264666466313138396538636531
64646430393837383837333961303834643536316631356432386330366532633262636636653264
30333165346561306162653235376338353732663130363235643530323030326561323364636132
62393362636132636531623066366361623061646562343461653265653430633061383462666333
33623635653632663561356332386266656262303230623631353765656539326630653437316265
30333439323033386365643436383566633730373366656137316333623063353838663762343264
32366339616530393965626665653165303931393837623233323336373563363834346333626363
36613830353564633936663431663730396230666366663435353165656635346336393332626335
62623861616263333737356531393431393130343135383737663530323533303039353137393330
31653139616264623765306564323830313863653835616631626664333262383131626363316435
30643431353037343831336638656131316263333231383132303937306465393262333764336435
31633063323334333939333461326361363437326434643963383662626330326235353735333661
61653465343835363731626339653133646233653061383531636639653166656665356231336533
66383731343234383663353532636534616235643663653965633036646339656231656530656139
32343632373665616235303637663633653265353964373463396638323662643964383461646265
36376563323166346433653034636361643138323964343733386330386634366439333537656162
34656661303332303338656133343465386139313531393139343963626331623861323664383564
63306137333665373661366266356631666162643732633139633837343339373834653366343466
36313266616165316261373831333762326430626535636435383333326130383234656637323633
65326135326263663933323633393466333337303662386162343266386539316132363266366437
64653962316239336565656132656439396338383364323631393435386534333730643535343565
30363338616436613261336238383634383133326164643866373630316537636237326561393536
61656432333631363463336564366264383130633962646365343965613261616633666566386539
32373162376566343830393634363036373832346632393832316238393063326264376437343233
61343739653934353766663861316631316161383835653136356162613263353061393333303533
38383761313034326234663839333339393835313465363838656561626361633339663763663731
33363936333539656632663433656266633535396337626563373231393139323630396535363763
65646339616630633665316464336332353534646466663232616434623836636636366638333738
34353262663536656130303164396463366439633132323633376537356262653238396336373236
37363063643735383664346233636463646265306261343632393366366131306230343239393166
35633366383261333233616564373038653239366239336137306661323761336437313636643436
65393839316565393235316537656635313066663233616433656532393730303332663262653563
62373466393230303230306436666362396533373962316163303430386334393830366461623330
38346437633830386133316334626637316261353764386431623432316534643665313762666262
34623634303561396562336636616236623338356134363235643063353763663637663733616366
62363236396361636435376665383330383631303934633364633266363761626261366632613862
32336537326338623864326632343739313432653439613238323366353066633162396264666632
36613564336664663233643163306233336332386230313833363331393037383936663731633130
35656431633530343461313634626132366231376364353935343530383834636630623432383464
62636536616533616263396636326437656532303634303634643263313936613862643064336430
35393863626665343838303538626632303935326266306266323464313263323666626663633831
32656530356537383736616666383137313762626335363162353237336136653132663935393237
66303030343631323339633064303535373634303966376532643738653936646462353733353761
66333936336635383263666234636333636134333563376662346236353837633137663064633630
36643066336330323164393635333363633030353064636537623635653066356533333465383663
39646538653038643964376539663361613835353430303930666533373461613066663765323337
33663235373833353231376161666662373534386137326634343436633737643239616435323632
34363366353635353338646165613236353934363938373964613463663034613661633463623564
39643831353661633430363066633937323164373431386361666533333331356239376566653063
63356631626330663666623033313061316330326138373835333862306330336632646465383130
32313336333331393963346530386365613934343330326364303462366239366432393739356131
61653034643130373239363134363663303136636438336239623835633432386131303030343161
61663438636366303835366430373661393164336633373262656636643963366534636138326332
35356664383165303937336337646639353833333937316437303062383038303838343862653134
63656330393633336263366663386532646661656332323537363465623836626236393437643632
37363431396530313338333630653134313732356536396437323033613632336465353535323866
34326531303939386564386436336464366132303831646530636133643432363463363936643334
35323230326336666262393239633764623035313664636534373536663538353739303939653064
37393536316535626339376537633437386533393131643863653135343033656165323765353438
63393261353564636561366565626532303463316331396566356261636430306135376564663037
61323636363562623335326437666261326566623062623836616235376338343763303936313538
33363066316335353964303363613939323239376337666438323834613835643339353964363765
32633636393862653038643734393666613935323837356465326132306632336232613731393033
35626636613332633030636135663132613362323133366564616562653562376332333235646362
64306139653962363131336564666465623263363262386331653033393033363731666162663033
62326533613165303837346339356533636135653061383132663336326533646266623533653361
39663637623836613961333633666232386665373831646635393539336239383662356231613266
31343836303462316636643037373139343335393864366331623330626565613338313964613265
39653835336234376332636331653533343161376338333465383036353261333533623237623031
36386532333731623333626237336234383336363962346231646539613864366666343731323230
63353661303333666633326133326163626666643264616133333430306661303938663666626463
63383433353436346661656132306334336532663565346566366537326431336533353730653335
32383165643334366436366531373130633934653639386531306464633639366566333865646439
38393862336362623635343636663331653661376537613961383065666533346138316239323239
39646661396463306364356533363363336239363633666561366233306631353230323662313663
37663933613663363637333930396436383839666437346665623763393834306334363537616566
33613734653834666638396363323938366139396437633439356438613837663266633864336263
66613138323537343266656637363337373666393738383362336438336264623161313533346337
39373734386638366532363431343066666161333365663964323634663537373738306562363437
34636563323233303439386261643564633230343432373139653831313261623132363437653366
36313632353235356330326230316566323363646261356662643136363866616262306262306132
34386337643762303639346361303562653434613837643839613136653036643737383334393339
30353030316130356135333230343961366138303163653930323539623833393736346466653531
34303938333430623530386262633836633238343462646331643632653763666434636532383339
38353134383439386335323031646265656665316566623566383361323566643664303761363865
61613231653738646135306138656431643463366531636436366461313662633936353065346639
37616563333031393039613261343934656663316337646662363265343535373133303530613833
62356533336539356233613562646430653433643065333933393163316135323563316135363438
36613062306239343930656365666538323134306333343630626463343365393264363163323363
35643165316461633633646262316533333834663931633266336363666135363136663662356435
35626433653664326338396266336231303862653431613765356336376561313237633631636132
32346363303136373461313862333030373932366661383764353134316565326231333939643262
36616466316363363934386639343733623930643530356463303638313235643265633362363835
66346330376630353035346465616665666461343763393830386361333764326161333334623837
61636365303065653938353339666538313630616231626331306534386233396433653161633065
63366462666566393636396531666331626363323331366331326136333339313561633537303436
38393237323565356437386239633463626665326130326130353334636663383231386633613930
36306362663263316634613734326165646439356235646661343565646132383233306531356439
37386538653736333333633438616163316661666338633033643961643161366339373232323366
33366439626363373232396665666236343432613664393030393534333436376136376661643463
61386236646362636262643838336135373731633930376330636136623232633531393635363831
31646162323834306531313039346137333733306234393134636534363834326436383564653362
30616535656562663639373539663566373735666664356164303465626238656238623136343765
31633830633136633631306538666665623366353662623435313665663430346364386362643265
64613731646561616438653234343934363536643365366133333465326364356230646234333562
63333330336165623734343434656562306162366564363030643266363735333966613266353662
34386338663466336535633839396366643136323362373665643164373937366437323736366132
32643338346462633938323362346239363131633332636566663536356635343133363664323564
34646437383637326639656262613436333865366239363739326634633637303537373666393162
30356234356535383464323334613233313363316364666162656564303238633133353161626434
39326334626130326662333330643063616265306432393934323934373662656639366666653535
65383334356233646433666331633638623864383566613164333932653663653834613630303464
33616566663739356233626637353837666439333038383932633432316366333733656639386263
66393439613338626131623066326262363834646466663763393836346263396536323663663331
63636433656161326262363435383065383665323130663663303137306232323331353364346163
31306233666531613532343338656563346361363832373031356565613136353632383462396530
61663762656366643039643339323536346330393235636633313862323936313036613336343236
38363731313633373135383632643933326332633234316233326663333061353537383639336563
37636331316332313561616132363562303234656664353631663164386332313834636363333135
36306435376664386463363466343634646664346637343464333137333762396338633631616465
61356466616562653263313732336539643437663135303836643433353034383532626336323064
61353062323931373962656235636562303138306437316337393463396666643734393166303236
30636262306335306139376337313963353032356265303133383139616364326430663031393461
34353436396239366333366539613939653134323262653234383538333936336633353462303730
62383738343462303835616265663336383230303663373163623864303361333538386535626637
33343932373031633239383365373538356565323239396133313536353930643862393632616561
63653330316130643835346366326635666263323634343530353138393435653735323330646361
34323230653161303432303833666136373165626461373934663037376230646236306137323731
32363138663531326663393438623961306163383235623966646666666636343333356138613762
33363364373636666139343665316233366638386565363930353332633832666333353931663331
66343936303435646237656532626536383235613662346238303331383264643062393161313835
31303464313331656635346664656633646539663261623562326366663061613461653835633633
31323061343433353864353039646466633862346332643130323036333839356438613366396138
62306261393332323637303062623462356466623932646439303037323432663733646137643834
64666634633337363961323561613430303036326232616264636436303431313964373866323261
39383936383262633734323533393038643261323062613665316666346465353361376661656431
33373439623630656632656466326631333334363837376530646236626334393934323034303932
33393439303738623331316539613530643037333633663930366237303036313436633763353464
61613261383437376630323963356139333630626165323063376437656332343164363439333932
38353435363064393739636237656330626339653261326337343963653238343163636538353665
30396366653235613538636665613636633164373362623135653561393933623665656132383165
39313432306562303938393838623433663338646330626163376534633238613164383837353332
31333938356565313733393238386263656432303461393266386432616664346565633135613232
39303037653633646133316661303263303932653366613362636533643733366465313066663137
34666537356364386164353262383864393166373737333338656564333363613363326364346465
31373135633264653032303666373734386130353139386538383638323433613964626230343031
61323634376130313863306463383530386161373130343465643731343833386264303139386239
38306638373266313062656435633335396238643862363164313765626666633461353966393062
37343062646662303838656131376337326565666562626236643339303731613530323038666566
31333237653364643863313265663431336130646639653832633466373236633633303631356166
61636235623531386636323637303836633561396430646531653237333338386237316364346233
66316161343035636536613762346237626434366231386235373630646435633361613135636465
39376632373739623466663039396663646530373763316536353931333263323531326362613933
36363537343165376435643465373361373635373032623132306334613030643966346363626362
34363939366162383339343531353830363361373336343165393939303865373163303062656238
37626335393161356366653635396632663037626630303432333737653464643639343962323537
38663830363565303033643837393935333163383365396232663233333566643130353339326236
62336236646539316238323533636135613663383939373034313061376232346366633662626562
66616233313362363934646337643934353464303238643837663433646465653736666163386434
39353966313237613661313732646133643439373636353837656332613438663235396563306239
65303761663332366162313334633235666537303966303931636264353739646661643162613065
38643634306437353839646536373664363638393466393762633161356135396164323632393066
64303739383333316531623564626265393334626133663037336462336237373566623034613030
66353865306665333735396337303162666136313239343930366162623635333439343535313231
66383539643262326135323065383235623332353263383762383266613661643262656336633639
33363663303635633065393636326637366635656261643633623732626635373632636134373134
62666463323531616563363061313665626263303836383438653064643739336632313035316530
37373936616338666161343136343062353633336462323766613635316463323939646164353066
38396233653033313534386263633364653237323666386161396533623564623664636632653462
31653336363236623961646337363161343963373538633836343166616466646133646433353332
30316561396139313137623830303736356162313639363439356638653538366238343930326636
39303430646562313164626631633361303130663934623166353639316338656461386239303536
61303061663837636538613633613430323065663161353234613432343536663264393163613637
31386264613738656565626435636332333632653539363165363664643861303632626565333239
35346339663133336562633264393432666466313730306361623061323530353737626634633163
33623539396238653836333466313737646164306131326639316134303436363636666234373239
38363633643139336138373133633231306337306566623435323935656161386165316635326536
66323861356630346362383265316238313632316435353963636436633131373563356465656466
63633539353030363434356336353632633031366161306537646639333332643662653762343261
66663935633439303766663331613931306431316339623638663762363038366537613234343636
33343863336639303633666134323562356335393139663337356533383634373236326435656338
61323463373530353966323335666336383230363564373933326532643238646430633734326338
37396233303730366335343766356230366333356630363363386563333335393161306631646631
65366533393265343432393533393238626639333931663636643836396666623832616664313236
33633937393865663334386136653839316238656530316133323763366536336239623264646633
63663839666136366663393962373861303034636534646537613033313538373862666335353964
33353330343664616163373361663033353863613037623461343362366436306432303936343936
30656530643934643764326461353066313230383061393236646435323830356334663136383262
34336238333030326130623639313733666336653961613830373063366535656637373631393933
63613932343733613333316162623337326334313835326366663666326438643531656537343335
61316661616335636631383438656433333633653761663739343338653631353139323837313236
35333432656131326466383136366336336439333865383235623764343531633637373138363131
37656231376139373635653462366135666238393731306565343238623830326465656463396639
37346535376163303235366434613232323566666438356130326133303136653239316263373938
64373334346265303431613666393137316438613664356232393637363863393065646334303365
37383136393864643862386434636232346332303830373365656664376465643437346631303835
39633930613332666337356561656336643062383364316563323338656662323361353438623166
37383331613561393562366537343064343132326362633162353233633035353561346361666430
39356630633635363963333534643436663634613763326532346666366234616639396364643236
33343839383061343766303338376433626366383665343337636531313338613164386363626330
34373937623038343433636339313661633933396137396237656365373262313032383730306538
37656439333562373836623332636635363834636136393334313933303733653238663261326161
66323638366639626635393733396465396437353964323536373164363462393165343230346630
31343735373539663332396137383966386361666633643834616465396239653639656430653363
61353137323634353938326466386135356364393863626164363735613366336161306332316234
65623861326466626532373861633830373838663836396663346162326333633562323532626239
37363561663931666661636462303061313065633139646464636536653036393162643535396163
63663134313433616439386431393432353334326337623537303064626437666337633538363939
64333363316261373962376366626533326564333739613030626264343763313330396134336438
62303037626366643132613362666335373334313939656431393563663232653764373161663733
37636364386232646162346532323030356430643034323230393633393237396632643535623261
37643535663465666663383266326466333261663430613134613766366438393463636431343765
32646462616636313530323339343338306562336436623061623563333366316562383761376639
32653538383537626132366535643738666364613161383961653733326632666431383531666533
66326632383836653035633366343431643832356261333431656437663439333662336166356538
37343730366632616439643862363266363166396430636162393365383666386632623338376137
38393834623138363062383133663063656439616432313561376665306666376566313930663230
62373532613337313464616637663731623661333539613538313361373739336636643230356238
62613432363531616566366438356136666465363430363038333434393231643764336663353261
33396161646233653334313732303634656431636537343866643562623139643062613565373564
62323834366231616333626533353835313062333935616533386665383035663432306235353064
30393232386437626638623661373731373134343261626530616266353336616361313539616262
65666134396362646236656536613631343337626664333032306339393434316634613664383830
34633865333966663361633964383336306331393235303738333865333635376164343035343264
66623164346338363862633037363862326337353332623966646438356362633438343038363332
65643332346666333362343832306332323939336231653430373765386464623064623930386563
64376666626566633539613139663530323936363633633638326564653039653934666538356365
34336239613563613534356165313164306264333336383736373634343765353063343732303539
33643737656632643264626162396630636635393236313038356232363737363934633761633234
64396638343430303833613266323830353661323136313966653635353338376631366666656232
38366665346461323538323966613461616435376636663435396634613534343630663733653965
38376439323731656363633536663538303566333134636232323637353136373039653262336133
32336264303935376637306162383137633339316334646566306166346564336137333161326566
64613030346233636437656563373237376464336339363862623336313163376265333832346462
63353939663037396237323763303934313930633535613362303166393861313934336462306365
31663065343661383835316536366637616632643530316530376330626230363335656363363065
61653139623632343761626466653430353862663538626264316537343331356533353730333363
30616634363537643461656338626238656138303065303034626333633634653839343538353534
36373632633465653736316262336662366537383961393762376135393163653739323333636335
64336231303430663335316332303739373534363636393565393732383634366632663962363935
61636537313262343938303830393265346433613530646366333864333530616534313933356166
64343464336334643933323130376666653237626637303339643561663432346339653834343734
37626130363632313130633364646665353438633564643637656164356262656430353130393931
33656162646136663031643235333135613739653631306139316461653063653961656136616264
32633734336634346636616264333566393662383230623363303237613766363866643662646433
65666236333531656134316166386662643838613334353735616235363864363233396264353534
65656337383332393938313764643831373436313637656538356364383134353431633035623365
65633035356361633936613539386130626536666230393633323535626134303565313166316436
64353264313832313234303433326664353263373838666261633863353932383262313864313062
32383466363663306664636464396162393639373137656266376465333636303666656462366665
35336631333464356566393264336465346264336638393162646239363135316662346435333339
34306566316265386338343836383863383832393966623133376535333863343338646336623131
38616263336130353565373864656366633136646239663866623364633635653365323431353339
38303266316230326364613566353739313930336439383765643266346462366465316361333839
64363632316331313139383431316430303136616339616639623363323263316231613933396634
36323335363865313536316237373132656632336337396631383930353863303433373238616665
35323730343337373130643332393835326162336435623533336464646230396363373335353934
36613366323865313335623934326536363062343865363233653965323838643931653166613465
65346438643336356237663563346139326364633665333839643163316630396235343731326361
39613531333932336532643934626239383666633238326166663530343534626363663836316263
66346332333262376233316431663038386235313735626665393239653039363437326232633237
66353135393834623861656531613735633338323363663739383739306638336566363366313232
34653033643466373664653438326633613264306361663830323364376463636363376631333538
65623935333335663133393432626434326461663561613333356435343166393932333839626161
37363365393733656137636330616634366233356166353332343566666339303062313866333464
66613063373961646563666430653935323966613334353065633131633537626161313266663965
31636237653839303662333932653661373062616565636466303330623961353237646432616463
63316132393664353137393763613363393064306665353132666565643931353439333864316236
65656665623933663535353930383665666138336136323866626232343134373666343161383835
62323365386230623433333832633162663364633837626135653265323561663232626535343138
31336134666335303736323335613734633534326232373732313737333831366136386133313662
37313965366533633435306538393961396433393864663934343338613130386336356465633031
31393066353164626432393631643464396639396139393262393430623162643431386565656631
61383030616633653537396433353639363431643162656563316136343333393561353935306333
33653564366239643036323636633139656166393862326434653437396437316431323261366538
31383437393463653739316365336230386332613732326263646632623633626433616535636263
32393136393634323737653066633333346432336364346430386130633530303133313362663532
62343134343431356366353237646361633766366233643237623565363233666636346136366437
33356331636462343732356537343035663863393765353937343135643039626365323930326438
65313038623430383131646166633335343038653766636333316234303162316430326139383237
30383331656466316261306230366434633431613565353365343764363036623566646536393335
38393334373163326630343861363431616438333461366633396165393664663433393636376530
30663433386264663631393736303732663466663535646230343162396533633835326664663965
31366632303464333436363337643664643362313635623362623532623231643063373438356438
39653864366663366166333038386662306530623731303661323232616330313831653363313732
61616161376461326563346166633535363337363335656331346162333933343636633936383230
31636162393766343439333134663761643834306563643830363333663234646635643439643266
32326431636266663564636135636266613336333035636430303836303132623463613666343235
66656265356234316265363035656534323062323234666636316333353836303965363337383965
36323365353639636139313634313765303737636134343861323233326332303534313932363036
39613363313036613066306239336339356366396361333863323131353735616335363136353136
34386530323964326139623735326435616463363234303363396362393864643337356261306637
30623665326464383339373538613230623538656537306665336439626236336662306133363366
37363363333062643161653839336236643961663164626661306435353566643137643934383136
61346232393764333465646238336265316132333866376535623064656666373039613062383938
61363632326230313462376637353164633561623734656533643031353231363838623262613431
66356564383837646362353635393337613438633838356431643735373037393631633338613964
37613230666664333163633564373061303936313163666630326332663234323365396437663537
34656132643139346630613037363261643137623465303937396130656637643466663934326531
63626636353861373565373638313836666466386566323239646637333765396632613933393965
38626131666430313463643863613762653134323032623038323536303039363463626361363932
39396632663938316438346234663165373737346537303036386265613532623731363735353964
39666166373364623162366335626632303836333736656564326236653866623236393265376263
33373338303132366631623563393762326534373663313966323438336666323534343735646439
33323536356166613839323662326666373762393035613663316536656630636339326663393830
63313562306662623862353630616262306464646631383564623062326532656264653431653264
35333631613339313035396137323963383663626366626336656133653433303464623865616664
65663566386639303630303138316635613937346534383663613939626163653234393638333166
31626561616531643035643837376263313830623430383662323432343530323037633831363233
37616662316634366331383561333261653265306162666231623233666562326333323132306532
64326438663536616562666665626332633030303964343335646333613564343936333261313835
66623835313562343732613536396465313666363234386463353637316562383638316530356463
64646138663831383632653166353631633038333635373737626365623732623866396238333931
32323261313437643563656362636631396563333333633333656132386663633533313838333830
65306236306537343061323834656236336165363737636539323064343165343236626664323362
35313663376135393161373836343336353564396634646239306463373331303963383665316334
34346364363034353166663637386535653239366235386636343237633061386536363263306339
33396639613665346266393164396338303161323464323364666631363734616261643461613735
61306238313232363762666632346537316134303135376637323239626664323336343439656131
31356461666463323731303161633539376538653833326237373437353762656265376135623833
38376338323664326632353465363032313732336134343831346337356133306565313537376566
37613562623533336532356430306335656133316363353562396234333235653666316262313363
31643862653966313131396665313430613064396635636365663565646433666531313562343665
64623934323332343934633562353735616439313536383139613439643864633133613536363939
34623030663333376433393937653832343363373961333031636330316332353565326534386630
63313533393339383338613462353331663735616636623331343966353239383831633734363639
61333937373438383931306330353163636631343232633065306633303863376630333065323238
35313734653537353264643130666331633230653239396332343830343833666138316166396263
34313936646236383333333539636463633736376562346334656633363233373066656433666166
62383439343633313034373663383961343937353530356364383034376639656161386237303735
63373663383262623330333330383263656533356164633436366238333436313039653538316638
36636431616663323637356565306366343265613537616463313735643366373136633530623365
62366233373238376133393230303462346236656664383533633635396430383131623230646361
39353136383933306532633765383932643161306332333336393064326266336531643130636537
66636664666138613362333163363036316264363665393738633437346130653337333862633862
33656562643034363862313432326639333437303732363639376132343936383937396661313465
37313038653761646438326633396635646235363835313263316538313639396339316139653833
61653439383330323466346262636433386631386239346131343630626461383861626236653231
36646335383036366162633463636561383161303637653836353736386666363061393435643364
30353633313534633739613834323563363766396535313861373364653962336532363561636662
66306665363134613265666334303432633233356435643363396230313738653731656332666337
64356462643733356537333532663134333466346236666433316165353366316538336639663537
66363065646539343237363636633538613138353930333764353461393935366461383862306432
65393236313631616135376664613538336665303637343962316665303366643737373364623533
30656461353535383935646138333864633366396430613138326238636661623537643766636136
33613462386639653062633233336461646463333731363034656230623461643830613633666431
65666166306666616435363966646134646230356266333135633531326464613462633330653866
39326566626661303933373232303335306563363664383033653339343736373565666133363034
64663633613865663961633763303436366136313431323033393639333963393437623139393161
35333535616333393261386236636266303538636532316639613636363836323131656364663932
39353963613539633031393138323964363233656136653230346330376330333435333462343730
33343936636434653764376237636438316137656538623363316535343734646537613337663163
62303662666633366633313637376161333632376433636166353565306465363463316361373362
39326664386432343936663664646331356534313134316237616165306266333430636434666633
66613663356539373639653463613130616265333062633132333630643539333861333761373233
39656132303137643963356439356631336537613231346432386630663034646436313833346235
30393062383832316161643466313830333238656530386136323231623661376539353863666630
62623838303331323634376532616362323337356536633131663261613030616132343764656663
64323038613463313763353361386365626431313736356438393132313666333937653635623731
35646465616530353463613637633833393830333530373539333662633135303164636437303534
32656238306163656533613161646333333337393565323461333036663138303839336664616530
64306461306430346432343566343236303736623866303162643732356661343266623064303163
32613661663538626333303163343066333335616434616432633839336664356234363831613661
38363038303631643832666636333266333365613330336266386233363831393563323438393937
36616232343266343035303164633239326361653664303063353666313464366435633239633164
65333634353430663162656362623933363531643935626535663166626438313138313165666262
34316666333863666434613535316264623962643265306435353938616131626237623065363736
38313533636337383563626161396534616336366264353161656638363664326566353938313665
38363039383939383462623337336564386136633034646235383163356636346530633537353433
66656637643062323837626333633533336262623037373734343261316337303431653930353137
35316336356338343362613635656135396536623536656566313733616239393532383435393638
32366335616231393164353464623935376562376665363832366462613735323538656437346233
35353634363535633334396139653736623631363931333266646330653437633766303436366237
61353334303462346166376563393234386664656666303263393966386630646537306637336661
38383866643936633135373233376463303037613739353365386136383062363738383562313464
35343839313764623364613337656632336564643230623232383834343334656532376433373430
64636463366534613239373634343731666465343364653362613665613132656562356166646538
66366333653661636639336235306336613736363739376139623864633062353430663265323266
66393439366531313136316130623535303464653733386363656536336464633063396438366463
30653332653961303539663536393162373836356232363363383336356662396266656562373636
64383738333937343433376434333632323130383566343634643765616330656230613065653733
63653061646565643166386161316663613939653532323036363265353436303665346666333864
61383237366139343531363966336430613236373438656365633132643830393530373761343831
33303137363462623563363064383232313263646532616465343462396665363662633066666261
36386536356262383365393234396332346530323863353763343535303436623737343930646238
34353766336165353535663835303934353637336234356565383434383734653131633230666331
32373362366135356332353436633563336165643462623135653338303163626664346163326136
30363438663065653739623361376266663532313539633036376631383833663062643334613037
37303834656130356435373965613336653666366232363732353530383264616361393237396462
62353039616436336336643363323038666538613165646438643466663030363438333439383463
39653636653465636331656432336634613432396262343730636630313662323132313935303035
34323035373865383365366162616530643632363434626139363535323235643666613865333430
65306366383535313130316231383062306233393533333536646235663732333030633531643265
33366234393832633865366461303935666264306431613636363162323662653661346335363231
38333630366564393466626166333039303936383965373730623337393436616534616662396636
35633038656662643866626235303738393039643135623630393837633234306439386139393530
36623764636534376334653330386364333339613934643130393264333034636231346332613264
62376637383465333962373266333238373633613261356431363666366437363034383461323633
37376662376261656632663362363033623132316361373836363163663538343939343734303264
62386133386164346666653638626436383732333136303131666366333166373336383532653431
31636534616166366536656561323761346366643065613132393635333231636564346134393265
37366238616330643130666236396430373666373562383065363437663335316333626536313231
33333062316463656636633636313464323234373430383432333664333734383136323366643437
30316636613833623664353164633233366433366164386539386232316463646233366465323938
39653633396533306631633434663061663439643164646331343566666561646664363131633564
62373232346233386365356365326637316162363035363766633765393461326230353831376638
30356330343266646136613866313165343633633033613630303433616363386535636232386365
32366132353031393439303935636631303938336439336265386166633236626464633636396563
63326332366363626263303733656232323161336464363963663261653836353033643536616565
64666530336234373036393034326462313863363435353761633066653938393630313938343832
31303366653834363834313164633938353931663934633130613035396335623139633836656136
36393264303264383936366436343166343830306331633334346563313932393136353439353465
39333864633863363161613332643666396162623361646233333162376164333039616562643662
34393064623334376339393737393264623135663636663564636630616236353565336639643431
34353466363836303538336561363133613265336137653365616139363838613436393563353532
61383031363330393032656539636138376136353738393733363438326136373639346439303139
37646139333562376133346361306466346662353961303638303562316661393738363437383362
66323239646236316233383332303134626235336233393864353438663539376630313734306639
35326363333239306132663066386531653434636463613461643263303631383166343164313231
31626336386363343663313562316465643663663862313535653561376664363331313839626234
30343132316562653864343332393130373336616139646262633665386364393335313035663838
32613761393337376666616661613466393961333763616230313738303762313838613234393331
33303539623932633262616333303866623035383965626636613536393938666239383736356262
31653763386630626430613939363737666131633461306662353034313964316362383735323938
32313636343231633533626531326638373865663863343337363831306235623264626633633234
63366265656535643363363732633363643561633461323937336565356164626164363238613333
36653935643831663835636466623731646465316238643438393733363864393932613537366236
61663939313835383534326330313366343734613038303137636564636162386231353331313337
39623363386534383239356433636630633139616337323066356338366661386265613038633631
33363135303332643033353866323837393765643539306434643635626165623261626639373835
65643437376631333863643530396265336133666137313038303031613663636330623462386130
34353239333136306166376432616237376262383139313930393562633866333361623037323030
35636164653063303831353135613638363533326562346362373630616636643532393938336563
63653432373737356532356263326666316465396635336531613731373661316534663837376338
31393831396431303166636561326137646638653566366236383730616134393037333432386335
36366536343138356565616238616333346632656261643836363439646335386639333736383031
66306265646261336462356366303632666565663730323062383938353561393736623135633962
30336462633866303730313864656262643464303830316634666531346263626539663335643166
33363533653930313538323561366166336664653066333039326263663366643063623664393239
31366666656266626338643934376638636239336432353530643763396230393864336561393333
36623832336361343636356234396664356165663531666331383736626265663535386361663532
33616363303630303764376263656330376265386230316664636263323931303165623662343439
35656235656338313237626135383563626563613031623431313964396130366438613134393836
39613434653663376434373866373931303835363866626362373562323632656233393966376435
66393530653230643865306433313963306235343965396630386465633530366435386135303963
32643362626137396461303835636362346563613635336530613039393663373863616561353633
38373034323464356362313162323230653336326335363230643435363835303235663634383636
63623432663833613738346166613837333834396139303638353966663463336631623762363237
63346465386161353835396162633336396266393766613532353963623730323865376133343165
32376539313563303933663337376637396235396538633464653636386231626435363261616139
64356664396132383833653431303261626264313263363538616336666631656537616334366266
62663336636637386261303837373866363631333038663862663363616337393430363761323732
39366133666637643537633337643565353930626562376166366134633631383630303665386564
65393535633864326461303437353834373533653437623866393564346532313661643162313739
37663336343035323837353962356338636333323035386366303739356331356638383966303038
37646635363165616532356462323033366239623730633866323630353631623666613036626138
35653234653863313037616266333330666430666335356364616633666235336631653963366233
36656332313033336137613063636233343763656663366663356331393939316532306534323139
32303163396532363666323235363763323235643239646662333362323838303666653035383463
30626631653037336232373438346430643339313134303434373738396337353762653961336237
64363161656162343762643037383836626334316534353133656237363333326363623863306138
61306166303535656261653433376232393731623631383865336663633138623865653037653666
38616135383262343732303534396338616135636566613735376362613363643139373832373930
38613865376231306265653130633765623336393135356337323835376134306461643362313062
33646637373936623562333838653265383861306230306638633236366438333361623466366335
38396362393564383432343366323339636661623736353437363932373337613964353639646264
38353666613939376230663062376533373631303564303532313665306466336233633334326236
32623466663431623061323532316433383730643538343361366331353665643562306665343364
31306431353266643336343239623833313837623830613335373435326432366333636664326463
37386261393031643831383566623462376639383037323336646165643137653532326263656538
63343062633737313730363237363533343034343437616365653933656135396565663832643131
33323266383464333836613630343065316138393338316137313031346432393461376537343364
65633832343765303063333133306463646432313063656134633132396138386661343562326436
36393939346334343339303139616630623362643761616664366634326439623631383731386532
39303838653865643633653834653034646136646138313330396238373866326364336564626135
37303831616266336635303632616438646531326561623037363630323538643162363763373935
61383639373531316334626566343430626537393232653835653363313432663937316532323365
61656331373430666535363630653133363133316665653333636462313037373531313137663061
32326636373734393938326232393030616161363932356563653063363137633139353564343461
62366564646630306664643336306237363864336164336338366637623733386638626633613730
65393162303964666435623562393335326164656133306363613132616536373234393561616238
36353331623335303035656331376334303135383432626365333731663464616236343062363464
31356166613035646335663533643939376638616530303234626436393539666465656434653031
61303966396161346339336436363430393038373763366366616230313233396563386437323562
35373565343063313037656532333265313061353661616131333939383837613062633231326432
33343666663036346631306534633738316432613262316361613935343434383732343936646261
62343436333962636361393466643262613432336138373731326435393634646139316164333862
33666139346638366165316662383139376163373965336135303030333065656335363165393138
63343765323061363837666662323237616332346430366264373631373539376662663731393034
38633864383432366237613662623064383034316130313130333765313132353535613535313666
61646535626131613662303538313935633064356561653132306337396236366534613466656463
37633765373237353266363035613561343866323638636364656337343431313764356138336565
65326530383532363830306563326237353163613638376535333664376136666336333365303063
36346361336632366362323161633832633134633734333635316332343166663631326537343131
35313964353661323039643130343035373433363137373136616366613737306538626262666361
36353234663332363832393831356131303538613439643635343437626231383635636564323036
31356464623535643033323738623964393036393835353035323533383361316436373236383163
65363638386335313362326530303365333861376165316233316566336463653133646361386537
31343661353636666533626561303338653234326436333239393764383936656334313935363739
66616165383965376163633163323662393630623863666366373661636630633435346433333732
63616539313966633331323435616239353930663865633237633332653366323466306636313832
30653135383337643561623161636434336637636266653734376464633132376433393735363963
34633362653738653432366431636430636539636465313235353433323335313762663137663133
36306532633237313662386431343062386139383037396430626666356361356330663830383335
63376561313831333565356561376234373861386235306131303563633738653032323432343065
33613735383565346638373666646430626131653530636464623833333835396262356535626335
64333963626639396435363765316365386338313865396565633930663862613636623030663262
63633662396436353035376535636535356631643266323430643961626630623665643239633039
36316536623939336135626336346432343131396165373631353961666663313562633966376134
38633332336635376637346435653132616639626139653639623535616534343935316561623961
35373763656232336231653736326164613366306164303639656231376538316235366665646530
32366432616361316232313464623136323763396461666464353666386264626166376435316234
33636332643738313963386464386639643839373239343862653265333730386332353933376334
65316635653238336264653462623365383061613935653430396563656631663530353538666435
65333435633365366561666163383236346462646237616238633261616232393563373538366634
63306431316430663065313130306632623162346437613133306562303037343834636531386333
31666562616437303961663137336339396562386162343337366130326237646162343864373435
34323434386666633639616365333764346461656230316634663933323433393235623833663963
66303034613137326539353030646161393430313834396163366535376165643136353966623131
35396539303766643164343835653731343736646234386666343038383634343465316439666362
66383837313639613430656434356630356236646164663531663634653561363864323738366235
61643438656331383166356265313062313463336633326362336530643430383735623862306237
36656163343766663639393765663163323830623030666533663462383966363730323833666130
32373664663439346566653838393861396262323966646263323339303834633430633035393362
39373664663061616435386135663666616234633437373961363231326432663366316634386637
35623632346666663430663839353733656538333036383864343335633066323932316139373261
30363566623437626563623336373064623166303562333438306132326331323231313630663763
31343262393461323765653361333231373863373036373339656666363564616436663264653036
31663332313338346535333162663138363236363231303563633461653939623133616231623430
30383862363836323132623735633333346630396239396163663838373337626338363034356637
30343434663030333165313136616563653061663266303366623230653130633838316366353630
35636163363438396566656434316233613664323436393935653636316131313331363633396436
61383038613466646131313966653262303761303736376533356233386463653336666638356362
32626262646633316264323930633264366637623731393832316262386166373930333130346665
62363732653635626333316166336365633861396137613233396530363130613861393764303431
64313533366238626439376236376633396563666162343531663538316633333133343166373061
38333161663338326263303430653731306465326335393632336137356239323238616439346234
64386661643839336364613561633232303865346362626639386166663037613262356238366136
64393965363062336564393732383038316336343235396238616239356330373031326565626361
38346336366636363332373931643730393335643666643332326532616635336130373161653234
62313437626438376461393033383231393662663965343263333738613438636136653833356633
64316234656665633038356436663866326638366531396233616236636538613736643136376331
66383165363565626163363538616538623838363331316331393063356533356331346662623762
62343638646332363533633132613265636335373832343636333934356634353861323465666463
64303062313830356462656634336632663539616131663965633661653665313831316265643038
30366465326430333238663631323063613135623132613965313264666163646139333765613663
33323238336639386136366135643539383061623866626534346163366465616434393531613731
39616666373839393166623732663035616561316562623033336330326130326366343161666134
31663065646361343736303938363232646135343661616566626333363662613236393630353638
39643566353338666632323764306434326231653330633831613235303166636530633233666335
63343032613236643638343638323739333861356539323062303934326135316562326334663038
30343038376635613664383463323766656437336562643037663839323239353638393733643131
66323130653238633630323061353831393131626664626437303739663864313065323230343766
30393862656639373366303138316166353866373037653862633739653438653866353065396262
61343662653463643334376665393837663236623934306539343631306430376237316431613264
62626366323635613765653632373866333737386131336234636138623561613462663038616133
37623664643935306639646134343164303436623233343664633439643065336661356434653435
66386636663739653564343937386466376230636662373835633763663237306534643533376332
35393232343433366238303531316665346566353136613134633564383732373030316364326635
38636531373562323163303635366566623337633836393663363464313661623265636639663066
36366362356139643466613234306332336338376536666639633539386633383532343764643262
36663630633531306262393263663935626263346237366638396336333264343931316431353838
61316438663437336133656165373964376332653764353362396634366261383935393163623334
30333835656262646161373639383733333738643436666431313335623463636438633662366238
37396366613233663265363232373861653330356662643236376531633936373735646666303562
63653761656333613137373362333031633137346337623263386230626236663631626538336432
65663263306133393230653635393465656239636230313539656639613234386264333136623037
37343631653734343439316431383238353037623536656631383237636639656465623865613563
31653766396661326265653731653262303231386666346434613038313537623664333864356363
33333636663337663335663537373565353062666166663939303462336466626264613838623232
38616130353861326663383130643863353565306563376261343132326465373366636165343931
34333532626430633839666532613836306365666330356635393739396264623831376335363431
63373436333838313864653963383265646336313030636231626130613361323361623830643563
38643434316438323630356561636162386530623532316334383832313432656330656230346661
61386431363735303163613361373533613132343664313766336136626461356531313431366334
61316438663434356662616565393539356535303937313666646439623831313762656238643430
34356161386630303939376531653364386433356464333430303538356335326234316131346261
35623863623234326262353564633565336332393565663134383530396564353433643936373331
35333661646663613232363931663032373465346565316439373661666336323836376262653861
64623764613964316236646465393565353966303962663835633961616439653264336331383233
34663862316665383766646364613538343461386633616566306438623264353463363466303961
36393366623066613062643364363530376663646138386237343233373132316664326661393537
65393966386231616135663039343531656163313364303535346261326430373331396232393735
32383930653132373831613462333132343964353564653936336131363536616536306536643536
35396131306637663562636532386463643933323134363537643737383131383466316561663132
30386164383934343632366635323133373764653836626235303830353261633736306339643733
36623735623437396630333666323334623765653532363563643039616535393132326537643937
39373562316239333436383235356336363333653062323135323332366465306331383334623264
62633465653666386665653734303962386337393766333730313431323637633037323638383665
31373931633264643430376239386335616135383438386338616634633331646539323766633035
63363865303035613162616561326238643937323764623433616164633932366138306165323339
64353035313964626232306665306136363231356562663238383330323736636630316561353234
62623166323362653265383165383765373664346231653333646433323931346630326166633235
32666134633362636231316337316661616232613665633830663065353936653237353637656131
31376664613439613038343338363930353330313162333535613932373362623430383562346635
62303531376236313865646336313731313938653264613061393236623062323630343836363631
66323239333663396431343665393464613538653337643063333939636362303466633137363835
63333138363234346430653865613434396434386261323539326565663766346532313165633030
37633564396632333133633765366661363834376539316664346363363335303932643536356532
36666635303363393465323139623265663161393436343832616264383439646366303230346130
33353731313966613139636430313734626636373736323962306262623432623030386465333134
63333231613065313536323466663132653766366265336461323437666634336462336634653862
31343838366438393063303866386635653332613062323231323035373066306233313431643133
32663333613832306238366134336261336463663463383736643431363134616166356537383035
66636166326163346134386230623330366634616366383837366330376335393665313063666630
32353938383630323631396263633633396330376539636237653161306231366135366638646132
63366439353839313734656436623535633061356235626631386562316137303739343230656361
33376131383539646133346138313866303833373134646233663333323663633334313639613061
31303636623931626438653539316536633838333466643035396565613731666563353239633663
37653431383337636564623330313237363961376238333230303933353138326235636135383166
36386662643030643436336530613366336635323330353739613334346131643937353638626365
37633762666638643639376534346638363332366237386264653664666531633063663031623664
33353939353138376439633361356461393238643531323234313231613833633132613562626335
62346135623664383463353064363738326363643532666165336430306236636537653136656164
38343631653031636532326661343934646265306535303433306432343330366539626264346431
33623366653537376563393139646464396438336132626131616637616464613430373962623962
34336331346365363166643162643636363463636439653936343463323835383433656363636438
39643364396539633364316162373865303265313131346162313538336661333365313931326563
36303864383430373836336164383133623263383530306265366539303636366162616162663765
37623662366639616130333564396363323530383137306663313264396639363534643762646334
30666561393031613038643166346665326332313438396331633230393939313236386638643865
65383932633437656566613230336438363130373333663636633438393936316563346264363934
66653462353663303761626331623630663764313134636231623866323662363830383132323136
38616132633136306230663132353861383337386364663933323163343631356465653763626637
37653863316337623964326130616134396331323230393139383633366665353732623334373039
38396233613664316238316130623062323865386362396134353130646235646563626237356537
66303863623539353438356532613863383938386431363230626634643935313365323161623931
30626238313362613635643533336365336561366532643435393130353466653764656239306336
30303363373861616533616135336437636339353431623135626338666162313437383962623062
64346636316435316161383633343564623762316136303136613634393263626638363664653537
64663233623766663865396633303036386261313136366536386339633839353434313630623664
61343837306333303531343162626235353365353537356631323438356538633062306137613762
35376638623662373333646234643462373435316639376330643038616639353363326562643634
62623065346237383964393934666332656632643335353164363836613164306634633733633637
64623465333862393935373966333233373935613163663830393237336339613237346139323336
33333462646532623462396165306435396566303865633831326662356235396438336264623234
61313836353639356337363332363139383535333234393735666132636234633730656135383536
35623033333739313030346464376530643030366637396330323864613936626364396266383837
66663766373136653565333064316236636132333663333766643332656665313734616464313938
65326538633265643035653461643636313663626139383538643130366530653862316139656630
39396463303632643637323930383134346537386261336465376466633635326436636266303139
33303034383835663463333838376532356139353638356637343763356164386537643630326133
64393862636163333932653762356634336532343538623335356532643861326431383061643233
63326530386233363162333065643536623662646166373961386161333237366134636437636438
31656638653162333764396161313466346335356161653061646535383032623766306335323937
32376566656132326663376630653731336633353163393531336363613539336363643335376236
62386639346333643161393939653737313135383366353635313964333533623334313433323132
37346134333062656565663435663439623262393764316530376434363137626462653366363734
32643232623166303061646566666465356632636638373430343430653266643564616261636133
35656562383933313266316134383834653736373033613163666431353530336366316531353637
63303736353261393565373631333333313730633462303438363337636561393835303966336336
64623837643335313737353036393332353566643563653762303732353834326130333336646363
37346662636334663235636236336539323666353633363436616661336166396365636666383861
37346230323031323039323537356239633232346562376539316137323037363830633532373933
33636231353735356131316663353737626162393331653035333235376364636161383264656632
31383232376535303664383331353739393432626431633163343861616562653831333264626465
62653666313733376236353132306465623265316337653064616364343830326237313262346534
34333464653535383231386665346337336666336430663361616164653538386531306533333661
36386133616263303166376634363234383865666538346666316437303861656435366633613164
63393539646264373661623034323638623364313530663031666536626439343636303932633965
37656664373638363030373661636432666331613739663034323362323862373663373434636465
31343863626166666338643266393334303131393563656433343332623365393135663166613363
65396337393864653138353665323063386337373666613339636436316231623137663666353538
31393235393431613638386164346139346336313834303265663261376365633539613737626436
61383862666137336532666238363231653463376364353465316233636238623230636364616561
37623764636162646230343264323161326634323734656634396132386463323636616332303834
66356665636636626265666363373834323334306263393163383664396634643566323362656466
64303133383162623763333135353935633732613266376530633837303132326132646663663039
35396232666633653062666463323462373032396233396436646461363262313265613135303931
34393062633461373263323238636334343030393432633131393136343265623434656235313230
61613433616563366135326332663865666366326635623464333535623130383231646331373834
32353464313365623662626666373766653061646366393737656535383439636436656464343839
38636130313566326634616566363865653138356562666261316534366366646535346331613166
64616131306137643532636239343631626436663433303833333565656131613963323463383464
63366433393539346438656630353663646631316332346331636439313336383938366564313665
30353536663564646533323737643834306533303732626338343366393932666163613465386533
30323539616366626464643733636266336262323933373132616636373463323432633935613361
39393339633166613730373530356630396236356363646238386565363230346137336132646538
61636238613239643066303962346334396336393466396635376531636161613431303334336135
36643362646333303634303363653766383631383530373635616331663765326338393136366364
63663637393233643332346264623130313132613664336135363332393333653762633535653833
63613863316436363764373139663530663135303363313366633534633532303965653539643139
62633966356139643061626433636637323338653934353163626534383432663532306162396637
37393037353239653839663765313832343333336638326166363735626462656531303738643731
39393735643631656562643565393034313236613461326637303233306536643338303263363935
32613763353135313262613130323639366435326265636639663637346235373833346133636664
65343336663166396633626662376135303931376263383837626366346265663334326662616266
61613036656539356530346133303237353632373530353431653035633966313534643733303637
64636266383165366162376433363164613362333434626361356562363135383764343932313430
38363837376434666161376132656365333963653362373463393062386264323438323265306337
66386238626662656263376234343338653163646137373435366461313438383866666566653637
63343738393137653235356539376131323362663435623362323235376235306364666538336439
64353735336362326236393035366664363133386631313032613361636335643331623031333538
61323336333032623831343935383666613762303339633864636163663730616262386130383861
66656665313266333063363266363936386633633932613338393234623837316164376363313465
61323530653533363638643332383936623832316136323766623130393036353737303561373164
31313965313533373461646237333066306438396438356237386138303864306131326137333262
64373263376536653063383063393636363333346636313637386262306433303361663362346239
62366266366139623066623266393161636235333236356662323832396664613839326633363032
62663735623439346339356237643565396261313661656563326638653166323537633264373739
33326265643530386533386465356563613237343133663765376535613737316163623333383337
61343230313034376263383833636461613832386335376462363336333262303461653139643338
36626235373738663061653436386466386332326465336161343833316630653765633037323964
63363038643063663065613830396563623231656462633935333939343834313962326239383432
63653964626139333465313633333837336365366337313866633732363761343534313539343738
63653639363134363762333130373431323833366636623862663762386431343565303536316332
30313437353834313236333334393633643930303531663362323639366435666136633235306631
36633831376161376434643562386265366637363031633863356533303161363232396430616664
36643431333239613337653264346563613865383737323531303563336561646566353363383766
62323937393761626364343763323264393236623731333761353238306434306363623534383664
66653737383935643262376566623338353762666432326236666438356663656532373130646263
66343232313038303361396239656538353865633566623930366364353231313165326638336662
66633138663463353862323430633839303330323537306331376633353131396538363465363933
38373533643465333736343661343537653865623035346138383332303132343462656331633963
36326563313563313331623263333666383235366131306164353934323261316235353861323735
33343861663666333935623366643361373366653762613736383732326434313331333864376436
65353462303335333464613432353330643832383530343464306163313830393833323238373263
32323565383961386466636564643163346535653365366334343037393666643833613135643334
63333931643264643932393338623531623330633239323639323464393636356430303033303833
37616638363563636561663261626661373865363536383266636333366137386364333038336539
61663734613733383463663063326234336261656334343837633566376336393863633061323936
61383661613831316135393439373436326530343637623237623538636530353562303839383834
33633465383364396535303036303533663134316262623238313835616634633666613130303037
34396163343833646561613537373361376431616336326333633532666463353235653937666134
38353063366437303934313863633330313237386235303663343332643035303831343161666637
36396538633738336337373837313663343738383434656662323238636665336537396533663439
36616661396238646563346539373034386237303137376261636432653065353465343931663165
61666139316261356538373761363563623066363335303030646234316333303334346536366337
38626435323239306165313137373161333862393164383330393738376135333335633437393563
37313337663264656334313032663937313632383133326535396262616235356334376231306236
32393731343039363337326330336464353837383531386239373365313431303737626338656539
36653664643862636330626639323834653732616534373937383531353232663061343463346263
66653139313964653038306563653338663763373535333630373837393161663433313264373036
61336135396238353566356263333863646235633631386262643631303936666166656366373231
63306266633565646339313366356334653435383962616632343530313131363636333430626431
34323864333131646238373234363639396161323638363234353637326433366439666164333535
34316137663432323461663466646563663936653937633231336565383166613730323264333664
61343363316666316434663932643138333665626263333964363938383336363362303634613337
34356536623161313034646233396364323237653365643737386536303735613430633033376562
66333431323237346562653730626330363234393838326634376561653532353165316465313731
66363562633231666132383131613062666138336236393265326231346565363566333164333462
65613338366632313562353039343564373331343834643038663037383362323464656562393731
34333532626665343736626335663639393366386431323339306561646233663134313139356363
36316166363263343635323263303632353739386462366562393331353339376438393564303131
32343530393666396539313035663735636362363962353463643538323465633866633862653866
35663338656164396638646263326161376438303362353633333436376263326464313633613731
35393564356135323438353034633331353964313430316663663631383535323638306433633331
30313634626338633764623032333832366162306635656636633364373437323866613135376230
65326563316566626332306662343165653163643666656466613637663931383937323766303036
34383061383934353766646663343464343934336637653261316439653034356564613466663930
33616265346361346237666662396539373135333861356530613262643562376566326433633363
63623439383930646237393566396439636237633837356233353266616263646262326161396532
38666339303736353664653465656233663830343862306662356434336166383033323931356665
36316234366336326532383464613638303063316139326233393363326433313537393361356132
39356361346131646631366532343535363833643932373632646335636434663435336564343233
36383262386132613438616134656530386538633931653566666138333165353731326130376362
35663162373230363233376235363632616636653163323161333963336331653138386239663036
32393332333063663237333134353135396164353366383937393666313261396634653165386662
62376133646636643131353631323764343131383036643432383030653361653833633066316530
30643964663738343938306634653534343965383861336531343937623134626237633734653163
61613461303136353933613864363031346632393038393531383132366330393632383261336565
61393335313566386430613233373230333465346137363330613565613961376161393430363263
38376262313037356534363839316330313162366137353137346537643365643166313130616536
39313131313761393362373832373731363139663534306331356464626136323236393865366461
37383662623539326562306138313264626233323936343730323266303534323933373433313731
66303330323731363938653537313635396166373335623866373531363133333762383966393137
39373739613537323166343962333066323931613834616134646664626234623831663230643731
34643235393061353630383230323530353932316462666430323936373261396134626132373833
66313339613433623936326365323166313165356166623837636336323739396132363930363863
36633036393261323463616465653462346430366532373830373930663464633161343537326565
32393136383139363439656433383831303135326662376262643930616534326633316437396335
32646161396230366633633233396564343561336232356431613165343433333137643839383831
62653864353737313938633733356239653037376265363038383830653234323530313062346338
32343731326461353937353433303130656137323234346633383662353831383135303766346436
30633939646335633865636233633430326435373130383165656536616235646137366630393561
30613237323265323563316131316637393338363439383631383064633163383366306165316332
30313232343466633335323436346333393833303636633030323766616532343638616438323464
62393439326231343838353035656366613364306664646636326238356536373130366131346233
39306164653232376463623938316465666334333637643138346431383436303236396662333165
37636334613265623032656636383031366231613335666534313039313431643063366263363131
61346533343430316361663636353465663161373035383834316166653039396431616536383662
66343333636632393939333066356431336437326539643964313738386264646264333236363531
32323961626336316133386337343262393566303661356134386432373436316665393262346663
30656230306436643138356563303433313165306430613732313266656565366562303137363634
61613362396162326634383839383161386139383365323637616564383930303533616164656539
30663030303038656137613337363264356536646265313365393863393733326135343232343634
62393337303864326262663832356263313538316237623537613531346663386535393961616666
36313837393535653138323531613561343163363266303161363436336366373337336662373030
63643135633265303233303639363062623565626136336137323335326237616630373763333033
33636664356530356135646464613339396163653732633133393764396636373131383062653234
64666338633431646136373734383732626338393838623836346333376661363134633964663365
64356434316164633764386333616130346265643832366564633163343765643264373030653132
36343961323830653830393233613831333738653132393162633431396139363838616634346333
33343139323461613763316636383030666432383263343139363530616131616538656263356131
38356438656537616338323836333064623337616262396339613233346233323765613039303836
32653330356533353134666434303765643930306635333736646133633462643161346566613630
32656331333164303939383036356539356330353363313734396333326231613164656533633131
39363962616639636263613737656135353538313534343864626539366433343630646165356135
33363863313230383936363333396335643338326665303266353365303836343431633034663732
35346431333761383062633432663462393033363061653263613465393765343239313539306165
39613739383237393961313931323365663866653933356461623866336638653831353837303665
38386261646132396431336136393930623932313465373832663562663537393162393832623739
33393739366431396239653532333065333264373464323539643763373931613234376363333164
63333264323861386465623630313463383230383738356565333261383631323833653237346138
39613832616334396238663932623861303566633434376363326536336538643764303861356538
35653633663237643663396639396132633463613938613235316163333030306334633535306663
34646531353062353561383864336332343436653664656433343163333130303431626639643634
33656562326336396665353963663135326663313865633132363733386165323031323430303361
61643630643930313530376531626263393864376365646462366361623332333930663839366631
66393361336437303036366564653738666234623166653965363132613065353538316262316231
33303461343231396431333762333139366264306631323365346565643763386363636138303966
39613430343062313939363035613162356561646135336130366231616463336364376666306137
39323630346435393965303266316238376535346265303239626137343931623739323034626237
36646264393938313061663036346665336136643061653131336461323835633062383539666363
36306262666130626462373965316163363132373463336639326539653666343430623033623232
39363137643930643761353234616461356164613061343737643538383532353561653961353764
33333263323566353937623739363731626633653039613531306233666535633537353330326637
39346138363263663766393436383830353133616335313932363437353862383964343339643733
30653838653763326332636565396130366563306436623838396430636666333366643838616364
65323332396563623432613766396332623439346237656533313232383636316562323233313034
34353538376461623131663033623430383835306139393365646534356638623561313832353131
61346462326432616466313433366462353336363431656132303438313363316638306161373663
63306564326466666265626537383038393839656333373331623638316437393564356666646330
61616163396361323366643666633337393964306239646239343139306634633539643935353935
38393065333230366139313331646462666437663733373334653163343264623033653035636165
66353466363365343233343237643238393731346662366330653631303638343663396362653335
30306133373836666335626266356463303832313663623838613032353734303063656366376165
32363961383339306231663335346265376361383637373539396632653132653639663835366135
65356338623863633139343265356533346136623535316666633330383134623164303731383864
64636262656635343765343731373937653466643035393732326332303937633839616262366230
63626331313933633061656437656132346532303561363463376136363534313133616666383735
38396666393534366138356665393862653938663931646530373265383639643061663435623430
31616530646462653731306532623333303334383635643836663930326434393933396334386263
61663235383834366364666533636332396230653862386163613234646465363663303139323766
37633866626638376235396635323834653731636533383161373864366637326665326462303565
35346332363739386235386639666166646461656662356533373463653864323834343630643235
36363465373537313739396232373136656631666234616434633965343135336533326366383563
62336335643861366339346263613938356338326566373362343135383739376539653731633664
66363061633065383837306534333437653932303437346435323432666534393864663131393466
65666530306630356465613630373439376436356662633138643536313734643864336439656461
32653965326130633534326238303130316164653666616237633538306264333164323831373764
33633866656666316462383365336532393835363539343530356533373765383431323936636234
31353938316131303730376234386564343535666431363133636366333863386562353937383635
61316136633065333866666266313431653662323736346235383136626136313933613734616135
64663238663161343830333437666532353266646538653665326132313861636338326466633731
36326535633963666463346335336137323336306363613936343731613735613633613962626664
39393564643035613034613230376133343632353365386366656134376330343635653339633833
37383535633463306530643635336562643436663832386638306661383232373262306233333337
30383961633039356638373563383863656435303466333535303262336236323437353166616236
61326266626664323138623835376534353839316161303263383630656231393861303835646132
38326465353063643365316364623666383935383066353830366537306433623533323932656532
36353464386431613261383062663865356263623638623735303935303665613832303038363865
31363532393836303938663562383865626163376233313863393535326530376132326336333164
33373238396164613231653664643034643430366363333334363863313131316137333261333161
33623330656438653737336665336165393737313232616330626661623133633863326466343866
37366336623364343766383662643863313739336264613034623065323762613035396265663832
63393631366334616665613363383034666565303164663032666332623063636235366661613736
64306538303736383461303631353664383839386361633663333866643035383763363338663433
64316566633066623331313963646430616234376561393239353234363637353434656631376530
32636134646138386635646438316434646130316239343437633632653137653232633238373939
32383233346565623866386261333361653662386634313933613630396439656435633536653262
34363962366163313562343063663565613939333432656230396338386131616638353461393062
36303037643165323563333265336265666266656366666531636232343734666134663632306262
32356438363037363534346430373838373034323235303763613538333031373764303166326338
35656132303836366639623661333061666238663536313234393662363235643766626165343531
32323434393264336539306435383364393139613534303531653564326564336463636263653666
35643564373031336334653463633038643263373639303438303933653565393438656239613036
61376433343030656533376434633563313461353965383735383630643036383831333934323938
32623037336437363539363531623963356665376137623833383538323530336434343163363234
34333836353063643334353665386463643765326236643632656137383639613461396331326335
66306364353835666637346531343739323737396638613133323239346465363266333264666435
65633862623539666466353363393666656337353638653836313462366666616330666432646661
39316436653835663066323562663239613838366539383639326337643234333163613031393439
32323234333933616433333835656664383566616532613432353032376239333164633361356235
33376362326531613165363536616563663162393136386563623234303263343832623165366563
37346665313864643365656635626364666236613931333733386332313334306532366561623763
35333263653134346363396534373937626465656663616531326364623864386365323130383461
37313637383638303734346536386663626361626461346335393563393430366265313431363932
61383539313766316238323339656564396537656131346130633032663462366566346332343563
36366461613134376263343133653166343234376532313139323935366632306431306533346134
37666366653166633236313937653764663261383639373031346263393533663866353064353838
62396230333635336636346465363563363638333862356532366135386266366264643734316331
62313666663064643130303935646231346431613531353062343535333362326637333637336463
35646532333662636131633533373733333631376233353439383436613331653064333966633730
34643530323536373937663830356537323962336630343064663761623561383332626636316438
62363633663263623634323161393764323864336637303965393863636563326665633537303762
30326330633935363266353263633962343863336165646439396539616161666664643364393539
38383335616338636631343935623134383966353731353831353033383863313862306638353232
31646239626361323361623331636236376539306565383637303564343136336537366161313061
39386363356261383364353033633066333837636338633138313031393436633538373134343634
64636535666261616532323231633632646463346131323265363466346538343637336637303262
36386666646464643530633431386264623432363032393465393935353861326235376666333463
39373966313365393161376166663030316365333636616664373838383334376563333738386330
32303462643339383262666662653462646431346438653263663537376431643532383263356465
33386537613762386332306263636234616131633464393933356635336463343865
