$ANSIBLE_VAULT;1.1;AES256
33326435646338373831303235306466306261653131393734643336326539623433386363623739
6531623861653833613237336434616430363236666633610a303634653634623831356635623634
61303466633035393337356639343831386539623631653531393866376333313334663735376465
6638653562373739320a383135333362616164373932383031636330643262346465653039333639
33353335333936626464623036616439643661653135306633633431633433333762383466306161
31356263346536333036363439366530323436653864653731306137363665383433626663383465
64343334656666313665383232306138333864376164643737653436303366613964343830356235
34396361303935353463353764326435363535386338333438363464643530616531383666316137
34363739336466333935363361653062356232353339303834616432363631356337323638383865
65396662386239326263363039376161393034386233353964626138643435303262323535383462
65373337353032616639373438656231643465306337373139316533306364353339356237666566
62626131316663616330383230323838393434663265366563396233323266656331323136386131
39386463386538616165303165613962353764356637366530356433626531613361656138633938
34326530623136653139646461636637376233313564336361373633633136633830656431666436
62316233643963363136323266636636383038626131646234343832393531613533663961666661
32343636633437643639636166666165343338373631663736613234656631396163373130643239
61653632306630326464643662353631356436316336353065626162373962363630653935316335
34663137333364343262303234363334633039373231356132396439386166636361343231386538
36353963383833373833383866393531366133373333303232396338623831336438386439643135
38633933653664306465323832313662333137653932303764366333326430613364656561303333
33613435616330626162353533613133363063646633613838333733656535656133303730666434
36346661626533376561663966313162343063343164396266363234613966343061646236386533
37666537333361333066356233346534353364323430383564383464666334623534336333646561
37373334636435313466633734386264626365663830613337613762383963333836623563643561
39653733653961663439616633333834383237643736323030383962396631633031383462373666
64383062623165613438376264643566613134626638643531646632333231326532386530366134
30326432633132363737323065333262653461626335393535626436343366336531323466363837
63323566633938653564386435656330356261633831663430326334383630623630323433616434
39353030316636363964393762376165353865333635656539333630333961656135386263376263
37626638653466363933656638633762663961646637663162383038396235643239373936626634
36616235633930346463303635326236353630636238663733323033613634323230616364393730
63386562613535623366343366356137383730636136646662306435336265626337616265326336
61386430393435653965323730363638376666363737313562333465636662616635373564363530
31326166663066613966643334633536363466396436383634323161616666376634373031633530
34626463666236636237336439336635303265386162366530343739373861333836626433346562
35313362663034323261376230323834363936303466386165643330663637333836393933353663
64663533343733303037393234376339613331373134616336386663653364386534623731326535
32623634366132623232663563613537363330626534383765383532656130646565633662666564
65303665656361363635386162643139656563663161383132653463313966666465636135643633
33386333313164303335666161366263343933383739393465653563393736353236313633373965
66633766366336303934616666656164323937336533656338376136643636646366383730356632
31313238663463616464356530643562666362303538366132353034613966363632636532373765
30653237636335353765613638316535303832643963346533646337376339393864633863343765
32383963346465656465376633303538643538333737653131333164646235653932623734346536
37313131663936343765323933346239313966323934616263343566646662336332643261633731
66626661356336333463653166356135343138643332336330613766343663346430373234383332
65316663646662313438653532356166346661623832656332306535326662313262623165633363
63633737653936366437376335383731366166393635653961663365383865636335626533363164
37663166323238626635383736636634363264636462353865323162663464356235366134313466
63653862393535323464363239373162373461643265306462313266656262653566613461636266
39383638336332613838333138313664303638633865613735333165306132386137373434303866
39306463363865303036653064363336653765663136363066343763663437666163336165393161
38393365646334656333646237626363306335623833323234326338333638393533373237613665
32363238333136333331376632313939343830396532316262306538323939366138643562333438
32663838646262623236666466343965383566373863333337373662316165633861636166306565
61313732653964323930663663623362373466396237646137383035343934636234393739363465
37626464613730623235636237306565666331323534306437396339633263376337643266383134
66366131383763653139386266383864393763353564313931663039356138633466343632303636
39313234663761306630643731646261666562663838653030323262306663326161333634303139
33343839626333346435636430643238346339663864393733663166626130633663373238333664
39303534363936356361393035613661386132646364656139306264613762663364333734383837
30653062646461323637663364383836373430623838313463353365316236626635346530326636
36356162393633353931333934383537333136646634373561383838353262323764623932356462
66386532396139363063623030643034653939363062303562393838383134613637356166376533
66646531353961393833316238613962306464306262643864666265613466643531663236326634
37666432613433393731333463633532363463303266643333653438356564636233396139643664
30626130663235396233626437323865306234643565643661623666663832366638633531393136
63373164356234366139303935356463343238353761663634613632376435393139386562386430
38633233346632326461646438346637653564613230323263306363323932633562633964663662
31356266303562653362366463336161303436663935316133623361343635316261313731316531
37383936333034313462613134643863326563376362353032663636313766643763366463356132
64623633656431623535323265303735373434323639623463643161343362326633623830303030
62306531646132653835363862613166656434353339313234623362316638653634376533313239
30306633393233386637326463653766376633353535666336363763353034383831316639363565
31386561353737336264643538663961383232656238363133303331346132383866336331323834
62323532643765656339633838343930623338313962333466336361336137343535383333363739
39666434653633613331366637613865616130333732346337313061666436306562343831363863
37303235383361316531666237343135313639313532643666313237666461616561626463636334
34623564623263653639363665366535363630356463323031643336336130643531323134343061
65346263356630366236646263363132636636326532396564366239633536393264343932613933
37653232373932613261666430616535373163633732363866646162666437343061613763333163
61636562323539333565303231306337323663393437633764343666313566393436623739373465
62383334626235336437303031666535313035646535313966386231613165663539363230636135
61633166353063666639363239663632353038383134663734303539376532643735653962353537
36333334666633363266633438383761663833633466353630383135613265306331643038336264
65643436396336623537663532386464336235333636646131333963666635633265626134386561
35343331383031376639653334363366623463393736656239313231346166663465306463336534
38666638393766313666633032653261363763363864356362623233643336646639366365303961
39316434313138613961373036316138313764363635633035623733316239306333373939373531
36363966333634663937643234656231393462393536306335613765303464396666393031343035
35623935323061393834356162313666633864653237636262346132343461396439663735666166
65363431383534653830613935616665313730313662626234343033323531653966383266633737
37373031373463326261663465366237623837326461356433316464626633316337643036373966
38396538333330633636396130663835383162656263666634323635363631363435623730376130
66323566383635616665383430613966623766383434346265636534303836613738366463623631
33616331366635313762653735373334313034336563656531636161336565303761396139383061
36356463623638396439336238626234363732366230393939346334663730666136303830386438
34336438373731613464396430313761616461373035323737346339313938653161666138643963
33386134383463353039336431333230353432316530663664656433643463613131356565323765
66386661393134646533646436336161653033363432626232323963376261336639306562353232
39373337643339613237653765376530333737656433343439633738613763613030356432626564
66346538356335323265333938643138366261643630316466666533623136303235363466633561
63333038313063326261313164376263656266653035383266333563623364633663376632336432
33313364616232313465346635613165653630613239656234626364653033633138646333666332
31326630353937336365616437643438383336343066393830656263383161383236363239656439
33323334383637373162643936336461326134623962613239646464373664383636363534646432
34643035373537386232636539373235663133333637653435656339323334656661616462636538
37623462633534363939663662353166666431323031313635656139343564626665633565653530
37626536653563376634323837346564363936623765343162636234623238643562363362353963
34653235663537316631326565653164346138333361316433343839643765373066623162383739
61373232313961393832636631633935323262313964316333633538333634633436396638636434
36353964653164623433393964393161333463656662306432616662343136356137353563356334
34666161646135656336346630666639353136633165643034343532666238636166656332353932
34633038623034313363303963616530363332653337613765313832356338336632323561356534
66393464346431353936636233366634316661643264616232323330363161636364343331313734
66363834316230633636616136636239613932663761613738306337626633323361333032393061
36646264396462653231663732323761316263613862663132636639633832663063623934646533
38346266363337336532383335393966373763356234363733303935306337376638626234663535
31396339386335303462346232643863363263326561343263303034646132373465663938626131
32663039643934343832613731326461663562303965323538633464363561633735613635616234
33353462323134303334393538326366663861383466343330313138623438626166646333393434
63383334386662303965333039343833636666313863303463613663646461353233333533393139
39633236393839616665643731393666626361663866383835383433616264366530623838633536
64356366316330656335326264383034653932373831643136346561363465623238333838306161
32633735393431666236376562613363336635636464386138323037343963363134326535666265
66666562336638626631623632396662383061333738636332613932666262303438626633643962
61366331356530326436356635363838653563323461363334363937333231303961306135373037
63386365666631353537623165663334333237303264366137373663363531333035396338653432
32363363643134373839396363383630346566353566363438663465363365636337343065666531
38366265326563626336356665633966313539393562306662346438613063616463613337643932
63313863366633343532653537396138616636316238646631656637316165313665373964613638
32643963623735633939356234643762353936623037323138363132353165333930653335656630
37356662306233626163313234393332333064663061653835386566343934316262323130666437
30353066333432383262636336343734623031386564383931396539386534346532633865333236
35653764393236366332643232643539646264383638643236383364356461656661353036326639
38623937306365303333346130666331356335633933326632303734356137336434643762316666
32316661353265623037363935353365363537346634623433396362366239623433316538396334
32653838663839663533383331323335326531336261656632626233643164303039396164323363
61616430643830613262313866626632366362366136363935643463383362613863616334383861
35336532363964383833333539663137633034333235383061343262643833356135313532643238
66353737356365373635643030303663313038343165383861353862396465373236363161383366
65303561633435646166613730323330353661376264343164636633333734613534663135373066
32353362376539323762646138663364336130316566306536303662373963376366656133373064
35383061313531613935666434373539613933363362313461346566323034333635616134383930
30353138383261336131343662396366663134363533333264663239363338633438393334343063
37613239383661366362653932343662383439376432313438313537623164653461313664633166
61646464336261363038613934383732626532613736643732393733383565623765373962316431
62376133666132613738363766356365303331623839643962386332326233623732383639616536
35363133623061623534633638323263333963363434373138623334333535613230316262346362
36323465326538313065326636396161623661363061323965373134643036353066316138616666
63653332316561386164393734613436626461663532383030636365393836623837633463636366
31613939373566616630303835363861393336393766643438353236656138303839313963323564
39653961643738396632306634623865343739633733383430336236393038376430626238663932
36353734326533326665613736323066666361636138623164383634623666343063643665393334
31636461306235366639653966666532366137336636386532353832613230653532366261373564
64666165336362356439313866303662646332393965666135643266653239633463636463366630
39343634313834373137636233383435323164663234326231343836633832653465363762663733
35373665613866653864323436666138346138653536313763633634343231616664346565653632
33373637633866376461303965306337643464333935363234656533633638353239363564383565
36366439656538626464313238386339303934383166336230653830303862323266363433326265
33623466633964656635626530373135356134623830356461303561393734363031643435333531
38373736613038333431656436313965613935383537666134636466656564396132633030343937
62323130353034666163323863333437653931303037663765386437313639363136386462613634
30306131336532613632646366366638623665363561333763313162613563396431393563396536
30656637646537313430333131316164613237356263353463326235323231353939633432666361
36363262343362363462643161316163343932623662653863376266386363623735633336643964
35343131643161613233393637666637393565366634636463303866656533383065326664343931
65353339393634653332376462313538666538616236303337643061636536373563633263663662
63303533363236613632313566343861373837393833313935636264643536646231633131373430
32356334616562643032356364393564623962363431303030333233636334616661643161383236
39326235613732376532626130356135643231633765633032366134383435396131633462396261
33366165396364356630346434613937633662613238616661326335616137326136343439323739
36333532376131316536666364616464353937363166646362623338616630346335353039623131
64376265343362303339353230373661373766663965303462303337353963616333623035643336
31363762343863383232336534313637353437373534633431333536633134316163656539343536
37306461396564326263616535346139386565653863353461326666396561623539346666636330
30313332346438393830326565316661356538613963653031373931623338323530343965396139
34346266623034326562323163626430353834303934636135633765663433393932653265346361
35323062343730316162343466333233616261366633653165366135346565353538646362316635
37636366376361663534636531366535333036373735616431616536383066363935306238653536
36323131356261626430666237373636633636393666626230353933363136363939336638633839
39643435333734623461653063306462363534653935643437613863663664326239326331623630
36343461303965633561356534316133393166643436623630653963303838303865666530396463
30316430656430616362396332356439353736636536653764646332393938303331313264616235
39333262616366623664653732373934656239666336316166393730333963393033313939306436
61666161303963636663313632323031636561396332393062336132313430626538656564353564
64386330623639646238326562643166316264366138623465373837633864366165313332613931
30613839636664633066656363393263653530663533346465633734383633356636636336646238
38373737333763666533636138383965396335336366633763386435663330666438663833326431
32323436393966613835353430653566363932356364303339356465383763613936313730643366
63393061613738646366343731623237653662613932373430376163643561666264623561303362
62643937663163333435376137636139376561653633336364316462623037333039666566373536
32376631653935363332663935656338613239616437626335353936316233633932323366376536
39316335323033306338616666623837373435326135313237666435653066656639623463316138
63343538396338633338323763653339653437623736383931353432303731393839303563636164
31656530393138336263626261396237376235363032316365653832626161623965613761326530
63633364633964623037383937353466623239636530636362653933316137636234666262613930
36663361316661613231643265346236373064656464376134366630616631393837643336343938
36666263356638646633306130393664336266353464613032313964336562336563323864333163
64313761623631663662626132323236666632633461393234616139343563306561363538383530
37346161613361326166396365646431626434613637303364393065653233343964393839643835
63373132316662646537663365663661373063663938633535343538626662373438393433653435
35353337646232343834633838633932616265366464356666623538326439616130353038376438
65623431353366623134336465343330666632653434653835613033333030633034313633323262
66656135376231623731626366626430356537646531366365316364623230363138316630656237
34363936646466333766623163376363333834613831333632663765396433616435393038393131
66663761363331316535393438306431636563303532356664386130386539623663623536666464
37646238346665613039366365326438633366346261386164366230373332343238313234666236
36366465343037303934383530656534626161633362633466633963616232613935333839373838
62663831376333663061633665363566343731643939383830663735613666656461656534323338
66306332363965653235636462303863313163396631346565653966316438666264376264613861
65663831306334613430646366353432356330313366366433306637613138396662626637393566
35303362396531353165633637383264623038396330636165656633656439333632646430323732
65393737633632623833653635656635363131306331356634323864623639303931303062323130
65343033623331333237666461613265353433656461656566623138343038643162316361623533
61663861336632363938376438363963376366653631383764396163666466386261313739356135
64393366383739383236333331623231393639393330623930396563633130373536363433353639
32623038316337613633633630356238623534363931396162623437633635613666346237613762
33643630393032326533386666623034626237623932313765356333336232393164393062336262
64363964633435666563386462653934376131616236363038616636346164643265386338653531
36376230356462616439636336663665633838356566303037376163613835336638303230346465
65636339373362663534633837353937643138613165656130346566376632383239623464343838
31376664623562306635623264623765336161323633333362643162353933393534313932383863
66646464646239623833346635376135666438363263396538643230613338303534306333336461
30656565306463313639383839323861383432333665313063353361303133393731326331363231
30626365613732663062386334643037353032633034303463343939323265656233623233376464
37646536363662613632646337383332393534663565343365643762336437636330633563363664
34313666323330333333386363356331326561383532326263306665646661363430623539316131
65326361376636343835613238346262656338386137643838373737356662393036326364313531
63373034663233613735623930663564313163356636663861663935646266656263643732633431
66656637386462343935643964323433643438373966663731663562653836343265396266333737
36663532353038393935646639376330313431633231666538353437643666306139643665356631
32336531333431626437353332613566343431363363373264643237316561366438616237316663
32646165623830363066343964633965383865646439363836623162623962363837623833613833
30396232316266353439313039336637333832313132623931666663303430346539323635356362
35393538653461396162303931373934613161653664383265353733313136343761313038646335
39613663323865643864373364663936306236343039663438663631373037616532363038653632
63623731383763383464353834316131396563643238383535623464333866623833613936316536
62653830663032386438346136393562386565626633616163333537393331373632356534613036
66393863323437633537336636623630633930613331376334323337626362653632626162373663
63333261323466366533663331393062353065666631356631323764616638613866663939636361
36663333346666363363396538396363333636343837383830326164663531333230343737396366
33383436383034386538633434356661363532653632303562633763633035613035306362646133
61306261333463633337613961346234656164383161343762313864376462326561353363313332
63316630366365653636353965623630336231323236383665613632633132396537656336353333
61306130663137366630353966376533626366333962366166323139343561383832343339626364
31643337356462663638653262343165626639653336363335393334623165306135353964303436
62626335393833356333336438333631653566373938316330613531613739626264343166343965
32383163306132356533616463636138396135613037616130303363396366336332353031633134
63333237386432356364373662383965666131333363343538633231633035363137626663653235
38393564303165646431333762306463356665646632333133313837383935633034366333636263
38383832663439663232393666383862646134623333616366633130663437376434373836383236
31376561343438626134656331383437656239306436366166363730663137363836303137333266
63373731393838643061663431366132643637663336663164663732633466373932623337363836
65363061343631373361663433646531396237616364623138353433646537346238623235333830
62306633336562626633393931353331326239303937383633386266643065396331353332636631
35613366366465383334353931396530393366313635666339333065646533313561646430353533
35636366396534333136313366636661393232363832396233643832373639303432383266336130
66653161616134663563353635653533653933373335373936643030386633623238353835376436
37656666333739373438376133393637653366363466613031383262343330646538616533613230
32353234366332323838376561396630643738323437383564336431323532633030343061633738
36306135613439373436623834303164636135333066623361326562356463633836336138636232
62336437396635383165346530663630626432663030306163666165656262386131613539373865
33343832356537623333373637633732316533613937303530393864376566316634353638633161
30323866333538333861373865656238666338646461303835343031666333323232316435646435
64383036396538356631643864356230306235373935363830323766326266626466623264666161
64353432616434396366363030623338636632306634303762363563663165386232316137613236
37343163396631643331623365303433323337653932663666323036393366336136353332616363
35363435373635653931653934303934386136333334613836326663373464313230623436613238
61663764643434313431383438366664303262333566323733383438616238393462643266633032
66643164313337613430303731363233616230393639313131613962326531313030363335393037
37663865343062386462353836626461376337333030376163333335316234363837323130303934
64376534656534356332383731613638346532376361653535623635666638636466663566366564
36663061343435393536663861396534396265636437646563326565353832353464323061346135
30346663323133653439316463396136616530636234663036663662346138653662343265323436
62636532323331396432303562633664643964356333656466386131393461303366353236353734
61373462643465333535616137383933343634646536636533643837343063633039303838666662
39663037373135356636393630393339626566393761383861366633333234363430363638663533
65303064376434313065373330626162396532323935383334373165353963633134393663363331
66613735313061356539613830366331646438623130393062333364373735353632643136373832
38633934313230326236323038313563353965323465336533356530626134633565383737656166
61353463356530323961306131663732363835393135613862366338356262613031383664383665
38623931366235626532343262376265643735323464386330653130613865386632373539356666
36313866326432306266386431356638303433626237393339623864613464373261323135386165
35643331373934363663383961386334373037363635653965373838313536623064636430643263
31353033336663623930343631376533333634383464333163366538336135616339323637336364
39653030613932343261323866323234393134656564376361613165353135613331626464663965
66343838363139626662386536323232383563376563393639646163323433326662383066613639
36353635336663353732316539313266386139636439306536383335313835326366623033363732
66353666386663383232643834623664373162333864333637363234363138613762316637383032
64396635323763353831656566393130373564396139646330663462373763376338666662306430
39306165613135366561633431623530363034376230313337663333383035316164366439306536
35646536366437303966396132316331643762346632363238646132643431323835353233663931
61313964346530376533626630616563363730343433633564663137616262396264353730396336
66653731353661613436373232323065663564636631656634336663346430383535353032636335
62653332663035343136383162653934373431316436343238653962343238353831303933333632
33343663303261333836623866326239653939626632386266613964393433656537363239343230
30383465363330356532353530663066343139303862633665623266303861633331663039616264
39633766626631313137393261616166613234653835643239623937393739383466613865316265
39386663323935316564343836313332373439656262393932393465373566303334363130303431
30303934373262373131636530383130613165643430393966643738623835613239313434316335
32633232363232366561353966623265656432646537303532373337646636306166346463306362
36663131666235626330386366393134373837623737393530653331336661646237363633643637
64363232653066383165356234313933313534393933316261616433393761663034616434643462
37613163313338333565396265303662376638633837646361633139636464636161333161323534
34383532303238343463616535633664396633303265393632643463656462366235393536346432
63613031376535346230313938613936326633393839316161313565346366343230633038376664
38363438633561643930663539623935383032336461613631383534386635303062313566333165
34343136623738633731653237366566633931363164653330656133323464363331396635616333
66636431316662643237363238613435306335393961623734656333346239346365663564643432
62333563383239376636316266636134326234656430626531323262366561336532333565653663
31383438333833633331626233353661383661393337353332643061363630616262636537663238
61663235396634643636356333326138663036353461633834666237396231393435373065663330
33373634313931373832326334346163313533626661653361633734313963313466656361393465
33396336363263343262353730353337363237333230356332366263363266356533353164306230
33646362303062616565376266396466366232316638653238666134303563626461393937613263
35663836396262386464613434653865666339336330653336326437353530303839646331363531
35616433353939623531356563373062613034393131613162383131656432393162653435666665
38393266363432393834326436613739343738383735383535616665386461613138323461663831
36353862646433383731346439383563663232343733366332646435666462383437643662613161
35353337313064383631353832313131666231383839383065316434343630373335376434636639
65316639363033373666363831656537313363626337376138336234333137316232373963343766
30383438643735343934396232383362656139353964323762623665306161363738613164323561
62636331626532613434393138396338343530323933323636366366363337343037323166663066
33633866636635613336616232623134646238376462366262376236346136623032326531356638
62373461646361626631636334336537316164326364336461373230646336613233616134343663
32663139643335303339346331663363666539613463663339366533346535663764333365666439
39646337313936366163666165633037616661333363393834613631343164393561346236663862
34323435323533666234333938636463383362653931346638313762613130623961353139653362
64653330383363306234623332616164313135633535306362303233316139306564353134323632
62363835616465306466653361313937306233363763323065393535373661303865353439333664
65396563626661333962623966626630666563643732613236396231373061633331323035376134
31393839346563346665376239303138303733616331366638636635343338393434333930643734
31656432306564316263373562376330623037316464663031313761656663646131363231353835
36653761306539623561316633303066313861663233303638333132633163373963613366356537
64616239633066646635643562346639636532326561396235313364643736653438623133346333
62383166353030643362633365393530366138383966623461316561383561636134356364616362
64623032643762623033376561306664653666343136393561613761623462626134323963373534
31326662636237626637383761303135396664343031363033383264313537303265313761393932
64646633336231643064326532373065663164613761386666393636626238353661626332316664
66623162613663336566306162633161653638623765633533336533613065333764613730626231
30303538373362306439323663323931313763623432623531323662343565393534393436323038
32336131653937363633333866373265626230633434393664393164663663616361643862383233
33303163363538373737663432653163396338383564653164633631323133656261386134303938
62393239623032346363616231353234646636306136393062363433313730656230363332633233
65613535643636323338393434613265636537306665636239656664313434633633393331353730
64333934343161616666313730323139323735346566343739616236326332653930636537303166
37316138323335633235373561383966353666333662636563353665623330326233333733393933
64373531636164616661366264393935623562316162666265326539643737626138663064356135
36376638396539353463313136353138646432393765356533313666396331363139306636656339
39303834653731653632383938336438353532393461303330353634326433376430646638363261
36386261353336366632373762323537343235353162326131653761343763616632376561396439
35663230626531376632393038366337353663386162323961636666633365393630376539306337
38666433366662373465623635383239663865363134336435366661313439326438343966336632
38326331353962656132306466386139353462363832343034383964306335656630613564383639
38323339643265383836303833636330346663646434393564303161393261663661376165623130
35346132386234333932313830303133353861646434313265643166636336306632333039623864
32353736306166656535646632373636336530613763343035633666656464343633316164313035
61633336646161346637356235363238623439313661643638643932373565393634613431363337
63326561616264653132303863613264393837633464653965633439396438386133353666633064
66383730373936306362313465376335303862386537393332633766303737323532346133373838
37376136373038363864663838383165656533393235346335613562366638326562333434343938
62306135643533316635356138353231616663666434363239353863323038666635366437366362
32343836623936326138333563343663666266623337626462333132363962393732303565333465
32363434376362613036343864373738643038633333613031336366663962306537356365373839
32643335346364643062653733386230663432383938393839306336343663376436613031373965
63313130643566333139313431383465396631356663643933353866313135333363366131376564
64333039393965336139383564636339626562343331656637393732303030363732303134353739
61633639383461353436393061383931373466373132323265303063333834353933376265396330
62613934663665343265623133633431386339663335383332613330323134656132646335373865
66613033656335623832383530373966616132613161353632626439633930626636316636613930
35623831363834343364353935333764353733383666376163633431366262626135636333666537
39653939393333656461323430366465643035386138353164626437663338366236386331316632
34623034356562313762363036636563643866306464393433343264306538383631303564333036
35363734303339313636383962636634646438366466373562366531316139366530373438333861
61316562353066653536363262353432646335336334623563653961636136303239396237653935
31623235353766346434373338343930333130613134623836323935373035646531336363333436
30356437333133653162613133656336336634616533386464323032376137396133353561373963
36613339643733353561383366633732636432663530363939306134656636373939633863626463
64646463666132663434646133323566643465313133643039613463633139653066393866336361
33326162393231623161383037313334336538643435613739303739323930343937623661666663
62303735303134366465386139656264383039323034396337316161633761363736663364366338
62393333616537633163613534333334333837646566633639633632626261376631646231336365
34613837303861656337653036336166383339333039373238623861356138613361616638653038
35323762623966653933646664663138363530373233333364343035636535636334383732303438
62613965656534333265383465343030336264633837313963313235613363663032666663623162
39386635373634386237656530623564333434303031626338316631333163386138386633616665
37666433363336363465353535643737643834616237633366643664336438326633646336313133
66363231356565303463313736313434316462313336323639373866383064633663366634633366
32323461353864386365343133336635333435623732646265623663353264313433323864346666
34316261616265633062373832616239323234373034363036393565396665663939623939383139
65383338343465373536326330626631343964653263306464343838306465326533383039333064
31373762316130373230646465613666353833653630663663313865353930636430653434306363
65646636396332656465393362306636373731333533376230653362663433323738656662323432
32343937313136366635326530666134386132323836353066346166393739636331613232613061
33313732303737323263356536313439636139363733343065613363616362623362633039306132
64616132653566323233613763326334313962623033656134323835653264613136383432613235
33653466343563623664653534323835303466353365343135626261326565643061643735396565
37373736376432323963663463373934663961353834643333396236613237313864616138386138
36613436323166663962323765363264333230326231656437373234643830396366653833306561
30306666376533656338393434386235313733653137623137653336316135303661313735653965
38316435393965323737613863366231333964313833336164376637353232393931313832646364
32396665633831313234386366363561656236333264373933303931313563636238623263643135
33333731356439646233613930646539363835643336326339613964636665633032663030643533
30323030313761313835643166383937306139306432386434633065653631653738316538306463
62663562643162346361623439613464376233653035636364393263306539616131623864356565
65323336633539666638373166323835376665636631323636643361333964363938653239613635
32616436393364313931653761303763613331383933356139656630363233316333376232356635
64303534646631393834356431643466306433663061313538336339373638373731646234623338
65376164613766333365646237303235656366376230346636626663613139376138366331366431
38386364623237393133623835303837333466316434393731323363323339656564656434383638
38373631313461356539316663383563633561636361343935633464636531373363346231363731
30663661616335666663316232626364383936303363316232313933356130613361613265326561
32353333366634393537336465666262666663376633316232356666666433383335636432636637
65663761353334373939626466356361396263306363333630313262623436393333353365376266
62636539353834343165393630343634313464393335316232663534353561376535613063633232
32356165303337313663633761666536323665393063363461343131366335663532306235626338
34383138386539376164383530383831396365366161313464323864653963343832613134386432
31336438313931393264326239613630643932323164363164363062376361666230363562646566
38376366333330353532316437643736396636313639343234336533626231346166346161346530
35393163386634663036623363633338373539336534343262613039353733323164653736613965
34636264303830323730346365323763616336663639336634363665343839363037356662303038
61626138323064393665353863646232396533356264643362323566393939303834656238323132
38316661393861383331636166663638366234353537323062656235356437323739393137363664
34323965313861646161303233633261633336353638373431346233623336356232613730343835
32376666306631366639333434623931346132303963663739663132373939316534356662623230
38663038353966383264633237396337653730303039396433336331626264333531356363626437
63373565613938313730373432393064313966373637363633343361653961313866373237393735
37633037646634323534653665653034396633306238643136323365313031336137346132323935
62626366356433303839613630373866616664323665313863623661373038323030613132613931
65616433633961613266333832306236393866623430373766616463666665353836393434393436
33376434323232386134313834636135323761663939306136633034643838386537653465663437
64303330346662396566323165326536643466323335323536623138363235643235346234353262
64626539313831396434646431346433336137623261303962653831666431313164383462346136
65653637613939333833353639333861386466363965326434393763666639303436613739323466
66336665663864663630613630663732333137343638613664363765666634346632373661363737
65643031313835643435303730356666656339326461643035633464323436313733333162363766
64363761646462626161343132353438303639326161623965613566346539663438373836376331
37356339393338326538356630356631333636366264366366343630636231393336333430313531
30643932303631613033306261663933376433383861356466633361633062393933383039323966
31323665383764633461643235353930653434333238613037386335616463396263346434633364
63366662663839646130616631636561333631633461613631323965353961663739633339346166
66373736623865336533353666343631316331396237386563393439336336656662366236653834
35313564363931303333316434356566626664343837326162623932303437316561356433663134
34303863366433653764373134363731336266313035666466376434323063363063636234316563
64613166346130376166383336316462383339353966356461316233386233353035373866353930
39386239616463623538386136643836613662333338373361373063366436353165333761363562
34343432366662613836393031396363393563316531346430366564313765366530636162373836
32626161346132336365643034656166306431373630343732393964393837636134613762663365
37316262303861643161303861396333383530343364353231363035343932343134643763373462
37653934343832623464366634623665656263333564623632386333373332346162613537666439
31643237303730383961376164306134663030663833616538633665383061646235383636303461
61323064343130373332616537646465343263356564343061363061613830383239613036343363
30656531356337353265313362336130666337363366313232353732626165643465636331663037
33643836333835383933646230333662333962376364616439396236366632636137356661393136
63316437626565613664353035653739396130633834323264313632376233333831393633333738
62633139336332313732396466336235646435646461363763363761333464636336343865666666
61396439376336643638626539373832313630363937613033343136613235343335323439646264
32653066353232393431633063653336626562366566343935396336616438316531313137306331
61643736333632633835313764636634633339326662623765643664306134643233333237623438
33376365373865656131316161393663636637376265343733343930333639623965313736323332
36346331653332613837636635653565326233663766653833366462613062313230656535346137
65626437383839666637653135663237346434613061366538646134663066633733316436663764
62656562303034653761343135356339303536386630373435323938386632653932303461366531
30316337633162316365663233623266326664366332653137306232313066376334383835353761
62326530353730613064633833303734306230366361313562393335656464326334653335643739
31383732326132303736336334313465343734373966656165633236623735313239306164386431
36636438613633393562383630373433613938396332313663393963333662653065376332343164
38343333373164633764616530306661336434636536343262633330393531633338363538386366
31383739383339383465326161643936313538626435383661336232613536323563663238303034
35326430363932303433303637633330386430376230383139323933373161313236343661316634
30386263323635663238386663363365656337363561643665663161376363626234633863356230
32393131666563323632343661356339663932613239313431383262346539313061666166636639
61366338333962363934623439633363643564623233633531613663316534366238633730636661
38653465363264353033343365373630643238636530623361353136316664336333633832303964
35343431386661316464396134323032306663366466646465666663373434393536383734363833
36363834363233666535663864316431666430623332343232343064366639363136333738616631
39323163373532373231663663396666363661633362393065633263383834383239396162373764
62383430393433663861643630306534643162333030626563366165626531623865663230663233
31653137363036336134386462346638376564646562373637363531663533393262353134306465
63373436336563613535396136353935646135323065343762616532643737633033653933383537
61303431366636323062616634363534346163633431386133663932653938326535656331613533
30396538373438373432363131336338343430353531306136323564656235323035326536643366
31633737303561353237366463616130393532383164656364386132633662336538313465616236
65346262646137366433373565643466326364313230616562656436336237346161646132353765
37633339353237653164623135366530313636383738316139363030633539616262343036366233
64363963636636373532373064323834336137653935653531623235653236326161643662363439
64613731386639343965346566333734323730356532313134333230613231356663383062353335
38356130663462636239316336643262613362663836373066623065386562363234313263663235
33623361393137326563626661373035343733636338626364623930343566326234626237323533
35373031376366366634353865313863373465383563653233643064336339616564343066306665
61623330656430333130373532383866363636363832316361373461616238333835306332303765
33636465373661656361373033616635393934393232646165653035323636346539383863316266
31653737323432326566393964636339653161636661303862646633323432376362613931633032
64633962373963656533363530663365326333616631623265356438313831326138356261616236
63303937343430373365633362316637386561663230386135356132336137323964353837333635
37316531613561663766643132303032623761313463306537656636353737323761626230323039
66303531623636666438386465626437356633613639343736323639316463353361356433306431
35373033383535623536653237623335386331373965633364656162383237613933633661323235
30306333303435633663656632303932376331653734303535353932336130306432386565346530
66343938323634326230656634653031646466323436313335653165633962373936626666323064
65623763336133366562633036383065623237666636383461303335656365613831396364633130
65316337326364386364376237336230343635386236313162386631323432333432353334623239
37366332393238333961323734383963303666316562363733336338643131646135366436383137
30636635343565316262643163623738323162363966373363656263343936653930313638326666
61373933346336313361366336646637663435636139643434326432653538303135373438626363
39303435323165353233366334653638613862646237323739616235616564313335363565643661
39623335323137653661303136666333656262333939623464346334636636666132396263363232
61383634336230393036386135353233316337626539613764313064326466656261633132663463
39656366333762646366383232363965333832356466366339376564646536343565363739303039
63323835376336306666323138316562383031326266303064373666623961326564663535383065
63353534393132323034306361353733343366393037326438383965363539353633303763383632
66313437363738663336383865373639623864623232633536383664323761636434373466363338
39616662323034363365653737613965616361656463636561356161333630633030356533383465
37303665646633333465643833623439656235623235316135643863656331626135343561666637
62306465303833383930323066663063613039316234316532343262363337363033376463653437
37636531336161386437323264373439383037323630646563616163613561306536383762363931
61656539613734386236646335343934656239656432373035646237333166353533373836303236
63623061623562636234393362663065373166333534386532343437366436353563386361333463
36316265376133386464646430626634373739663634353237666537303933353865363164623037
64636630313639666137613964326461663665393366313066616564323938626534333838336464
35346262376439363362366233303734323835353039373531323964306236326533316639626331
62396236383932386236653737326363333762383565656434656239356236643363653764383264
66666465323339626237656162356562656136306230343464353530636465623331323136353337
38613230323361303032366431616635306337626630353939366632653636326364306163303635
33323064343865343332306434363138326330336438373365663164623266663732613035313239
62396636656538373465353938323166626361643537303631313339366331343133613961666262
33336563613963656365653863393039623462396231343963343631373763373837306537386165
62336430313366626264633131346330646136316164636462343535343133333966663734363963
36386661666461363361613864613439306262653935313562663430613832353535346232616337
65386336616131323735303938653666383037666162343937393061623264323365306430623137
30313632303532643361616230373835383935656636366264636566646537343436636432343363
64613630653064333462333633663631616233386164643566366165646161353036303336353936
66366233653563643530656466303133373038613237303031616261383163323739616664636135
34313661303334396533396533353761303062623030666665366266623139646266646132613032
31383131663361616332643637623934623962616265393735646436383232616436636135306166
32613666626330653237646561616664663965363362643933363533333136346335346137323565
35353562316338613534653835353237333531646437653236363862396261393066373364633961
38663462386366633663663732363039633736343463326665343137643336386339313136356531
62333232396231313866383935303831353565633666666466373731363437656333393439653535
38373833633462316132643538383632653930383665323365376136623766343264363930353532
61623137353363336265323935353166353437376166333432306436356364626233343061376464
35353462643631366464616262313661656361386435616236356164343239313965336564393637
39643563613763323030386239343439353164643438616463376432396266303735663164653432
31636665326566326366656634623937306538313437663162346136666265386565333161616432
65613930343334306664336162633565636636393439336162363732363633373863633531643965
38383363336131333437633836663634353566666239666432396464396231333063623331356339
36326638363937376530613135326431323233323630396137626139633730353963643464333530
37343938383866363566336539666165636563346166313130343564386532396131373163383339
34393738396431636238356231393534316232363636366434643366613530666336343532663531
35323337616630316533613535396339306266666537326633326631616463336461613931313938
35323536666330336165626437316233613535313535653934653332616262653333663333646136
61386238616434636264363439643034316565623438373931373632333834303536643334353062
33336461343365333735326665623836316264663438323766363130353232336538626665636137
63353239346138343234666131313534336466393439656137623865313033373130646166346334
36646138636539393636616437653635653063376338326566616662323865303234333331373439
38643065396532396339356664313335663262616637386537323033346563616637346236376362
36343361333539326630306362303461373931343933653738623733343730336365316539623161
39306361636437613237353664386165623065383837323339353166343062323762313562366363
32343735626531316364613136323030373234373031636262373463306339356430643930393062
37643638386537396366613631313865383837376636613938353463303836646662636263666439
39663938366435393164666537346139333966323533653064386637316666386434303766326666
66313431306232633736646436363939356536643439353630366438306662393764366335343265
33326236346335343334653365363533303630373339376664623661373634356666316531336135
38643762393766313139616236363636393436383239613061356166363261633632643238623139
64316263316334313565663163383839643963396336663234383739326134653463623363333162
35346334386465316363666638376434306361623064373438353261383938313332323834333538
66306531323634313364346537656537343339323635313662353534343337386330393839353536
66333037613030323330636365616339356338643630376565383735656130303630623862353238
38396336363631386637333433643430383934656436353964326563643733613366393963323662
32333664396466393165313538303134643630626565643230626162616139623131383761313231
38356237643039363539373366666266303531333137653438373961356662393934313837666533
62393134316432636532356236303961623461316266376662636335383838613364356536623530
39643266666339323465373030303035653931653538646365396537373365656566303136613237
66343437373531623665666564613531656139623236303561353066636664613132383765383465
30323264383030356331376334306464366262613062653635656438366634346266366366633664
37646463656364303264636363323931396636313761333435316535366434626533393537613439
33613832373666653162376261353663323064613565386363636535633531323435353332373233
64666334313762623466633033303765303032313034323537313962633639323165393066333936
65633631353965363830323262626363663633313730393931323338323864616433616531316330
39353364326334643139613463663961633833633636356664353934336462316464366338333430
63616436643364623966616331613830343264313437343966353262313736666131333531313734
65306666336566386364363438623031656330646364313131373566653031353564343962313333
65626366663461333735333566653038393737313661636162306164313834363834313830613765
62333662656164326462643838633238356535386630363631663038336537333138653765386139
65663361393435646439636339656431643930396532353239643537383564623934366664306239
34306439623662613438363636323937613536633365386266663862393437366239373339346631
62323537353662386432303437333164663831353934313733346239663139613030353162396437
64363432643965666333346264356335663364383566313431616365613761613534343733386463
37663234663838303065326130653063636230613631633238353833356536633935323335626165
33303164346661623561323964343439336663373731626435373337373762663532363232396638
30663030613835316661356232373062626532633837663137316366333163623034386139623933
32396636393461633061633366383132373064653763336361343130636239306561336461383138
30623136333036363332646265646537393335373166666238633564613733633434653430386130
62306632636466633536333063363232356238613663353661653235646366336265306533383737
34613133623332616562623735343464636434636133343733303132656438613134373962356536
39303333623534643666376237383161653463613664326361333431376366646332353963393230
65636239613332313231333630323664643963313766313833616332666431393265363530336163
34633761643862386134646465643637326136613432326261663265623062346133636239633064
35323132643662316665396432366335336366363734343539613836393436386638356463306461
63373632346662376134366430323761613331313366343362613734613538393865306636656565
32353364636339653534343064333765306536626261666335356162613139336432373236383937
33353362373862633564343566386633313834623538613334306132316263623163386339393762
64386163343533353039363865366230343363663234653039323133303635366639356365316462
35363663393931346661316332343036373231356461336561353936643530653462373236303936
30313436333365363233343730646134313938626239343631376230356437313763363430643262
65346138313338633865616632343838386133383337646235326133316562346636663365656363
39636132303339353335616364393966356331393632633364333633303334663339353266326438
31323039633831646131336365393466336365613930303661393734366632613666303362336336
34393430663635626564383466326135396563343939623538646539376632323861396364653564
34313432333736343834636134363965373062656662326430366331646239313030643231346331
30343735353731353539363631646132653834333564653066323163356661613136363562613865
62396334366564633233326337313532663633376665333062323331363434376164316462396566
30613733646164313635303131663866333233313534386638613162323661346639323439306632
37616531383530623564326239396162613063333532643637303737663333323664313561333664
35613139356666363034383732643634653665313133353238303038393437663730316466653933
37313064613062623465616436613263343739326631333265333737633836636537623733346437
31336435613962616336643438326264373435313666633461316236383932636233666331633438
65393336393930663931666365656537396263316265633663376565313263343034666238313338
66343232626532336435383330616335353637393135383362653238636335613663376434323337
61393333643665383030303032323330626464323666323866623136376531653963376232353733
32383066356530623664623537663661623133333965333237653035333334383761333936373438
37626365326563393764353864613730343431343233356631333961616465356565306339643032
62313463613263333034386662643932663766306636616630306261383038643534643365643465
32306437623934393364326332623164346432313535623333353065363132653537383134356363
33623737346630656236306432613533376566663463616331333566656534626163656263633032
63333234646132653366343839626363623465333639643530666661623639643030313662353238
66663735316439653632653762613061656533393663346632323536613339663138326535383830
62353638613033383562393339663436363538333964626237373061633265363662646264333865
35636536356465633735653439383538376463383939303161633132393333646366376566376232
33666531626266346139653633643734356133396238336433373863363833313264643837343936
61653730313465303765666566663736613466653938363236383262373437303462343966373739
33656231386237613664626334666161346436343436363337343765313738306262666364653563
31393366313836306331383935396230343338383138636565623530313765323939653662383362
63393630386134616234333465313033333764613636666436303239356261353030353563656237
61333463663037363762623535613231386161336465373633383663656430643639313565363864
31663362396564336666316465336632353236346437363965656162333639336432363638343038
38633731363662643563346563376431346634626531643664376636626565653838323030653366
36383763353234303062636632346532386138626564626131613431313736393937333065616430
38303463316336313831646534346265643331373965313230656234663165663737653063613631
66623064326134393165633634353136386461373966316566313336636262366330636531666231
61346565323634663734656632386236653763336564316432373265313437323134643739376636
35353437323935363066323135623866376136663738366636333961613039643266323966383566
39626163386531613031376637306630666233323839363033666539366465373264663961643633
62383964386635323863663639396632656639323064373566633166306138316138333165373965
63643538393765323365636534646436366261383134316361363766376139623838346566363138
31343335653563623235663366313662376462653138376134316363396339613132623837313935
30653763396630376536303664356538616537336337396265636363343137303438653661663739
39353763656133626464656136316466313364313533356338326133653862663138366433366531
33643430626131643034343230336631396330306261333534346535326166333430303431336239
37303866666634313434326330616339636366373432613265666533303436386430613831613332
63363836343863383932316239323338663939376238346430383963306436323531616437376336
38366538303764326364633339623538356639353161346535323334303561373737613737666131
65663536613564366331343032313937396339636238373132356535666430323139386631663834
65383137313735303435653664336562366363353330623534656566363834353335333635346263
37643564323632666237333361366166386339336365303362613463636634666337316136306531
31636633383561386538643964613033663061323238303333616634316139313134613364653336
61623166613835333139633866646466646366376665373161666161333464373431663664633832
66363661333030613637346434666430623934303239393363353436633332616336626233366638
37663363653735343837626231373763303836653835306461653662636430326233306332313937
31636332336264653233366439373738343335613064333933616666343266333833353836623535
65353739326237373466613738396135663833633962656639356464623165303863343335396631
33366464363038636666653661383865633836343230653037643764373162363064363836373233
34646165626564376463633537656463616434353831383166363865633264393333343235643930
38396630313433343162333437636532613230616130626662366562643735343365373432616638
35633432346264646361363237336130383365306134653761333237623762353162383838366231
66333436663264643662633032616661353833336366353035373734356637376164306434663131
61313430396661666534663339396662363734323364336561343866653438633434666335653133
38613031633937613036366437663436626538623038323330336361633564306130303435623865
35323562303238346531373336363866356431376161633361356232353538393630663839303430
37373464326161366532343830666466663837646330306339376531323630643637636139316339
36336637316233383631386439333638653737626534346531386539326663613437383233336563
32643238333438613535613762313931343332363939303535626136626136313463376235626565
30326439633165306135663530666333656134623036303830373930313465333961613562363161
34363337353566636464393162663839356433643661323135336665353561393631616433626136
39323832353737396135373866363361663962336237396465333864393464316435306365383065
38646530396466333664396165383632343232623031643933663865353530623432326130373736
33313639333438303533613830353166303664393734366537376461383536373061353261623833
39356533356137313639366636316662333134343566303935303838623836376134643734383533
62643432653364643064363037626630306461623131353664623034313238346333386162346136
37386665386339633062623733363264363734376632366433636666346638653764306234333239
30366362633238306539343763666161373932356334636435376461343134343161616666616434
35643138396435653131656365323639633730643633373234316366663436333730316465303366
30313730336239613031663665303235353934346439363934346465373562353836636432626239
64336364663564313566653833343864383532376431303261633763666134363032636337663461
35636561383065633633366632633634343930333539333666613861353230663531333233326532
37386263623230326563326337616162663132623062663139663133653863343233666630346162
62353465316536343837393461343066343335653166353065326131333531653965363032313037
30386533356535373865663562356335366433663162356465666664336435333233326565313366
38613739353962326534366661646130396439363362383639386637626630363830636666313734
66636635303132656634366332383232373563653139643762396430643162383235646133396364
39663438313866383332363636383362653264653166363766373438373237386663346236666331
37633039613163376331643538656231356264346535636233323863353632656130626639326334
63333231346461613333633362326462383436313334383139653035643864633136396336313239
65623366396131613062653938333834313131656233383436653562636266396638363938653933
33376562333263333462666337356164393233643134663738356639626533313765616631363563
64306133376566333732303962666339346565393138303961623239663536326232356239613737
39313833333937316662373163346532343731633563333439303063363338333264373936323063
62656434313264393863326135356434653133363032323762633833353431316131333761383337
63376564323833356134626431323731353765386637323635303430376533626462386137326530
34666133613336663833376133383161333165356561613866343435316262363239376331636334
32373430353230623032353463313537646531336261323739326665323462316435393363316332
65383936653830366330663830316439373861393963333330363838633933346439666261626635
33633039373765633733623861313964373436373931346264306263316630313766383563393935
62666534323637343636336335343866303864323865656362376534323863396161366130356637
36353638663265306265666566336262623430376537363761323133353161376663366136356166
35303061626636636338623433633030323332376337643138373437636232313234336463386432
39326632316164643364306661386330346239336334643031636438383936653830336635613266
37623536393631623938316135373138616638343362373764343862646363373162383366393332
35653865353530303536316661346531663136656135336236353565313932653437663564373931
39663866623961323239633864346461653831346363653631613265646330326566363665326339
37303666356132663763643730396664623561346636613162393564623930363636666630386138
34366361633162366339313732336236626139316563306466353366306161363465656435383332
66626136613436393334626330623766383833303939636531303138373536383362306631623137
37626437666233336138356132393033666232343463306533386263633066656261336239343362
63333630333130323034373238383639343435306639366432363834666466303064663035656466
34666334656337346561343334356331333138373437646333626566663336323139623364613132
66653138346238303366613738303537343633336530643030323866323934393033346331623061
62366539316163653633633831626335396165666161383335326163333938396365353162663737
35393733373638336638333563616433613138323162313762363633386236633664306230373330
65313462383362333736663238396466376439336266646135323432363939343630646366303430
33616232343139646264303032643232303238633463363465663738343931643866343237366531
35383166376231663333316336643430653832613139336538623735333131623062636566336165
63393434633436333562646237366139663565346339396630353738386237393238663737303436
61633730396335353634313761383638663036346465653930643466313536653530613730663137
63346565396638353135306165323163636230316363343261326530333832643431646264633036
39613038376135333563656464386438616434343931373162613564376366333764323565386661
37626366656637653836373236396539396135356231623736643235633136366532633835303839
34313031613463616433373232663764363330373137393130633930616236323639643731663964
66633430303732643566616633343434386466626230346365343836366263333035346264326366
36373038373030646165386161333864303135636465363831653634363465363538393362373635
30373261343366326664666461313663343163323962666132366164363266343131616432336664
64633338353132363133393163393831333733616230383164356365626164323134306262613036
64656663656635633164626530353537663035356237643835663837326235643962613864633963
30623637363938313665343734366635646132366439643439366139393264316562393531313561
63323831336561326363643036316663316363346336613666643631616534656137643438386233
39333935656330303339646636643664656634656435643264303731346433643363373738646364
64656438303962623333313031313561366538393361623964343432613437623937646135633230
36353335353761626135336361366530323338646432376262343739383330326464613134363163
31623838613932373862383165646436616162623638306464616634383832666139303030653362
64363066313737633266646234316464323962363863653766326464353536343633633731646233
65303561336231636534356166383638383138303836343236643436633063376637346332306335
62373532323439383862333663356235613233373837303435393131626233663765643638646330
33656261653566393061373839373534353531316237623730333633343735363836613262313064
34383264303864393365393332626233323466333761303162663261633766333763383039393436
34343637633164663730303734346538393834373030373966663438383764373038636566333461
37613735363230373338666431336233363364383561393139353336393830306137313765643037
62653938303162386536663930613531343330613932396338346236383739363933356638373732
36333332343834303264623135666631343934633232653332613737363835633239376232366138
38616263383033663836363635653434316139383634633536626263623431363265633536636431
31653939313035393065343533666565313839313862333961643239333066356637653261313636
31613236316435616566346365373334653464653461633233363836353263623861623061626437
34626430663335636238333730343237333831636161396539643463636163663764636264363732
30643632323261613438636634656135333833653233316164653530633566313838373733636430
65336639663964316635316532656364653232376361316465383537653230653562623266646534
61336265663132336463616134666337356534363764663033646636666437323733666234356533
35333165656531653230313766323030363264313664326237316164313636323864353062336135
39333231623437626231636331303063613832626139303561336666613162303562343232613036
64653635363366323237346430343864643565646238313939313934356534633439303763653562
35383830613134393935636265663634656531333637653363663561343632313463363835636631
35303935316262353265633231313262656436353839303331643364356663313530386362323437
35653536353964626435366534313761313737323663613132396236663739393139366464333833
63383438613432663431323532616463643336663232353635356161613537653138343763613434
34343332393963383433343634356233373238643035313631306235663136666563383762666538
62373236323966613837393561383838623837306430633232303534353531303065383738653032
39363561616632313438316234303133306364636135383639363530646563396362346337393563
63653833623666323866396337376338656539633439656432323431653166356561393139653839
35323333333032353839653064626335633739303337323231636362303035646664366262316263
35666231613465303839326466326461633632393139616234383166363933333030323338646534
65643062393330306166646436306465393537613366366465643631306432396130363734316339
32626565373933623036313438623238323935616336386366386435313337666531303433376162
36356333633861623531343033383865383765623738383763373563653737356331356337383136
62643230323039336162323033336130333961336231633431633031356230376566383731643365
31326462373164623136613430313631386131646661633733376662356531383435333732373961
61376236366338633933663731326437653538316437346537323031666335623038653132356335
62316637326338613432663065373562346564363736393937323137376338376364616366646130
30346661386334376639366332623835643537303433656134613531623932356261613962653530
36366565656536623333323539653863386661333035616263623936613137646663306366313036
36663166393666366634393935643533383435313134633539323266373565383665383637343861
33353363343364653965316433303037663935663763653239623866333361666233303333346362
65613033633264633430346139313566386636623730623834343231376663363465656431363964
30613164386237353433363535343135633530333566376562643537313931353864303535653766
63326131353132653561633565383430656663613335386436386463323838343235386338646261
65623030616234643335373230393361623063376166393437376333356164373138386233326330
30303161313564636561646639346262653265616130656331363039323861656662663539316631
35653432393063366232346161633235633662376436633232373735356438313133333266663333
63666131336639326365353463326631643065353836643132366631393263383234326633373563
38316333343064363439633536613635663531613738663663656534656664663934383232656139
62633962373164616337353739633335363035393330653730343265643966356539333732386132
34616465386563353561383330353637663637653963323630656531616465313436313739383036
32346533373434616536633738326262306166303239646334616164396237376432643732623035
34316638656336376134666237303939393630633665643830386436376166613638356561303230
34646132393266373731643337336665356631313633633561343362303539353832393036376261
34643737323230353035383734633734303566623261633461363132373365613565643839356263
62666665353933373766303965613162303636666530313337306533633535366435613665353034
62386631613637636565316235663736616431653361383538633436396436333534643034326337
39613632626162303735626635326437633832326230393039386438653639333761363233346237
32373535646266326461343537653838623766333766633035663566656263393939316631653137
32363533356133643863393666346130373133326633626233306539613737396131373763383733
62316665613732353436383837366162373839663739646236656633663065396261343831623535
64653032323430616435393839303066363438666463363333366636336639386138336430326331
33656566623265616663613633393664313632306130336366336364326461323933393164616136
61343031663064343737353335616533643432386464666233366632366466663839376638663037
34376331363965366366643736323265626438623735303737353166616362333931636630356363
32613233393535626535383964656435343066653863356637653330353461623034343265313765
63663364393834666133323661623830333434316463393035316633623765393134306564653834
32613139613430626333666438373461656535353762666336333235333536313565646465616633
31613633316134356235333634333364613533666366633564303235356161343934366232653135
61386163376363663038396462353435373533346362323239623763376366366664353836656236
65333135333534633930393336386334373663386239616535656365383934323237363330633632
61636264376538333965383961366230653664383038396637656135323166333566386163313364
32376539663263306631623164363332643731653239313636646566666636396464636664666561
33623066656336383862636563623138663363633565616237643431343931663034386466633265
30313335323436316133353936323135343836666138623863366136336536643461353333333462
64366135373935666134363763383864393433666230616133373934343230306261366234643335
31663264393738373535376433643262333934336163643163346137303162343866396364643034
34383863313936333465626534353134396134656362383434623966643364316662323232353261
62373961346439316336366135343463323435316633336437643738336264623238326137646538
38643033376532386563306433613263616135373435613865386234336637353962323339316165
30653165353237306133666431356232313465303932633762646665356538393063613231333665
33656337333630643536313466336335326262326433633638613166393464313262646361323161
36323330313630646139623231633933666263333863653432636266623765373537343632363630
33663564623465346438363836393333356465613830313561313735343366396134633939616339
32386130666131313236333961306362656236666638386531316237313033376136616362343066
36373932643637353733326364663364633536313737323065646265386165356562646633666530
36643339636535323430326437306137656363373937333537623638303065623364343364613337
31333565353865666362393737306532323634346437643864643432383034623232633262616339
63346137633066646630356561383564623461386539353238373566323961336439336639313230
38316435343234313965666636323133666536346263646136303430306635373639653765366332
61333764333838636362623265386136306435616132666364626464366639313164636462626165
66623237616164396665343363353635306433653037343435636263613763653866333137626163
61346565363162376237653266663734306638343762313164656637313862623964616237303338
33656339356361313035646361303664303639333234633632663964323532373236656466363931
65373634313630346464373764666330313266356462306562363664633433346261666265623662
36633265316465333762643430663039386232633936643837343135393163626363616339643463
66306131653334626230346233636137623764363563633964623530353863376464333733323565
33343531356563346461653339393832393137363762656362396532613865393765386362333635
64363064663364393735326537613837646633386634393637363530316336376539343536386331
63336536643434323063326561373361323262623431616234633564303437366364633933613963
32623563306432646339393932663163656637623464346162616636363332356336333263306636
33623738333037653636613136356330323761393930373833383265666363373536643061663331
31643736623836323936333330306130306433613564376238393632366531326534343561326333
62363038653437313039373936323161396263316365663534653134653266383338633932326465
37396539376231616162633537343830373630636638636562343136656165313235313734626636
36613132653539623364633933353035653363376565636232353464393530356330383237613365
35353933666366366632386465333463373637326166633435343065643761616134303265333237
31316537306565616535343136326433343735343334353163373336333037636539363831386636
30326535383736633235336465363733376537653630333938646333333136343062636161313039
34346431636562343962333838306230323964653135653864656539323332393065306438386462
36653531623761353134363539383635353836376465353763363861613533383635663366313764
39393739393330393862353533346462336464326634363264383631623365333331373362366234
61393163613138333036323936623231653232383634316139666361306665646331343730356264
66316666313061326164336633393162356637663663356331333737343035313865666265646265
39353934336266356538623332343136636435666232613731326563613734303265653433326630
33643638343837653132643135633731336236303666363138643138383637326634363332363439
33306233646262613432393335303333343137636435653030326535376661386534393430646262
36616432666463303436316263323634663664383466636439373238306335623738333832313765
64656262646438333664646234393363613663373838373463366630363136333666323535323666
64626133356133386464656436663263646338616661373961393338653664653635383965333534
32363230383063363364323634643339306531653833326466326265366465373938373036383662
39626536616466643663356439383532393837663066613436366361323466623237636537643432
61633663393562646563663430386565363266383239633831376130363564313862363034393833
37323338616539356663383839643339353762636333623835303730333334333264366233323863
35353233326335653735386565306633663131383237666565386336386639373833353764653630
30376437316336616130313238636233396433353466666632386636656133646430326236326465
62363733376337653639333835316632636638303663313737306130316466393233643236353434
62636465373633333766613331613361633362333066646137626365616539643231306132383862
35303061323735303735663035303963653161356463373362643035663034643661373065666538
61636635346437646564303930316130663931396165613364363830333061306364653064393761
37376236336464346663666630386639653933393134363061383430373237646462323734366465
61303961663465666130356539336336343163626334356331306431393434313766626435656363
30616463373066306332366637313433633964393066626561613066353764613830353562653536
39616263613361316131366163346563316566326332616234393933323635636234363633343565
66616266663666383739366130316432333135326136376565656433623436656638666132653664
64643061646537343831323831616466353634623866636331323630366339636466663830636330
32343066623935333866396431626437393262613130393830363636383134633465663632366430
34316339303530333563613032633765393434343731316133353436313862373534633965613963
36376265663966643765313965303830623330326338616532633962623061633765663865303238
65643864643165356134643561636533373839346132373031663738383666353837653534333462
31373637363835306538616238383363623062333839326261623661326139383139646165636534
32653538633232653064636562343732343163653361656463363232653136343065636365663563
38613163373637323064346432633636613439346433333432383263653534646234626532383638
65373531633661366638643665646533613461323131323561313134326334363635633064336138
30363965393638663737353861616238633862633938303831666462396433643633366634343435
62646261663237613335326162616263366262623661353362633431373037396262353262383131
37616631353961623130366437393565363562663933383631376230623739613236343630383331
38316535646339396539616162313763353730333333373136666139633837666263666535393664
32323933353230623535376538393032316566653038373639383032663539333965623639333064
33656138303165323037336639366333633333633162333663313464643461313934363564346165
61363031643332653937666332343262666235373965303032653033633739336134333666386265
33333334363863613638616634323130323533326464336362663263663435663038306162303564
61663530613737396130666132393238643935303366323437323231336563373266643132343733
62656433643539386339373636306161663865663832313836396234363932373466666464656437
30396263643963633130616136356535363938316566643662303135386535616234623266396239
38393239386264323330323437313837636438303039666539653537336166386363616139386564
31653830313038353333643632656131663738643964333036656331343432636331363338303237
64393939656432353065373964373465353665636265653365343134326634303831393762396361
36343531313630636431653031626637373331356264336563313833636335363931303631336637
36353031303237383964633365353566663661653637663838626633633362326537663461326264
39323335623637633061666464386463633961393761663834396161356135636630383033356237
33643032313534393639653135633761633066326539393766633064313038396237333364303536
37626366656237393066386465333361396365633732366564393462646239643731313437313837
63303239613237636537643537663362643130613365613135366635336339643365393963313738
31623163303465646564646566306263393765353437646530333465663066393438626262333761
61653831646363613837343764326631343130623831633839363864633861316533643734613932
63353938383336316161646166653664643461356432333731313030633239393939386364303232
34326235396530313634306430653632353131653135656239353538363333616564333033353761
39633136393561326262616262376535353564616639323036333863373631396339663734633637
37353662353037343865653963613736333363616365653633363135373962633134343562666562
38306164653130376562373665663337656634323763353731373064313930346631323837636664
32353733666137316561363036323836353731316532333165303566616432356135346134333832
63376230623035363535626531333033343834333230313862326431326538303333326666363362
61653766303637613865383263393065636336613930666435663831316433636566623533363136
34623336653464336631313337373762666264323638313362363934326530666263363563613966
38333165626135343234623032343762396663346638366466313539616131343962313936626633
63636265616465623234373934303835666636356562313861316662356561623538353433626332
30366661663466393839626261623231623138366630366338313833336236623033366536656661
34326435633631313133303663633638396631643234646334643437313534393939616635346638
35306264396532376662636632316336653636653134646238663565333362653231376237666339
65646132633537366465633735613638393364396537343332366333306139626632313365616339
37666235343531336464643833613732383931306662323461663835633463366164313233343632
36626461653765353433643834613666643664643165636466636634353235666366376130663532
63616566663736323136326161353033316138353632373263646638663962373733313565303163
39393061376131656236653235386533393831353138363235313830306163316132363331623462
39353231326166393132333232326166643062313934386563346664633861353565663764373932
33373865663562633065356635653537346566656339613030646332636162613164616666326163
65383134333239336337646163646434393366343832353330616665333431316333643934666632
64386238363832333335636134323336666332376238626234383133303435616233333035616665
34383863306161383535383531636561646433353538646432323331333865356561616665623932
33326331346538373466323939393539303737633234653539333731663832343139643564313465
31636434316433646465643730343333356432343161373439386435326632623364386365343866
36333034303733633364393534643830616665653861306233393835646632343133613862666535
66666533623939363136623764376261343764333861313233363665363632623637366563656136
65346230653465383130626531646361633262613466616535363666373437373238316163623032
31623562383039623465343539396466346461303930363335353232333264646335343061646365
65366161343662383965383663333061643266636365306436323734653266623461393032393330
36343130626261356562306266633764306535623566616664373137363061373362353163393738
65326466656237333934303334613162366633363761323664616362333464376432646563633433
37366363663561363531303166303962626137323537313336303836613364376635343063343135
64653039616437383236636164303065386432396466613132613835333566623436353534316133
35343563656361356638663538303734303933346363386262366537303630373633663464643030
31616135363565613039366238616132666561626661346166326134653638306434313237623336
63633832316637383739663637313239393936373266323866373366366632613463353062613730
39303861373366363533336637646239356235373439643738333262396132313332333734636134
66313235306138333963393031663765376361373466333536336163656632316132346235616263
61346662663665613739313164663732653466343963613866386638396131396563373338633532
62343834616134646262323466353164313232616335656161663062376136336136396563376664
31383838646139383664633663326264643936383666663638353536646533646336346332343762
31383131383536353239353738353432656531323163383431376130356339643834663663326632
38643737663234663936353038653439356430323435353339666265663830346539616136303631
38393830623739343466316665646463623039643034346264373337333530363962373436323636
62383037313931636331313733336266323463613439313766643638326430386165656465643032
33386239623235333833643564616635623965306463376464633163313931666131623562306365
30376362343230616232386532336237623535356131366437623764393763336163316135373031
61393662363963306437633434326637363563356434333434303663303364613663613238373331
39343832663834326661616361333136613666373634346531306438643563663834636265303330
34323230313839393333666538653665386466376339326534393335363037393466333933316438
35386266393631376665636339346432363661303630363534393630393163623565343933303437
33393366363239653763313033316335623666643830353066346634646165313462373731656563
33653562396431336264663562333938336233333438366562646664336433333638613335396435
33326633623835306432333263373062653732326636663536303339663264616531613134666332
35393732666234613733303634356638383964613134643931663034353133623836366166363737
35356134393531366164303030336537646662663533356238383337393963653439383062383936
61343439613330653037306134363365326561636138623331626536346630326431636333313835
31616236626338343661313836373531323035326361393536626162613033376236383362333864
31343366353665613363343330636131316432383139646563633565366663343237376563626361
66333362346139353230343962386236626337376533313739613831346164636636326362616536
31626162373863353263383361303065376264356264353035623038623234623832626134633264
36636434616464333830613435353533313134366330623334613236356638633466366537386636
34626339396565363064336531616561323238353666646663666633316438623332663433363834
61306439613564366633366439653035643032623263383231303732313662663164643464663636
35633635643834303834623233323337306666376235646634373231626639303135623638363261
34623439623662383735383766613865643161313561666366356230373335646537643861613762
39633764333436386238623534376633393238333764656364336133616339616531393339356662
39333138653534663264316364663135663833623336613265383961363135363130633530346531
62396362653532306439623032343664376232633736666633343463393662396637643838353736
62353638633963366335323333376364376430623834303565376236666232373631353663616338
30333137636134343766323365646634343763316639303736326237356433653735383335353533
38313630376637393037353139636233643865653735613030333231636366303065383462643164
62376230343232343332616630643434383034376130336230333662653339666662313963303164
38616461303861373835626361626532663732663236646132373439633966646166613630626537
36616534623666333865346331343635316439393063393666353338393536663834623464343633
65623137303765636231303964356666656136646536306264383961383066313833313262373236
34626336386134646530616430386635396434333132653763653632386365356661323736623233
66616131333661616135323735363136623464353034393835623133316330326164333165636339
35663838626162653838643865626337663139386537663330646362396663646635393030633933
38383861323534643964613831343761636265316235623037383563376531343238313335383432
62643632663332616639613864306532653537336337393630373938623966383064333763626266
66326533303133626135643235623337303736663338376132623466636131373433323464353266
36613962336437353432343263346265666561343461633532623239616262353331663032643631
66616161363934336239663930303936333439653762393762353365646632336230663562343466
66336462306135333137353532303663353132306234316661393837313538356231346539646463
66636666643430643161326165386431663461353561666532643438353764386634623266343337
63336634306162343866663436313965653439353562623730316561303263623762356337623266
66653938396664663761343063323331646164313331366337363664343863376231353835316363
63643966383166396634363331633537623431373136373361646532353831303335383664323738
33633862333634613832323539343234623434303135616531623035653937383430336238376438
39366533613030386136626538396631346561663730386534393338373330336463363638646538
65316439383862356236306131333361666139323730343335386432376138396137646462643335
34323632643638363132613030383864616130343538663139363534326531346536393830613139
31373039383938633063653565366564343231313063623464376339363037626135393434636530
37646639633031343930666434323132306537336365633938623065363731623039326432346463
66353535333565376235333835366239346339313061353964626430333064373935383139626437
39623237343938333639356335323135633239663938623630656536316263663832316163626136
36633537653661316236646563326231643365326537366433303630333131616332303165326136
62333362653362396535323934643237386161323662306331393936366430373538366164646435
64393831613636333763383261396461396261353434333630633963353561393335373232313031
31376132333931646563366237336637366239333532386439316536343862663439653930633864
61373439343766323166613464323366633935373334623861326237646232663266623732666163
35396261663634663038376433616134313638636362396331623165353332383331656138356462
36363438356563636663346234396138653062626337653637666233313431613434643931316232
63626166613032633539393064356631373566663562666661626638633734343866306132306465
39376135306362393066643832353465366434653230623036643635323638333835336533393161
30393034303462626331626632316636323165383862356239316331343730623539653836663532
64373539333032333931366237643736633161623234393036633636386237333232633639613262
65653634303064366334303036643430663763656266316530373232633964613633643832316165
63373738323061383864323165613864326239356661363836343566653233653239336366633066
62323039313539363233623938366264616236303938356662663864393165303966613733636161
62323235323730356135343634616465386664373661663862666161326331616332613039663262
65633136323830373862633635636163633138336638306563323862663738643030383239333038
64323239373831303864383036356633626361623334643436653938373764303135653833396263
65613561613762343736356361386136643135626532333765633864383163366134303031326231
37313733376232323233643363353363393237623632623438356531653566653836643739383339
66646137363638626462316132373864336330393166636533366531386264343835643061653439
33653033613136323739623632363635323635393765613438383830613039343265323061393066
35336337633036313339343930376230663533616562646630386561373738343962623337346536
35333865646639616432343766643734653365333839653732656564333635313339366632343936
37356537303565356437633431613366613562653432363032643031366163363662353439336339
32383762656139366636616238373862363835336232313961656161396633306435363033633533
32353734333034336132613532643162336265323039376633363036303762323132653336663632
61613932393935303034376664393462326133373132626362353366363665383033373231393235
31326433646635373739346638616266393233346462346562613032643165353165653434626533
62316466623533666662333435353635626236343636663734356236646532613737383135356261
36626563623361336630323637376565303965383161643762323565336233636330393532353166
63336663333865613330633532653135373931313566316462366264636134343062666335643136
63613833393830303035613366623163383061353732633935323935623766633664393839353930
66353832363833353564333864363832663061346164666537303332646134303034643531343765
34306665663136353939326462326566613530633236323231323662316366336631643836383063
38386336656538633132656136356534356536323161303831623439316537353563623062303639
66373436663466323230666636353034313766336332613766653066303535366634326334366265
65623564336631653364323437343366666332386565346462623431656334383563373934313437
35363064343161643165323664323463393830633465303133323464343066633732333263616533
35653766346639376431643964663134373837656239376635363463633464303065633066383761
38376562353564653466366365623836386432326565333433323937356533363137326163656433
39633130346638323131333064393961363638616466306336653765663131303039353865356131
39363531313963623332383162303835313639353230656563346566666262383765653436663237
36633637356430653037313666376131393065616566326330316534336137386263373164316131
35363039366534663837383765616331663262643062366564626563373239613039373931326332
38353230386435363463366265653862376665643830343332323336643536643164653561633933
32366430363661336531333139313661626436616463636633393538313233383436643063323765
64393833366663316239386239613533666465613265626238393462393962653165643335336631
62613461346432323566333738363835643030666335386637386238643937396430616632363838
36353561366366616230663663663131323131613233393061346231646536316430633761633838
33373064333138633832396630316463643134383264343965346139313137376162313864383761
34333736633862656531393430313762623461663539303931396634636163373666663366336539
61353631313564383439326435323735353766383830306535323866623232346237623738653031
66383230636639613362323663393836663865626562626134333438613631363261326133366238
61656135643635373464663762323535356430623439353636636163623230373863613534313532
61313333323562613236356265313038653865653763633736363538666434313237393366396465
61393962383162323037616130633837643764663466323135373439366632343664353665353564
37613833333466393637653730366161376365616236323534323134333237353432356164336564
38303961346562616531616234623239326438633439636362336431363739336237653937346263
32373365396462363235646137316531346435623130343730353836373638343637613864363430
33356333616163666131373761313330653230343337363135336131616432343736646239653937
61323336363739376262653131623438343536346461366435616165383033313533613233336136
65333039373165363365333930363836303864383761396338333137663430326137316539626163
39666164396638666463373335363864303137613730663030386335373937643037323137653637
62396435653137633333383464343639616564373538363863656231383830356536613163386539
63663639653336366237313934613838623831386564663639396332336134643534313263646637
62343864396538303936393162366462353138383166356139623836333034366265366331343761
61356632313432386536666265383465666636653263393863613661653236383132363263363637
34376633633936373739343833333330373933656163623362316465363831303765313937336161
66313761383932643535396131623565376565616432653438373061333265316431656365653966
63303365353730656264653562333339653631633837363738666439326531623831633435353665
32636538386130346565303963656430356632633133613636653230386461646564376238336664
36363334313930646433306635626464303130663064313233363936333437356562326261306633
62333034333737636362643039353735653163666662636634323934643137636266356265316535
33366435336265313534633763653838613161653661303761373138633035313731663965656638
38343935343961623032633430373136343534616332396632316263366263333463303566643336
35623132343037613731393862656662613636343437303333313534373062656135313064663635
31383862323935396165643466303164373831336239376262393637643365626363396337303937
39356561633238653634356464663162636437326366613337643562643236396139356437373165
37356532313364623230396233356439636337646565316535323039333532326234393134373534
35396535636461356530616263303661386231343266303662636666323562326437353733383262
30323461336634643861303366386337316664343731316363383138613466343233373537343232
64313333333134306135663338333137623837646565363462366537643735333964633238633632
30633835336232623864393434373530383339653266626530663236333266623933636335313265
30663866663136616431663438393665396262663030353434393131383139366666626166663330
62313739633031386161316263386139666363303864613437323666356433373933626439323436
66643137633737346665373330663339353363633131316266326130366163336463323239366135
33666132336163656538353039386664613864336339636661313937333565656266343831663562
33663439626631663037356661333764346539646537623638323566616531656632353563623537
33373563656334666635363533353532626363663634636666316165623166316433623237653734
33303961393166353030613538366364313462623630383262363463366361623364366632333531
38636432626334303663326138313964653831386233326562386464306165333632363131343964
34323862323565366564323533313063303530663837653464636366396331356233393635383064
66613434313861643039376536643135306665373035313562663162363566626166623234356633
33323936313962323433363632323037353766336636656333646564373861303261643865393431
35313336323135386436663833333661303064396565613230653535366365393738636238643132
35656166353263626331313363613564343866623863613439313232633738363361633932383833
34643939633836336233303835646230356238626439323064626337633035623563666662373236
33356133666464363661373366333861633861623465373439666137356233366531303033336431
37396630376366366135313765353864343032383738323739616134636365616437356437616136
61663264353139626436326565633937393236613635623032316532613130633536626536623565
62663038326165333363333265323933663634353337643735646461326565343461336331333361
30666330363730316132356536323665396237623235393235663138303431646432303738623966
37623233373130626662633535323132373037626365353738366531393930636533663130616264
66383266326531323135393363306332313037363265353062363531306533306532346365636264
35613066356562656134393532633130373366333361613565643830313235366362363262383863
30366239376533333466363030646337626661643064316334653634613562356338366330353164
33323037646630343538636139326362373837343562396138386264316564393739363238323266
64356430306266343834663761656362356236383763353463656535303866396361666634373162
32346432656631663961333463633733343739346238336662343363316531353163323833356436
64613065373061326366636333313937653561633538336531613563393265633037383065383863
64643633363634393936356633396635313065373962316630623230643334366561306333656535
37323036653331323761646332656635303238343864666162386666336436653232663161613034
66623163313638353366373066626636333636353966306236623534613531653039663764663437
64383835353839306231386166363566393866356630373462623533623963663934636335386639
63633737653231376261323636633963643164366164643934323833373430303762623030303066
65356630663932633561333030643732383237643038353730386161653139313162376161633039
37653230613339386332396531383533343336323365663530653437626664363266646237386334
33306566653735626363373738666363346364633430663464663932653737363761373965323836
34343764633339613437306536383838666632643230646334333065663438303333656365346464
36376461636664313936333037356133663434326234343130353365343465663930643435343165
61353635393631623563363038336134663738333266376266333134633831303933393466383764
31383161366564613931623463316261386533366231363361323437393436333933313633653364
36373334366434373366336432303463306337643466303634313438313134623263623065303461
62666334316265663830613334356633363634313030666339306361623363663837623263616134
62366136343332326566303633663930363939316537323636353330326564353665633862663030
61353337636265383735383637653864613338376637666233616566626137323630633434316535
62613336656338656635303030623663646437323239613731626539346233663632643837666430
61356231396230326165613866346563306563663038383362656661373630313339306338303737
64656239643236393739336366663066383965616235626633373564666432343165613139313830
61623663303436666137626631633264366631666566373463623837663562333663666635626534
32373533666630356531383233333436303430353130623461396439356333343061376333653435
65363236373638393265343866383334356630636662396639623433356132373837633663396639
66306166326638386338306532613833316161396536393262623539633330643030623832383465
34303434393263623738616638393732316139366333323262313936343366643163663766656165
64346164666463623361393066393066333464646134353462396232643633386661336632396133
31646663353965316362376463366331643262656463326137343430613764663963623938306538
65313164393130643238636263396161306365383238386432326666613232383061323135393464
36623835376139353065393862646661623166643131343731393864373562653535323362303532
31666663363436366437646335366161386433326366396236393764646235353566313239656566
64333637303935616634353631376330643833643237313665643437396662353064323466333561
66333635653034666630386562383261323230353237366565333363363231396630353663626365
66383664623332326265626136343236313663356361623935653661386462326436346332616133
37306465633431643534636564653561663065653735386637376133633361336162323436373865
39653437323936333062313133643139353432633535353339656461396461336131613033643233
32336264356132333735613634656538303262646432356637373930363136313539343565386239
37633666363937616337393565663331333462393864613465366131623237656563643531663731
62646134636635656534663135303730616566353461663261313430326233376230616332663037
66643565653138346532343134376539373734343432623633663938663730366232663034316339
37303765623765663166343837646230346563373839623662653134616132313164303061336364
37646164623638353531353735396362393966303534393939653238643864613532393630396463
32663431373935326531393830633635336536323738326163326230396638336635616365333735
62616430333437396232636438306437643766373830333866323164306438356338313138326337
37313466316537303630316633623139366533383534633664633837346130656566336361613132
33643030646465323562396531613531373735646639643932356262306637613932343133316633
36373463363166376436653461636632353132613737623137643262656437316635643538356335
65303963626633363162623232663238376661316137326362363333323135383065333939326631
66343662393035373966353563636366623835313135623561366632343539323365653139333261
38333831626466636437623632376361613733306634633836393365643335663533363937343733
31366466616366353963326465323661623137356566356436663637343463313561643065353538
33346233336163616162333465303439663264616432636537336639323463373131613762616666
36363835666162663163306630316665663662373733386432373864636334656666666137646334
31353132336265306538323839666632633562323337336535393731666664313030376139336462
61656139396633663630323363353761366133346562373035303762343534616137376639316238
63666530363165323966316530393362363565306335643634656236646163383463336466373931
30653739373832376463616639363233613165376366323165363437663361383064396462313235
37336332663830633262333638323865396534363633663831643266613138313664313232396139
36663462313566326166373664643431353766393038313331663766653232346666323264343837
38396235643733313633353666656431633130313733313966616438313739373038323137656166
37343736313630346138336162623366353263643764653766316334623234616236386239343938
66313831346636643261613961316632663838666139663830373561666430623337666533303133
34656434656434356230373430396666383863636363666163323435353236613262303335613964
35373131653864343630343836623764363535313938613666396366613434383730616461633334
30666134643962376533613838393833396535323436343365356439393265313531363535383062
38663237373961316338663834376363613038313834323061616230643666393962313336343834
32343465656637313965353831666137306630373738643831343139653931376263373465633734
65363133373063363632633863343266343436613561363135376565316262353631386539326434
62663230343937653330363332323534383834626364656661363064646632616361346130396161
63326434336439376537366565633761613538313230323663393130323432656539393033663833
31306166643765623134336365633833616632313465323636636666643539656235613732656234
37653536383436636431363539326664633031376166326539326436303562646162613635616361
36363265366634373863643730353565396635633233366566313434643433336462333866373634
61616531663933623837323439376336626639306262396330383666306535613761633661613031
35373135346163343632306139356330373764393030333730616361363561643766303435636332
39333165313331363964353839363439383031376362323164383835353461336662323833353335
66633739356631393864326665336561383033333233313832353035356438316561393334353764
30633230643038626465613539343934313933313237666236393131613131313363383730303031
64636166323733323365343237376464303338643135653139313838383565333462383233353337
61393466613563353737653832343631613137353631313034613730353464343465613361616532
34653433623263393866613061363038633135656239373336353362663037626633613862643266
66636166343361356634373733386435393961343834643732333438646632393232333563313966
30333465363362306661653336323837616331316533653334656637343933313562313536396535
33616234653131396265313731393339343931393430613931623762333965313165373539643738
63316364393265643638353236306630306264346361623165313935336162396132626362366463
38353565323766613435666438363936653563383930373233366337303233663938613832326131
61643937626631656566396530343663303962633563613465396232643035396434316366636566
63376662356439653438626464343937353434336337626262656565646666353339643939373861
37323234373163663339623935316463303531383433363334626462396464653835663839366431
66373636613530636138323839653966656365643133653763613330353939613234383264663331
386532633034653062303663323934646338
