$ANSIBLE_VAULT;1.1;AES256
32336533353239666336333561643331633261306531663763616266653963383266383465353234
6639643561393035343034626566326138316366646231630a383135326362333539646334386263
37376333623261343761653933353961343761623663306361376263396135306661333037653064
6332613638363335360a333762623762363135366530643137636263663330643936323463613165
38396334396330343138343339343638393162373730663665633138356564373063623632373733
33653364366666333332643364353938313838643236373533306135323337623062396661353739
63313737346561356361323163363736356331643132373536356232366138323731656366643866
64623965386262353834666337326331643632613830393633663466343632323631613636373936
38616363353332363832306238316439633766316239323236386434363762636662313231313532
37333237633131323066636338383761316664666663613038336365623139383632623833636466
64343461346561353637326461393334626136393034646364633635383662353538653932323730
62303938646635386535373464643662623132646166303561613661646461646138393938356561
31323362356561646538363863396131616662666338666437386662356430333264663034306333
37386534303236303032353931666262363463323561643530353136343734373562353833343734
65326161653663336535343138363632373863666335326563666234323062366130653134346335
36326132663234353434386432346662346130353866396634643931613261336566653636376265
39336237303835393964343534306534616463366661336133306337363362376339646263613938
62343831623262303433646131616663663734623039616532636632653137616637373937343433
36623439643466373864623139313339623763363432616535323334373433383832386339363134
37313939363839653630663235663861626432333739666439363032373636373835333464666235
31626137333134666639373337613430326332333765383036346633326562353531356330353033
65636563613564393132313766393063393063623964613639643161633362633462386265616432
61316337643566373563333438306635663632636236623130326566353731316562643166393765
32663064326265666261323166316362623065363262383532386663613365353830353635373734
31613731616337316462656230303432393265333538666261386138633435306136636238313865
36663737306334393265633436323334646439303431306264373137313338663530356565303930
61313066313462346632396234336463313137316334333765346239316563636332643139323764
30633966346538363733643639646464396635396465383330343565396335333437336261643539
39643064326539396164356463653165313930616130313363653136323062343434363536316336
38643536633030663363626232376339376231313231636234373239386436316435323566313637
65313433653635353739393835636466373335393536653538633363663465336162653239616138
34633538343462663038663031653936386636363736396535366531336533393933346333643139
38663762643232383431343862353461616162623736636634626135343037373535626135643765
31633662383737613764623161363234623639383538653835613732393937656362303338303064
33306564356234303839356532393831666133343037633264653363646636383031373265336537
63613965643665343164326565633030376266643036626134663265366664613461376265313063
30393738376232663333316562333066623638666631356264623639393533623136656263396566
30646464633631353531666638623265613564373035313963623238373331623566653336306539
31643463363731643666653835386536386130323463366663666635363536643462623732616464
63623465366564303163653839323030343738306532393937343631653730663135646336346232
66303432323033623831633536656563326563633335363539333965646432396665333838623639
63353737363437303439343662333165353762393033333237666635393165613239346533323766
62636235323338303433653961646333626364383934643330313534383764623635383634626162
63623434393134326432663963373466626161633135373930373936346464383630343133346161
64363235396434366165316165343630623836356638396536313131616364356165623338346333
62306361323334643034363339353365616232313361323564363138623935393731663466336435
64613236633638636661633739343330363936373334653032343562643766656135363263316333
30386566386539383066313964623865313630353635623238303938396137336236323765636238
30313366646139636237316162366466313735333430303063313733343035646235386533356162
36326663306633333636333232353039666266643865323330336137303264336233353463663231
64303863616662363439306461636266396130363965336261306635646233623766366136343833
61366564653364336161626365623865366233383937323264666635653262383562663535646236
62393833363232353864316639623166613065373837633761396465303966333939666235343436
66366430633135363961313862383232353666363238356438653631336262336131366663653239
38393135376135353562356464346163303434666637306538383837353134393363356531656335
37653534363135633738333636326164666334663336363737623163653765303037393561326639
37336164633436376532336361333734396332363136613531363164646364333731373135613131
30303963633133373636613738646231323033393965316564386438346130636661316430663430
34336262666562656265353639633838613964313266653962623438343239326634373562333164
65393139346538323863666238346166363865393365393265353333353634613461353165663530
34303062653766326262366463663931663431633538636230666530356637623834373130663661
31343130353862383936633138353865346139323534393463376237653335366136613161366566
63353366373432356264613934393737363131636239356334326537613936383733366366316134
64653861663862323235363864383435353865623936613232363462333330346563386638636132
37633938383032643734623133336335393833663032346530366333636334383637373762306237
33623761616136623663353064643333333735356338636661393365316133633165643430373261
31383534383330373562396639336464653530333266626463623936616534643839356639313763
36383866396463636130363134613164303834643634353830366461633731356466323939613539
31366134643136353632653035323864303238303231633764663439333831623133333462623063
66356338396332356438666237313838623835336565343366366162663337396166373663306261
35346335633330656166373363333434353963303534633664623435366635653934313538363931
36643965353330663066333636613438383439653338363538383230303766616632653232376434
35646166666537326665666162636661376131346166663736363765626535333062303332383035
61623133393837323565363466376565343233656635616561633362373561623137303061363234
34343764653033313839333236653461343665646331633538366361626437343332376236323962
62613432616539663738623862633438316237313833353262373733636162346163363931626665
31383265623437323532663637666432343562396433623937633438303261376530663132366365
66666164626430376239633562363134326561326562363165336332623861336632363566396363
61656365313365613061376436306234353030316435353537373764383932376235356165303739
32666536333963623836643632356234643261353162646566393765323661393534303039626363
36663762386637396234386265643430393532346266373261656464353131656264633331633463
37356436646230346261633864303630613261613533313965653865333635346435353464333861
30656638343262373633323035386438333933393636363433343332336638666336303536663263
31343664613866336639653166363837653034666263336362636539336263336536663237656265
31323237613166366236313436353334616662633937653839353434303866636432333363666463
30613431376638656262343532643634373330343762383037363337643538646362306634333539
65646631326532343336616138636162613636663738393938363336633663623063663731353335
30633532373762326136393736656335653638626361343562376235633066643839313136353730
64383135666261653264636361306331643866636464663739623862323838653433396361313437
34316331343535653730363333653562636430323731363065303933333738636137356335663037
35666661303862383433623464663661386333373565373239346430393334656238626264303034
33313961663563633132663164633031356436653935393462303138326437353038363730343537
34306430643034383463663437313435353032656562666561393765393365636339636338623830
62373661616436646539396465653634396663643431336565353735373433323964663337653236
62363261666438333431333438636631346239613032366663353065363464313162343838353437
30616330633966386539323933323162376634643439303934346565313837613264316139306561
65316134393837646332383864663437373437653036313638386431356132616634353865623133
33323164666636616363666133376434383530633662623532323561373366376239343135653761
65383336376138373530643163393034653665356563643762363961663739363465636265303139
63626365363030393236366436323239663063653038653361656666353538353132386636643365
39306465343238346161393133666638373865653334636131363062323866303333303934336438
30386162353838346630346138663761393762366563626464643231383939636235356661303739
39383232363937643933636561646538393734316234386136353639623030306663373537623932
36343364626162646538393932343266323863653865363532373136613239646562343638326534
61343230613866383431613832393731376532646562643562336437366533386163653737346138
64336263616339386136393038316334633436393436376538623531313934323031626462323830
66363663323831373762663563313366646336616561366664626137303834396532666566386537
39643139663234396665396164333131616636616432393733626361623832666532336365376566
63353866633637383532343763366364346138643432393631313036376262303631313662333465
32303866643865383937343162356562343238316133326364383538336265316135653561383833
38613938326363633834333763633634333239323734343131356139383963363165633336336430
34333138373139373630663063623434326438363633346136303565343764646466363962336335
64383831613137623136373462373333663439303230663830373837346465363034346439343231
30356138613562643065323966626464353961656662363433643433666134666536396162356630
66393638373236643935653034656565653233353739373535646137323566343865323435653931
36666532643065663032306632633065373832633939316439633536326539613738323966613666
34353163386232353866383165366430386364393964653033623937383065346134636431383031
39366163323134626633366132363763633433666261386164313937613936616361646330633465
37643139313065306231356161373538636565353638346139623564633838353237393865643133
32316636323130306438323736343331643030663363396235633832383664363233316131393765
66613135363766316535383163353636333634616631383163343931643766313963366331396633
38373130383535316534353663336138353666666439336136623835663361623462326564303063
39393439313762323538616336346637613431373639396466666135353233653334393039303832
66393032383334386664303461623439353832373830613739366663383330336530623363333430
63383563653631656535363131373032626635386561663962386361613763333531616138386663
39623366383138363233376330336135646533303935663665313439313566306539623936626330
34623931333762643761343864663530633230373563643832663463366237396463613739663538
39663464333035636633386537663134656161323932623862623734663230333966653133313363
63366366613536666530656564336265346338613163623837363939366339663964303631663934
62323161646635646239653831353262383035313038333962366334323934326137346466663065
34663464626664373735363662303435633466313036613237623636636534633732326266646665
36303432653533646664363633616364626238613266643337626539363238313164393238316235
63316264396430356631613338626430366633386136313763363764626639363430343734616133
32303535653537646330306538343261363763356238623533616134343633303732396663663962
33613838306633373535333165643437373339653762333134393933343261653236623234346134
64636163323034343335633334396435346562613161376430396138393435336333616339376466
63616137343634393238663864633039333639326637343632396364336361343530663935623434
39396535363663333534663134383265666231373165663935383866323033616331383762656133
39653061333563346434306231306666663132363364643338363061323463306435363034636439
66643661643466373737353237306665323638656366623165366136313633323366663965363462
31646463313233396532633634366563353634353736623165396433623534616632393738333463
38343064626630306430386438626237376631306161633564653837356539323533323635393066
64303861386164663130306132623836333734326235623632366165363737326635363938396535
61623861653736623761613662386133323166353363613730623636616334303862343537623065
65346632353466373065363432613333643038653065313363353362336263663765616263643233
35646636306261306236643038313839613837356635376361383932346235383631363639623837
34343636633665316134343638323363393736623031663436313034636131363631323431643936
62333666623161616331306133613031323536663334366236326636663436663333343036383562
62363861343465333534303832306137326266633038323064336664623161316131363333343633
66316539333534646132626265323739633837636661376431616333393032333133313661663133
37343466343736306364646335613134653139346537646361336130323235633432393430626634
30353934303464613431623534656466336230663530353537656134396266303539616464343563
61303734363832303633353838343534653934373065383966323734626665363237346161323065
66323862383430373262323765333864366361343634306433616134663262353639393633653931
37623665316234386134303537653534353261356561663866306239633762306330346364346339
35313437396636623230633734336163613364356339373337363636326137616432373561376238
39313732623330643835626566356265666435333836316161373764366637626339383630383636
65623732643830653538653662366637646661646339636662643433623639356366306461396361
39663164326638633631313930323435303662356333363038653861363465623338336466393139
38363062623936326464623936626235653066316235396663333934326231643330633765366463
34383066396334666130373061313232353338643136643765626437626639356435333364383830
64316235363863346261316565616139383461393563656630656663643439376565616434363437
38383737366134376361373930333661643838376261336534373661363533396366333566626539
63633930383731663739653735616666356534633233383963303838303230313030666663326264
66306635636536356334666138373466313962643430306363636338343430643661383164663466
38613937626363386438633963653639323336613861636537353433303961653034646264376465
62303431376534396638633762636539366333363561623631323566333733376130643165356432
63333237646432376265643533613031393437616365623266623034656134326435333162313462
31373339653334633332396564333061373166633362346130623336353765323238636139366666
36313039626339303161306464386536666363356634613363633764356633333631396434653032
38656337353531336465643966326565613635396331323561616135663962366337323038303839
62366331663237653330393332313635313136303766656166313530613266396438353536666166
64393863323861643532343032613535343362343461363134326363633037323634663333623562
66626561663235363539396335333234616639346262656463363832373336353730363930663832
32316436323432326333646430343832346530383333393361386139663837353261356139376366
38363139663233656565316333666435326464323365393862363663393730643632326563396636
30633233626461363962383333356139356664383463336565656132363531633536383332656434
36336432663035346230643935306164366664353264626338393965363139653539316230363735
62633563643962333036353662396235396362353436646662303831333666333139333735613134
61663038383563303766653361666361343138346161633737656135366333356133643636373337
63626632623563316132336439636666616435313734616439663931333335366466386536373762
39306439366238353835376233383138316438336466383134616631613537636234643738646633
39366531396134393534343066666564386534666133616364303736633361363163353136316230
66386165623335373030663335623265613530663864306363653539623765356532663865653935
64613066383630336632343339656364656164363264353136626333353539636466323639643139
31613836646431633665353332346131353162383237613031343536386265326138663834623332
37323565303339623964653266303565393965643266356131666231626532303535636632383539
64313966303631633762333134616232396565653664353462633230643434396661633734396361
63343961393233373266623964376532336439616439393536346264393236653566353931326430
63313033306561396663383264613635643931626532333736343432633333333832313964366534
30316632666332343035356536323466393963333364373132393036323664633138613233313735
62336134363339383065616336323565303863353731366433616238646134313462316436343438
61346130373364356138373031616232366264616165386234333837393630613637666164643330
35623834373262646466356663323838666634613066303364646565393830666530346131346463
36396436383030333538393564336230363563363138636532323934666565633161386135353063
35623131396365623139663833353933336532623438333432303431306435623730326337393135
38346266323863656161643832383765373636613236313161643837376461333130356135383836
38363265653764656634653738313934313162326432396362383165383434353735306430323838
61313131323861316531326533303937353363393237653765336364656664303961376361396566
61633065383333303334333262353831366465323564626366303234333436366234643830383866
34303933626239323435333033623863643162386431393939663965613266303566326137376334
37613036643565616565623165653765656334333933343838666164333130356638343465316262
30313136323263383731656465393535663735663236386666646161353938356466316139613138
37613865373464396534663361393430326135666539303762653733623932643963396136633532
62663738353331616438316437386535313931373636643965306361383464323261333030373235
30663632393133376137383337306164396630613331306138393437663032313064336538343466
30353663663134376434303565353436653561343933396631663633643239353138643061353633
34626338383638363064386566386632623030393735356334663032346636613233326231633862
37396339393736303461343337666265663263306230343531393963333461646430313161636562
63663832366431386466626466343163616438383162383330623264343365663135336362626561
66393664303937653963353866363932313932393633643865396663653566663065613433333930
64653730623064656362336533383536353333303362626462653736393235323065356132653230
61343165396366323930363831653538306434353933333131363961623931633965303334653639
66333965396536306134373564363665313630656363326262613837393236386261343866356334
30306261303435663830323361623662306636353236313763323764353130306662666266393565
64306539346630343838666231666539366634616538333066353261336538653664636637346530
38363131633166306564396130623532306266643533666532616565353135326234643236346636
30373936386633393636393861333664316630626239633361333632306332656465363063356633
30666565373162643636323036323163363233646463623863386138396162663337663064623964
65303462666432346631623734313066306636353530623036343435343336636538316437373532
65656634396462303163666234383865653532323836383064383939323563346435383764353533
63323963646330343539653532616538393032623735333836666638643664633037336366376534
30326265353931353765633438613231663039333237393363653066653332386538323765323565
39376665356163353564613538323765383963323562323463613561393939616631333739376665
37613764353330333730653734636139363530656439393666386331326233666432616162653461
34343461396231363633373834636234653132383732646631663033393736653136616135306363
32333032616562373236626439633431333537613763333534393162366331353937613366646166
39333162303438383862623765396431323837663138393936353935653237613432303730366335
36663636666561636164343237636136636130613964613233353636363562316161313434656136
35643636303130316666646165663738616538313936383935333761373735363433663830393139
61316335336233376436656439643033636363383665653163376661383863313939643131663236
36653862356537613661613239336235396263326433613061393266343432616362633264323166
39326463623932306562333634656433343134343235343334656136333265313034376236643631
33396532333361353039646563376537346539313230363136633762316132613633346261346634
62356663343136616538616236333434376133666334396339393738656266343164303961656230
35316234376663303861633165643162656332653834656530626238323862653566613164663264
33356462323963383762303065323934313234666136366166393637386163363535343564383639
32336261393835656134333835306364643361633763386139613132316662643131343439626164
64636335653536616438393432653265306135386631376635316134316131333739653337393765
33623239323862613839343135626232343066336362613238343130636332363937653939363633
39343532643438623638613037336130323633353836643863646135653664616231643163613565
38646339616263616166636238316162643266623032656536636139353335663437333563653935
63356436383462303139643535666139626565623434396163326666386132626232336437623862
38343432313733663535333862343365313131653437646432313439326439333366323338326462
35353535316561366263393738653963313461663032313339343930656261396539353934656466
34373066393662346662393265646166383263663734333539633563636165623835323334623333
63316533626564386166366432373262613665616332303036626135643934353362383063643165
64396266626166353439303632633535356631373434313835646264636434363037313032663738
32346463656331636333303966313362663734396337313662646638326536656338326130393535
66306131666235376663653435303635366238663166613831646230356663633263643732356238
65643364323738613064373833383962353366326332636164306239643731363936363564343065
65656536626430316138383662643462316234363838306431306339313262356262666639346230
62303664626139356464623730366463383161306338613130613437656363643131306163356261
66326462393835333263616266356539643535313035396131313233626165343830316639643961
65653363626135303537616130343964623431353164363435323232643531353133323164303862
62633932313362333766356165323432363930313464613762323761396363373731663339663836
39626163373037386339613336376434353937326234326237353163303561663032366666346536
34373962376336633666333336373365303163653366313665333466373764343733636236653736
39323036643434353036346363306533623932623662396236616666366238663837373935363236
33393737356164346362343532363033303238633439363638313238333138393666373432343638
61623039653932633062396536386464643435383030326337316135356136646163323936666139
33393334613164626666386536646466386136383761353432393965326232373934356435663433
63633466393635313163326562666538663731333734393761636166383731633938616130313633
30346338646534373131616239346636326565613163383434636130383661373532363837663632
34383839313462393239613365613863303539616637626563633062643061363734363364323136
33383437363736633534336339623333363663386165356663373037336137303664623735633862
61663664633431633537353935643963376663373264343737316363313435616334373864643730
66623035323234626465373265663461643531633031303566363061613231363961613237636261
34323861386539663263366261363434383864326161366532376432303335386530313564373061
64656632333761356338343235326265383366376362613066303161663033356239646166653835
37316438343939316530386364353163353730343138633437613064316634363437646663646533
39333833653863386630376432633338326337303561636465626362393565623866373031616537
65363830643636666531333336316137663037383565373162383738316465613833653635333465
32626364616237636238623934636563616534353961376135303135323132633464343636366435
61333565306435633035656665353966633537343435643332336164326433333131333932656266
37386464616439653133356437346230323736393966666665626337623337356466326237623165
31636364366132316461356536353963386131343137306236323932346130623633336230353932
32383666653565356331663839353035313061393635343262623063633165383538623866373565
37343339616639663632666436343762643564306264326230633031643333343337656161313932
38333730333337623037336561383239633464303062663864386466663762353031363031386336
34386538336133353230633766363438393037643763366533356264363930353864376630376231
36646333653538323763613933313764393961323234333538643036646630663165343032333064
38633534363062643362363336303361336131373963326131363336333637343535323966636536
30666535663832373938613038306633646637316463323862363063346561613134633338646235
37613535343038333466353564303066393030343662633837373835316362663364616161306163
31356634366639386232613163613562303039623632623932643265346161303831346637363037
37646463656663333531646631386264636537636464653433646437353965666161323432333536
30376263306663636262633265386263346262636463326634623633666165363630643636346262
34643637313735363238336338373464663935316537376162613632623761373837383438353463
30636566326364613233323132373734343638343139326638653663616638353262343261366631
30373931653764313030636566373964656630616361663936393038383062333137363833636265
31306330326535393334623233633064646339633763333236663065623865383237313430653334
30303136653032376131353138353039663837316366623066363138316431326232326337333065
30666564316530656164346433316666626666396238393834343836643030626565623931303438
61643239353866303331343931643633626136333832613161353166616264343839356336633331
61633335626165326465336339613432303433313832363765373836613339336639633362376132
65353964363632363263323734393433616138346232626364656438653665363838363031393465
36653035303063313463376237303863376237396437623633663230623638643961653436636461
35616230343339623664656433323866353230656365386333323266323031323732633830333930
37613439343136383262313838396566383636366364333533316230393566393963303839643464
34356631663465663737626134656330333061353633393535633063376665336365633538356536
38646339393663353238663034626333373033633430366430306133663363323136636434323732
37656434303332663464366635643931383463343361396439376539623938386663303839313738
36633965376231306532383632383239643335343535613235633337663038353030643239303032
65323865313238363039653833356362353365626533663865373664666532373135333730616631
31333064306364383031663762343566326262326665643636656138393232396331613432306165
65393430336165313237376565383535366431323635343238333662363066396235636632303564
39623236326264353033636664633466363032323237343138323562383961663362393664633738
65333432366635326565313231356262313965646534356638656235363738353039376137313166
63363033633762303665366433663632396138323732356432636131303864613662383862636462
35353138616431623864366232663339363032333737633035303563356264646139656263323331
30663234373330383335376230323764306161616462633835363831656635346231393431316437
62333033376165313337393539353633363164383734653932353734633464336238646430306363
35363533303062303835653061373237663431313931636366313632363537643965663036613563
38323836353866383534316630303334366366383261373033373035316337306361313630383237
30393564343862663032363766623139353362613464303036313666633433663365363133363564
37656230313030393838316638643633643632363330633864633262616163333431303262376431
65313465623136666165613366363561373339386265373033316639343065393063393131333664
39343561646234366161313736396461643434633065613862336430613365313037383436646463
37323261313539373634363537326137643066326263646233376263626431663131613134326662
37343535643536653338396136383632306634326137306538373563336662383633303133633739
66366664353032343464353133616233396366313732643961386639323233623666656535613536
64343665353631343634396136346234313734306665623262363134626663383562653730393134
35303466626361376661653464386131333166643930343866323163343432623934343034303137
36643633353863326163656430653663633462386433666539636630343061636537333465656133
38356561633764363134303137613733386563663533393730393133323939386539343035356439
66396238376666663261376436666536383131653236633264636361366236303737646531623930
62306232613436656534353638623139386230333162313834653564666366623763373135373134
30373539356163643235643833353563373264333836616337363262623337366538613538306435
61366135623338633432313034343738326630626639396664313163653239353433333732333837
34306331323462653561376438613561396561323631623137373364313366663432323435633536
34643735646238643564666134353063363432386132633162656439343662653231643834346635
36343033326234303562646363343630313965393730663535663233343464343133356632386338
66393936383234353830653433333733363366653734623038396362346636353663383034333963
65623235336431626532343531373636626566336461383261346238396261333733636536386637
30336161323331646464376130383637396266333166396639663764336133646132613336626335
30636362633166633464653131626161613764653636303137366338326338303731653365623063
31626663356364646239333666346133356666636434336666353132666166656530366537343537
33346531376436653030316338633664376235643639353364393439666433633630666234643438
63636565643064646565616635636138316464373234386363656330663835336338356238636639
36316230343537663963353464346330356630383438386131363562656364366434373039373038
62333232373938653332636436616631393238343364336165393239633134383331666331353132
30393837303330386236636564343438363462393633383930323362353435623430323261333562
30653461393134323431636634353039626632336165356537626566383365393562323032366461
62306563376264316139363433613362393939633662613762393564373434646236316537316132
62333663663635653130666334633232333366653764613630633032666564616262326236333934
36343637653034333461633633393765363334633462613062393461666666623737373163396532
63666130613366663036323563366534383161373432316165303063306634316333636431323166
38316366663864613130663637386636326636623036373230396163373432653165653635366163
36313962356430626136323061343933386535376666343030313435346263313864333161623935
38626365396464613664373037353635383330376130616332616338313364613735303463306362
34313666323065316235316161663836333834316661373533316663656564616530343261386639
30353233353938326264643137356536373566623463346438363833303032386638333664306234
37383461653964363762303731646338333338383863613433626336643431653264383465646632
34376432393831303661393339633165326536646566656337623362383239626637356565663035
65393730333761626162363936643663383533633134333961616166333338623830633731396138
32396264663433613538663730383131653463303261613462353634616139376631613666366566
36626266343762353466386537363131623262666566346335616435396439633564333330393465
61366632653236383931633730353433653235343634336464663337306430343738323430633034
32313535636366336561326132663639613537306334306363643734323365616532366536613765
37396132663233356262326463386335393434353932373932626662356264613939363361346363
33373737346139326662326635333566386235383339623366643939383262633365373031386234
32306331303462373230353166313735303934656536623337613135366233393134306436646362
37356638326430313535646263393137343839323936626237363361623663363638663362636632
36643838376231383736656365373938303633636332396637353837613831323137623961383234
63623966306431346166356362396437643235383161356232326535363037633334363236323334
62623237343833336535616534373539306437373334353435363137356563663732663061643534
30336564336130316666326438393236303963386230336232633039373138656538643666363138
31386663396136636237636166393032316631376565376433656634303364633432393537363331
35323537653533383730373430393035356539626266613065356639323564343665383964393464
61626235366465366339616138323366353635616566333835363462633436653735346332313066
62353536643032613363663039333262613636643639343835646639323033636666386565613132
62323465333733636430623830653835323633383166653938643261623535376330316238373533
33666232386437323837653436313530306536323066353866366564326166613735386639393339
65626437366437333563343634303135633930323034386462343832626666313662636365333132
38643863636261333865356334396163366635323864666431323630323863326238323934653865
63633939643839333333623637633366396230363336653065383732346330303337396136383339
35313131303733333434366461343361633763653365623732663538626637303231366337623530
66343662366434316238323634386464313866636531323132383963323263383166623466353361
34653438306539333639396332653438323331396431303362623337656439343135363333343763
62656665663339663562386433373335666365323964636436303666623334616163396464633364
34333635653031313364613666623939383765313762396239663432383638663066373766316361
65376633393466303632353534313162623835373036373330306662383338623663366462643265
39626139326364306537633664666566396538386635626238353130376430396664373262633334
33323239393135383235383961656563383537306530323366643165633665303566393131306362
35373263666332643031643737633863393830303331626537663235326639353335373537656539
36636362646238376563653035613136623131373137333261656130373865333231306537363437
65313537626261633535373539633361386533653337306334313433633234373066363631653064
30383830333830316138643032303665376433643438376362333032353439373736653831653939
36323861316538653130363039613831306531636161353233626564613037326565663538663533
36643661336330656466653438613162363266346337653439656531333535643066333139333738
31393364623662356633346334333734333430646165336438666333376463646565396564636238
64333135633133363333646538383065363661316466383865633334303661353735306463363862
34326530356632663262636633373065646130646265643339346265653138373861313465366133
30643539653633653735353633653133653339663539356138353139656162346661343963306539
32393834646634663834393331366139636335613639346531636165303064653430363466333562
34613064396538653863613636376361376538613332666135376638616334336163376233373130
32343430396261646535383838643235306533363564326534666163356261623331396463333936
61643461623865383136633166653432306236636266373237356235613733653633653663326536
31326638656662323036633631633634613430623163363738663364653933356536376637353061
65643230623334333734326465386562333162366161656363666331353939326564646264633731
61626132633635303934306434383064313766353961303439363232333262613632366466653066
31313538363336323039626539316132326336623365326263343962383734383234626261303364
37306131646464383339386463326361316532373964643964663062323938316431616330353564
35656261366337613062373266623366643832646537396138383136366265636463356535663636
61303265666131663239393235393030666230356664373461373131643136316162326437636335
35626138646466623162343535666164636435616635313265303830616133353633666335306330
30316137323038356663336334613432373331366466663931353739633535356462326434666663
37366136303363316262653037333137383933353362363964313330373864366665343963663433
32386331333032663863356338636335643365343132663239616238316362353337356534663132
32616263643762653062356362356664636532393338306264303733303739333734323966636363
65663562336538383934323262303537653938616130313336353433633636623961346136393430
66633265323838346266373735646139373966356633386161336431313761653263643231623431
37633536373138353466363139303330656436643530336139346663326632316638306563306631
30366261366235306136616638393265636332613932653163333434613666383766373730396336
38346236333935333861653637386431336638346461636366303961343461663230666561366161
37626666363737623564636436633966396635316266663866346534343463663538363230353862
37383364353337633266343865633465653464613035623464626466343435343239333265313433
61313064343561633538393065333836336632353262356532373935643561656266333765336261
65316433633434393539633237343434393761636436363834333362343734333933373963626533
62303162303830353961333638323437643138356334653738386630313461613334343333336166
31313937353131393035666536623436396563396464356437663630316432643566663831326237
61316665386562633162373966636161636466633630383366313635316439646264653430316463
31353338366566626561626131333239646336623862623566643038613730333363376136353763
36656535366535346363316536313063323163666363386132663638656631373937656161643063
38306530313134373634643165346666393365376339353838613763303930666166613664393833
63356633376631616239373438366335323434343834356239326531376632643962303836306565
39623061343431343266386465663362343364323361636464656531653863323539363539343435
64323836303038383065396266616165623766313334383139323534643061363134626662323635
30356537306534376239383031643336336461336138663734303131363366613838393334323763
33306434383761313463323638346132323939316131663661613262663363633330383837653265
34616434643538633563306636363335366532666437343562343336343935393862326136306237
65343432306239633365316133613564356464633434306335636331323939353736343430383766
34376530376162646666336437396636373338303865636362653130643866396530373639646164
33653634353037636133313363616461636238353963323263326630643462313935383733303834
66623363316139613437376436343939313061323332643330326163303239383934346666336562
64333765323234636138636164333633333831653161353931386339353062653433326431346131
61303065613731383565323431623861393735646338376363393435363963393030356531333165
34626635643064643162343966383666376437386632653663376566633336646230666537656563
66633563386566653265663566333762633237613039366661343737636137646165323264373530
37643164393761636135356632303565616439363963363335313065306537653638653865626566
62366130383666393937363266333466616666656564646465396435636437623766333564623330
31366330663865393434333632306237316236306236336636633264363931653736323934623632
38376638636532306133643031303835386265376361303533323238313364386664623566613764
62656666616661323935643961653061346530373863323362386262393437373336303236386436
63313935306563366237383866666534646463353636363436656435363039656437626664366639
39303533353163303731633631666634363233303265343238376234353636313939353964663130
63633765346136633335396234643465643162613631346630336236653636333335343934313932
38393061323161363431633565613539646338363534396530663564643639643961333836626239
30356562303439623462363864656236663963373965353339636330653039396264373833353766
64326433376364646338363530623433376634313766353263346536643232356332323934306263
38393639323361646433633233623330393832613266313365663338613933353264623431636363
35663762393838366133643065383261333136343236343563383164366566356363346639393563
62613165613830313536313165353330653238386439613164356638626366356461396563326534
38356564613339663735626661643735383763613132386432633837336461356633323038323438
33623732626331643937613136643038306132383833383161353634653432383961646663363733
66393961626330303635343761383563613039386565333438373339343236336638656530633963
63663464653832313533303939393162626365643039613261653566343961383036333430386335
36623564623839346362633531623661386161613962303831613564356131393563653165663366
66306337343862396265316136666131376164643831646361323362363135646534396236623763
65383761303762393136346639393465633465363230636639313832643336646661313662336134
61626338373233633961623633646132353138373231383634373431393231333538626162343431
31363961353163616230356237316562386530613063623335313330343439353834326562306364
31626461616262316462346361643933656362653632306534396461636333623532393563373062
38393033336236386661313139346130353764623262366161636162303265343034383835323638
30376233303566356132316634313166306163363865623664326437306561613864373633346537
64313230376164653033376633376131313565386438323532366166343639373830386362333031
30616136353931386336623663316430356164316134643762636164373665373166333666643832
36316138643738313231386361363339653132653232653463333138336462366134383562333338
33623739383635303063646532356132666563656532393937306362383637363639626433313364
64646166376164646435316461643234356463383336383464353235613161303863626462646661
30343261356436306138623337303061333330333262666563616166376237646262663264386663
32663434636434336232306433313161663736326563666661636434346266633331306337376266
33383034623562393361656463363335336463616237626533366634353830643435373631656539
62313437366630353865393032303330383930663965373863396365366231333339626234616665
33373334333133323662323732356464346463316238613561373232373535643761373631663036
31316165313731633664323933626337656233623136333461333137346234663666666234353434
37316264343838333061633937333432386332396662623262356431343835333232336130326166
31363931323666303865336635373766646637346433303234343836386464623537636435626138
61343539333332643437316432653165623235336636396238623532343963633431623432323531
30313137383366623835643636663434396532643265323061653834636463326365356233336637
36333730616633633862316430356233336437616235323031653163653566303562333130363436
37643439323331623334656532626130656464376466633962616338333231306435663463653332
30643162323963663562333830323430336164326235663735383661653261633835373333323839
38366234393137306562643133636161373831306635383732343933646631363031616136356561
35626163363162346161333736623331303834313431643338323437393536636636613064366565
37643032303933663866346266393231353537663739306333633331626239633263313130336131
34376630666162323934393539323439323466623030623731323463383839613539383163313132
34363133613866333230306562346664663064626365316238363136353939376361353931616332
32666334376264643134303730383535316235313631666163613633333938336338646138646532
32323931666330356436343039636238373034646462653066636532313035326163386630616565
34386566643762303032393439656639633638616239346434613939333561363132393534393264
38653939363437343965666566646534633634316234343262376662353735646261383264353032
36313963333832323038326135623764333632303538313963356561643036626435376139346665
66363036303031323037313638613536333131323235613038353962633838366539663235643265
64666166646263323934396536663233323839656132313665616431663266303338363662343664
35633638326438313962623733393261303862636531386631613961333632613261343133363739
37626366663531303433353935313562373638613866333030663065326661323436366331366561
31396238313164656638383438626365393830376432363265646238343139666562666263663334
32643361643864363733656336653233316163393839303134313735646164306333373366373237
34366331663437303961333164356430306138393265313765313234643030653463396536643630
63306139613836363634333533343662636464333233383034363465376538646433303333353862
31303535343239386235303961613162343966313562663239303238636563386436323063626239
38383963613965313363646435643765333030363664633439393436623566636137303631363861
64303730356262313833363266343638646666616436393636313566343537303462363934633539
63323762633939333337343561343736353838336161356232616230666430353537383833363464
30373239653330656237346364306238326235666132656437313937646130623936616638356361
61373430323266353435656166376137323838396630663362373137373261366266356366353730
34613130636231613236353864303135313366343665313637346432656264656237653165306564
63336634333531633661376462306139373664613063633339356533386330343338383835333335
35323438343437393061373235376663663363323935646333373664616264376131623930343035
30613266656662613530616265303434323131666339656563383039393736366263353233616462
39373239623437626566646566666635613765666132373761633563306433366330636535316331
32303639643462323662633038643735623432333137623263393362346164623864653431613666
66613835303237323932306166353132343631646339393465653333643536633661306238343434
61323363653866396231353066326235333166663039613063396362346262306634343262333163
61396634386166356331323530343763656463356464343765653161626230383835663232666130
34376637373632643334363163633764383430643264306438386563613135333831623434343538
34613230333865393862346132323761636566653132373661376263306531616237366266353238
33343764666661613566326262623163633064323734633164336466346432353334333135623763
62623134333934393538313862626463366230346435663739666665323766633831656138643532
30323333366539326533323135373831653937643164626135336366653439633164663736613962
62616236353132336362313030633838633463373963656533373334356433656334363564306437
63376233373266343665306431646238396365356636393534393637656433303863313063306230
65306463653937336535366339396261353933343630323031643037346431333832353065333363
35663536623865333163366433326663373461653136396161356530653562313336373764643538
33633163383539336466613762313462613161353235383335396637323036636132346236316263
35386462656264303661333637396331666135643937303538633634313564616566353462666530
34333264653739653233353165653135626662353131333961373561623634366230376431653238
36303432643330663334373739396332613438313435363337626563323137353962366634633030
35356662386433633130343238363437626539323166656364343763386663313161633633653234
65373731656631366633646430326337353436616562316334363937626666343430386466316436
30626638653666653262386535346166653064613938396164373435333764363930643332626134
66353837383035663564326530633963313861653963316466623030613137643466306466613633
32356236313662353236356131373563363938393962363637623965666335306661366237376634
64373537333331616362336430326233323738653862363637383033336639633463316533316264
63663165633136393534663831616461393339306532613839323864363036643131623063313831
38626263386635616139356538656135313166343331366163626164633865343066623036666331
30633435393966646139633933633730323036353037323562343161623633386637326633333330
64326537316362313161613934643039336532386565343963663766633662353237653661373963
39333766373239353231623430316334303135383862663436383237633961313835353937626263
65653531306432306364303765613565376366626632353761623536386536663734383866396365
32626535353331666130623039333765623566393765633562323763656262333436623662656561
62316566373139646665323339626638636332333062363931303036323966623735616463663164
30633839663162396531376662333735666231376664306538633538343635633037626262636435
30353838353063323066373064303333336664316366633337356233313333326162363962346432
66643536313664653531613235313561616335393230323437333461333033636466343138613933
65333661663337373430636331343431313934333735363234343639346366633531313435663236
37363166363765316562393262383832313930313033383064386530313830303131346131343365
39303061303162373037383130653639643962343765653835333063303362613435316435383163
63663466616132323735633864353063626439633238373033646631653634333339383433343032
36353764323336633532313364333934396363363531383437633132396164343836386136343537
36396431386563386266626131636535646663653338326335353939326339643362396566373264
36656134626662343264373530613335313763666366376430613362616434613066393435633964
30646339346365363137653038303263383762316534376536356662353861373633333735363636
63633339303336613462316231356534343938626465323762636161313466633732306334626438
34306233333962326436636566396136393566343530363133653865376531346330663462343539
39383633303462373732336439313038303066316163323637323431666335336231313562356361
30303139343762393333656562366165363466623963313934383666363063396365303936396361
63323962626332383064666431386636353363656336353964363231376336323333613830386261
34643539613038366636623730303438373162396562323966316534636166313432653861373534
61356339656536303062393666313835383464636134313738643332646239303435316236633962
35353265316233623238666237666361396434383032376538343866316236616530396333366538
39303164393536363437653964356366306433666562313333656533623263343733346234376139
34663634666532626464336231366564623235626638376338363337643533313064313462326334
37376637303164313835313064383536333565393331643530613766633239653339303934653931
31386262663662343864653836323238386339336361363534336135643464306435643733303738
30623662663465613039653232656464626165656563663231353331646364313162656533626432
62356135616435343335336361633536636663373763396235383931346164313233656439356163
63393761323637313531353233396430326135353239636539383761323031333161653539623361
31353433333436333430396231653665356362353830353935316531346136313836636339643537
39656230313666373235386534316164616437326466323163353135353534626330663865626631
31376638666263383432356431303832623661306132353139333039623039373765663433303039
34653032663064663238313864333335663931306434656434636136386432383831626163376432
38306663393661313037323363613533373130363662653464353238366636353461333361646433
39366232386264343434613332363430366435313535636636306436663737303334646231616330
33303563386563643630373662356162383765646166653165383636623463613262656134306238
66386339366633633463333639326531633730656332386538656636366536396236316564366333
36616361636664326363636439663539363662353939313833366339343530363337643231303564
33323962393534396262303137663366613132616631323033303066656439363839316439363236
63366331623061653331336538396262386365326134343136393261386263353036333666643065
38666561373332633332343131323165346639313131353136336436316530336162353131376336
30343433343861666462663437656236356634333035373866643538346362303331303563343265
62333430623732626138336633356561303165643466313736316632376435326635323832326539
37343731376636333366616264363439663865313437376661636233303135363137663366343834
39646332336262633064386235343737316631396133643138376536303932646230653739313261
35306431306537303333313063333331306535353330333130376264623330353938643531326163
61313734356366646239653436613839623533636264313137313933396239393566303635336463
35316265393166393238653364323364613530313865396366613735616164636262666434643161
34366432323737666661626235383961306435313762653563643862326230323339323732626364
38373366376165663037383438633566323038386334313934313637653530363832666632366566
61666265343638363033396434356532366337636261353930366566333937366535313965633864
34303862303735616536333431623335333261393938643462633261613462663630616134623131
33353038356632643332336363663336616139346533343936663132356638313763363037303231
39326561343439343636666165626137336561666131353262363236653532323730306136313533
31353230363839376137393239633435313034663266303537633839666434646464306463363535
38303839323832323236343933326666346663393762333934323063373537313565373337613632
63643830333265383730623062343031633239616430303066303431393837386165636138323265
65656463336338653633366165373661353266396566323937333964346136343235613330663930
39616664326536353433376634306664636530343730356562373234643639643066333866633832
37313130333937376662346666396163323632616566363131613761623963643066653263363839
34333134633939653236333736363630343230306363663238666564646166313161363365373862
64343639386339323563356361343266376635316432306439376137663838363962326139666334
65336237333465663234623338366436633231303932613863353262336161303439306331646332
37386263303962353238353862396133323032363834303662663666316236636332343634333839
64333761363633623230393634623164313662366266666338333331663136663236336131343761
61613336343833373831646636616662626565313465306336316362623061323238656131386136
32323538323336306230373562303466323435363030343039363066666366623966666537363138
32313862373630346130396666643039323437323939356363393537653431633264626533343331
32613739333564323530393663343261626533366438623766616566336262346634386262396164
32316134346232393861383361303033653663646438653932313936323465643036366538333864
65623834656563346166343765316638633137656265663230366433353732666661383864313731
64616666323538323262353739373466376662313966393236383862386435363834636464303765
34646337633931633439353139393331373765663233666365613137643632373561353462656464
62363462396234646137623231303533353936343039373664303866633830656461633639613334
35303239643636343861643837633965376636653464323131306637363336623330333331656638
33633139313265643865303033646435613266623235323831633161316230663534333934653262
39373630323334643965393639613133356632343336373339303335323464313937663630313361
65623338623964396233363633303930363133633530313065313465343636376235666462386234
36663564313266626564363734303633653430336431376236373361346534653631366138313533
30316232383831633336653433306534323064653331646332303765313966353930396562373738
32623133323265656330326333333139323666343439386664373039326465353265646534333539
33663438623736633866353933313339363564356166356462393530653037376131353030363439
39383038323863663530323637356430366235373333663264333534666631343531626366353036
63363136313839333137323665623839356566633866373632353036306662383030303237666439
37303831646137383232323966393964383437383833373131386231623934326463393161653437
31386331326533356530653461323561646430343035383431383130393631636334633264323165
37613538633237323862643166333566643639376563643431326530663730363935363336316431
30396364646133363062643935303732363461383064313730656430373063323431316664373232
36663163346263643834653034666666623132613963313235326138383934343136613765343636
61656637386266356663356132393032656530336137356536306530653932333037633231303130
63633937346239666237303536663564623066326131333662313234363333393862663764383137
63623933663636633765636332313361373863663436396664646263646361623331383132343638
65383863333231643163666164643063363238353731646338623537666165363233653762633565
31626334643934616461386433306431393664383234623863326261626435366263653165313765
33626464666335373235393163393939643638363030373135353832386234633262356664653135
64303062666464333832323163666566306137303233356466363337646663323436633263646534
35373364373662376663663362383739323363643035336438656233313732623862643163653263
37616561326639326439663266313431666232613338366633316361656238383332626134373862
66346231666263326264363337343133336263633765373337373462653139383833323265353138
64613030626435643839653266376230333632336434646530393437653633626332633361353263
34326537343131643634656634653864636566333431356165623130643430333262643939653062
65373133613264663034313435363336313237613939363733663431393934393361376462343935
66616334303435343961666266393333313531343465353332306233363038323433393532663132
33303735343338343161333835373864306333366463373933353665373232383365306161303734
62643832306535343539636333626634633161613636326162306235353064373231363932656430
30376363306365646562326531353766356165633363306131386566383735393661373162303530
64633832323332343933306530613864366137336134623736366434323638316538663365316261
64326339633362396663393632386438646364636132633366616233326666623636373331316338
62306461643164313262393836626138666231326535346234373863653865383739306138343036
62356531343736333336343363636563616438653334643166336162353635626464333964643437
66626632626634393263393030326334333861343962376466323132343838366237356430343334
36373264636261323038646535366662303061303832396136306662356333653162303166366462
63383166653831646533633163653265383966646630396435656336646339646533343761653664
65393233613761633431663732626663376265363466353433316436656464623864353136393663
39663264656235303838366165653765326239653465356136663864373839363133323065613964
33363035363961623263366230656133333430623837623564376534363330613363343866383732
30653630333932373865373231386262346264346531303630633330333733643035623431643939
38636663303163623966626530653965303137323630343234633665666365643633613265313661
33326161636139663636623539396238633033643836366137366264363130663564396665373061
65656637313730656136306136616463656266663062313833656562666263343365316666353537
33623339373537373436636663376535353434663763396535353731306361353539343338393561
39616238666362656139313637376434303661323839346433333165313663336638363236363464
30336366386133656531386361303263383664393732373234666431396166376564393733356161
34646666666436316664366335383333306633333638353234333665653839666165376632623662
65313533393930633736396332663232383934303737333530336637646638613462626530663065
38323763326337386433653064646631376566623565373263323437356463623134646433646366
62666263316138366164643438663362353730373939326437643537646130653132623037666438
66616235336638396531306239396238613061343731643435393931323032616438343533383436
66646635313633313263643162333164303134346263656230636165376537363533656263353536
34663133646464386539646530353733376361306634343332653561633666323165313466623635
37386236303561393361353232666339633364656133646663306437376461356430383834353861
33633330336365323361633834366663313831386263663166333038323232623036383562353631
64613530623335313438336638376635353662326536393238643539663766313731336432616236
33653334343464356165663838306131343966633735356334663336393734386137393764353766
33643463636566383139303362326365373765336132303736396166353334306639313030373435
37373462626261336331333563393361336431636438313935346664353261633635333534333932
30333265343237623135383736306630633238353931363861373338326435333834353065303664
36363432376432643065316534373763666564316631663835376464323139376532663332383365
31626434313339346631646162306532376535636437343733613331393866613236353261343430
31613631346331316431336638376330646666623362376531366263653532653237313036386363
33653236383234386639303930653039353039306637633831343132393432333332613265333365
62346238616164306230653535383363616266663932656439383932396264333266653639323434
62616533303936653465633966653937396561333337663761366634316132623838326664393133
61343939373931343363306539623430316262663738396333376239666239613036646138363334
64346532626262326336616233663436646530646336666266313462646236353134313135633562
39333936633638386133306366383364336637323633306431336261356563376535343131626232
66396362613438663235353831303963306565366536373937626133313632666331336466666334
30346339633136366261663063323930373631323166323933653261656663666339336365343636
34303931333562396333663033356665366534646536303564356364353566373966613162366431
34376361373538396431356362643538666266363931643365653666656530663230303935663334
31663339316266633139363035336238663134333766356162646435626537353731653532306237
63373635363139363863656163326331623565333531386534303564383531656362623238303738
63373366613434613933646363636562343032383362303061353766323264316136386636333762
66326462623066626634306233383934323364636638313134383032653733313634663239303031
36393666636331326161333563643963333332383363343162656135633439643932613832643661
30353134323430363431326162656330623265313466323966636663653761353836353763623262
33663661343236653333653930386561656635393331343862396463306661616435363431656565
61653831616433306361383831333836373861636433633730303334363033323864303733396534
66343963303233623131303930656633633832366465323034623964623263373234316533366538
61386634303736323764366365353134363266313064333136366532613664343164313838623663
65386130306266393933366339656230333636653639396563626330383834376261373365623038
37653734353562396336623039373362366236613533393636363662623533626237643165333136
34373862306665343933666139356363353337396464323261376430666132636535653361396539
36393638363564633161356635663237333631386235663735383164666163663064343161653562
63643638636461663630633736303461303732316232653139373763613730643435363437316666
31356532363431303135393263396231313938393536336530303736663062383664393563306332
62653463653131323363386538643665306566383430396436303330306131323064356466396238
63653035633936643433363131653930383961356239303832343436363238393634373336326538
33393861613931336236383330663334653935396163633363316561356138666637353263393966
39326338333633626235646437303565313962666564356665653432303333323638366662616430
62343638373364323063646463303332396237653736633830646631396139336230343362653437
63656638343230663133653437376134336533373036326131613130396665633337663863613138
32333034373634366235373537353636333963326462336463323731396562383561356133313433
30656131353638616262653938663739323564613636663262613431613035353632353339626434
33313938373063333431343663326666313938346334666132623236303161356533633564313232
61626264373663353365306631346238366434356634333132613130353230316636613935313137
34393063616433666564333737363261626362643132353734326230383962323537313366666230
64636466356464613233343139393735656638386138653037633137636231633765393439613230
34396132633463333234356531663339396539626565666661303035396664316636663337383233
65313332393030366365393632613465623362333131623435306532646332383831363738643165
61616166353630643230663266383131636432306132643835343438626236386162373734373862
62623934376630386633326631303337666465363736613030346666666166383862386132353365
39313236653538613034333236626635626563613766306364636366623238343762653466646366
39653234326135646565346333666330326466623133666239353734656530333139333663626362
31663733346439343030653862326265643335376432376162356132393936366532373836613936
30313731346333663265313034363431386563663666613331343165366137663763613331666263
34333166393731626664313139363464643937663037393930333030393234323666376239643833
36303066333138616433376162616564653631643961666361383035333365343738333637346263
65343431333930333263353963373337363763333161623731393333306136343332313038353963
65663261363530666531653934366465666630373235613361336436356236343431613563376666
61376564623134383533303263373762393232643836306330333430323631386436656361323634
61396436376533623366326135336135396235646334343032666466643030643434656164333134
37336436653263623265656139643064613537343566306631393865376433363331353366613033
66633935663565666634326434626165623162636365663261313038646266353030623336633165
63633630666263343563653235633964626333383062313665646638386461333665656462303666
34396630663531663064636136323863353161363866306462666235386466393736643063396439
33323733393637333565353063373030613435396465333039346231653935326363343430613939
63363166613964313336623265663032393963303363393231323135376362306435623332336237
30633564373563663565333033653535393863323833313037316463333134646338626638633531
31616432323838653265623063303564626462386262623136653333646366303734363965306438
62373664333234353432333433376635303733666530353965343332633162353034666664626134
35363931633732353934616637396163626439356237343739633330383733623365316434643064
63656438366533306530376433336661353837353035393861393437363633363835346566646162
33353635303738303561396261306164363731356464636636653866613563353935623238396230
39333033333630346439643336346132636238636363343133343636626139383932316664303839
39313366323535656132383966326330366564376465343132303164373135613738643731633233
30356336646635643463643532643038656137316566653562616363396163353463336131313265
62663434656631656130323932333066353463363938333934343936336538646338353332363334
63383936363139376264623161643861313539313662333161363636326266616636643965666331
66333533656431353033343030623062316263346564626533363830663936636564653535313635
66656139613966646561663732323462616133613562363631373731323531326235333432323163
63386632303735663263656131636537303961626237373233373633343232373763396439376432
30326436303330316433383765623263323962343031636433613732646461363237386332333363
38623036336636616365373461303262653333646566616266666366623166326538343036323662
31333866343734636432626231313963346331653735353839366138656163396134346334363162
62353262326139316364373963333338333533366433396466333162633135633030616461396338
34633136363630613763333234663935363730363761653032316138343065326537643531306236
62363061333933333361633661646162366635653666386536336137343861643431623635633737
34636231353933383061326434623436333030383736666261396638393666633064636535313735
35356266383139663566623831303934366331313737343462663435663962303639383331386265
34633434313962393562623933323266366337333638353562393366326338303664636538643631
36393766376435373430363535306566663031333038373065646534343131393431353666653966
65643234326235383834333733316565373635316466323837393166353334343330306536386562
32386364316134383936656330383561343239646465393865653466393338386133383665333865
34646161366539396636653364323637313431613561623532353934356431636566613938343265
37316432663361313533656263343139396666343065303131333066336131626131333964613733
64393230363366363263313631643830366335373665616339383036306530346430396635383231
34613264643365343864323539383130626633396436646265623564366538323165666530646561
62346265313131663832313363333735323239316633386133333338633439336337613163366632
32313534393231656134323465303436343637323937656364323466356439323736393332383031
63613437636131343865323239323732316466613063393230643334333339353935613232393265
63613236313733613038383238633161336661323632613832633462306338643237303936633635
33643737633730323064626362376332373734363538396333366233353033326565616466356137
37613539343063306261653361303632333330323836623765386138373733376234386336366363
61383963616666376563383635363430663166343766646466346139663762363038323263376364
36653133653464653731666434626336356638366337313664313539323537383336663537643966
31323238623965306165383632343635653232346638353164333164643731336536376265343035
65636466363862383038663337656363316131336633336263666362613531636330653765646636
38663239336238303936623939316161313761373262613461396361306536303662386539363738
61393230633265343630623665656566393163663239313836343465616233363734313034323764
39346564333466366136653361353866306262316334663465383861626535623763313163316362
36313534333536323736366535613336333933623138376263653233663037316138636563376439
64326166646434333736373931626230366637343165326634393339623834326230323435636465
38646631653261376133633733373533643338663630623333623837613834363038383130616634
38656537663161336162653839346431656461623866626665633133343431386231346135356463
61346332353135376536323466306234383437386338386633396235323466366335613235363932
35656162313134383630343131373833623231646138356238616639643236663734633138303235
32376436656561643432323561646231643533653631663962366662663032646435396461346335
36666234613063383339316362623434626561366532363931316464623830393433303365626335
32343364316338343530353031326235613862316362653964366435393565383264343031316534
30643633363764373761643732383733343832306333313737613866353435353939633036383033
33356330363661633234663061383966383735346330303664303461616665353963373833316338
36323166613836383733636366646333653164306266393132346437646264333137633665353033
30623263306137353231306161313362303764313035346533356565363861386166363962343163
35636137396364633732656364323131316132353861363737316563353864396231373063313561
37393162336336653137633430643537626339336438666338623262613436633666346536613433
38353065316635393764313738383761666237373734643736653062313737363361323638666537
61316161326663376137623735333435383366616236653337346432613530633963636463666461
63313665646261666566376236663663636534393832656565613162326138323133616634646132
38623434613937323966336136346131636566376231306664626139343432313635376463383164
32636564363933333733303033383634643734333664386132383036386531633539663734346537
36366438613864393561303135666664383439313332343431376466383935643839313230386365
32633039326164663362653966323033313635376461643262303238386235646335663736653336
39616232353261363964386531623639323032666362613765376564343136643431336434303266
35303165333333393835653135396561383864616630376639653964326366656362303261613765
31393034393538643162383736356334663364343737323233396535326239313262613438386262
61623064663839333736306234393433653165623430656234623264323430363931323564353437
31666336306465333038616532623965306237316563343231666135653062373735363830343932
61336538303366643735386335343735646364333839323264633962356664623336323864636338
64363435613263623230333231656365393835326564653939393231393561353334376465373365
63643536383438386630616235346463376130663362383438633161613537363731653534313730
36626166316430636632613766363766613335363530623662353866323263636636363836653861
32306631383665346563353537646661653139313733316635313139373765366234396166303130
38623230313064666364376430623832336261373732376237633762666132333631346330353563
39323439366562303861613938336563636165346632636234383434326138616664356134353464
37346634303534636635346164333936346333366239366630616232626633663965646535663162
31633363306438356637643236316366633235336465343465343266313632613732663362343665
34306532343165653666323636306135376564623634386366616536353362303938633465323863
64313835663330623139353765343366313634383438366564383238393132373234613564316238
63396536636130613531656362626631386233323364373531323336333164633534383461323562
38333362616563303735356165306631313464323636313935353436303861333865383837616331
61396564353932363061333134323632636531303064656263356666623736326265393565633965
31666261303233333534366461323933356534656366353231666239326165393935663265646463
36643939626562366430306433393438363239663166653565636263363532616239396331306135
36343831363565663432393331666234356539623231616638633262633936616233663232396263
61626366316162643061363866316534663833306236323066326438323532363863626430366235
37653536323134373738653439623266353662323933366637643237623732316235343438643333
33303865386463366362383436353263353566373538396236383364343030396361343431303830
34643964386439623530356361333332393862373138353863343161656165303434373830356534
65616439316264316662393330326139383661353639383239323131653238333730616336366136
38323466326235323638626337363230613431336338663161623663393734623631383335353162
37323561643730396634626238333839616462623566663834363262366233323532666335303530
34396532613761623839356532613066363930303336316439303039656236626363643465643863
36313339383331653161626130366665623266373631393431323635623632306331633237626433
64633232356639333630663335306636353161663661636636343965393765626632346462656239
61386533333430633764363864376261363330303063376334383062633162346464323237623763
65633264623834616638653831353434663036323335656565376265303335353639326431626464
38643832656239333538633564376663306438346230663365366433353932626432656234633837
39356532303834613232633964323864316432396336636363666263653733303262666338346465
64353237633566663365323137646636363130306235613139333861303734333339316534333963
61656237346638343665373536333461613363383732313766303931343862353630633439643730
66656262303964633762616136666166393766646434623730303931613765333964393433326331
39303234333063343935323039356161616134636665623265386430366334383437363365323634
33653936646161333161376233613433313236326363396233373638663662623630366665633839
61326565336661633737376430323537353037363336386533343066653833313365663038643730
34623539363737386632303131626330636334343361643732343036613064393839346261303133
38356264666131396333316161336430303130323739656666356431636664393336633738383266
33393239623039376233336165363664326566393832626265663231656130383433376262323334
37333931376664643132616536356433363733313162393331383530356238386637306133623365
65393739326663306431653962633465336535666134623562653034663438643937303738336638
36303664653438356334306430363932376536623833626462383931663138346535626331613134
61303532376539663635613732383766356639633466613964616234343766333865303432376431
36326264323139623630373534336131336562336130663730373138653231316639353265623832
63666536313138303038623633393265376632623934393234653663636461353238376135356566
66636636356631386635616236313134366164396236366534343666663935373463353834343466
37646133313164383539623339626137633237313264373339613134646530616330363235383862
63326639323631303330353363333339623663343934366566656435663966346662636564633636
66366365396261393364626537306332373663323330316362663434313230326237393061303866
38343532336461393230633332303934663037623030363332306234636439333834333465333631
65636333396262376266626164343762366636333761633034653666356632616135643731666534
36623365313830613633616638346338333165363739633436373531316363383335323636613635
65633764393533633835633361383138346365653535313162623764613761306565613834366465
32336434373830303335333639613638653431613630353630306233333032356130656266646362
37316563613632326561396338353937303231343761356566363036333030643435306231623539
34393161633434396131623633626566663937636662353434616535633138656639653934643435
39663338623761363033316262356565316331663062333333643538613164336436656630393438
37303036653935323539353062366239386131373362623832626563633364303632663736613239
32313664396235376234393633316632316639663531336136626362376565383562366565366662
65636432643263356437386435336462306639633932353138393131613464343935373861646166
63633362313963363864663761303236616638613761313662396238353665313032633639303231
36373031303730386437353263306530333039376266653565313863356163373764313236323431
36376334356434303637663464383636386432626338346535663631353238376465356430633930
34323730366433376366323461643335306634316531393761383039633030346134633836643537
63396132386132313839323066643262356265663135326231363565636638663738343037333164
33643663646132623564663665353864616263303366633936376137343336376136656539326434
37613565346161383035343939613036343331656263376535663036613939653539336663303463
63653765336363353233346433646431393233333563393530613434636466396338633635346630
39376662653137656537623461623764376362316639366564386637616633323461303030353365
32313763306661366663313139356464326562663066333536646561326362306233326235326638
34393933353138666238333730313334353363353937323261633239306461373233316335643938
63653138373936626538653532353433336566366331653033386634363738386566653735366635
39343563323066393734356630306531323261323836646630646136343361326262306630353533
34393031356261646437633034663235306131323266396132323631373765326562306337363737
39646235303936613039643436373232373135343864313237643330313132363835373461613530
64626362336238633538366666333533303732666336633838363033306635656536326433373566
39663935653137303432646464646531643863653334386533326661653635323464666234303762
33353937366137646237333232663039646666663037643464636632333563633964303564356561
36303664616535323333316431623261383733333239653338346335306537343735386230393462
64353339343366383139396163343137353261633863613466633336616565656133383666613465
39316237326638356664346666326133393630643161616366383734613038323833303634343463
66613339333564303134363862643835633037383563306561386462393039613263613938313965
31386132373261393165356231323966303339393432336663353630663931643565323666353063
65656631373837383236636562653862333030363665653830623366306365313635306366386462
64646562626164623066663966356237313166336664616366393665653435323830366632333937
37626337653061343864663330383032656463393865306566623239663734613132663462363466
63653432623961303564616639663533303965656233323638386436653232383830623730306135
63373633653664656361333634656335626633323734613965343466343430643062336434626430
65646562316238363432666636636263333135636333333130666661363962626562623166306261
35643937383330356564353661633663666533336634323134346665383634353233383333366638
33366133326234636137663734353634336135316365363031363134646531316261663564336233
30616535376234323335646333393162636134653338373639313861323363663364386163313261
33633864646135653435393430383930343166343034393930656334373163373962336132353938
64396434623465626532316135303037343734303739623134343334376661326161666666316361
61643331663137386334363839326435313237353363393964656164366338623562333334653937
39343464656434393931383132626661393933643334393335626164633633646361373734353332
33396630396264333031343536323735636165343239623534303234306635623932393830396263
37363061313137643366373838396362656638666337656638393039393438373433333636373934
66346562336334613235353339326363323966326565333730313861373335323736353761316137
30663964393065323761313562316466346231366533353431313435343833653036363731613362
35376534393235333438323030616139376436376632376534313935653139626565323435373764
64306130323665633331643664306434316665613765353663643834663561633232336137633962
30643764333036623138346638626461643364396539633363623865346130656165333939393538
65303430623665303866663436366435373831633761333730636431396163313031633637623865
30646439393833343630666666343662343839616462373036373663306363333438653263636166
30616663363061363033616466396133336536313034643761333332393964333634616630333836
33343635303932353165353963623739626264333134326336353934666335626337383863373462
35316434623137383231356338333637326666326331376663656532343066356566643762376434
38363966323030666266363438313535633162323061326265643965633965306332613861666537
33613237333133666237383763333930303966313532653538663630343733353566646531613564
37633261613866363664356365343664306239376536386264316230326437646537653637353063
31666135353163373632616136393835326365643965303534306163636561623132613366663732
37303633353036396630643733316165373436346565346466376538393563353937303766633132
36663134313366666435623536393737383735623863613837633734353531303432303639303639
63303337313332376434356439373335373364373462343434353466663132633735393838326639
36333834616537326231326438393264363066663034356135643566313837393031373565656162
61613734303737626566656235613863333463356164323738656361646533633333353337643861
35373765366238366532376262336362326534353565323161363362376130336531613565346561
35386130386231663663306262366163373434626562373262663239663133383032653463323635
32663363623732623336616139323733656364363833636564623961336437346634656630613734
66323035323230616239373033626136646230393364633764336337373031306261313661623933
65383138626364346363666565663934353733653736363530336331313334373933633764373565
33333561636130613834636165383238623139616232306263613163656164646161353063616631
30663463633563306666613431313963613835306138356466383833336565326638343561373164
64623337346435333936666431646536316133656431303363316464386338323133653961666232
37633130613635343864366263643133653733303933373235653061383062643639636562383563
63636564316338333062356566316433366330313233313631373434306632336536333634363435
39393065303238626331636538616564356461626636626633663034366534633762653437333065
39363066336337336337663766356235353161323837386162326164616431623438626362613365
65623538343163353032333832636264333130393639386534656361333663313938383362623434
34646336633566376230343561316464306336336536353866393838666635363634316239326139
31366534633761633734313231353339396532303234313161363630336364626165333434346237
38383862636464653739613564383966663630633963616238663630353039616337316639653062
31383761663730326436363936346430333261323138383463636234303630363839373533643665
64313339376634333836613666346538383038303030646166653063616338656361653734356664
61353135383939313039383463356135376339343039363661646262653361323636383437366632
65373834383262616464386635333432343066643938653232643962353836646465623339646637
64323639306137623634343962363635303333623035666264396231373032613931336433623063
39663835336330353364626430626463613533353535656562633231333932333630303836373335
33306461316333616637646639306165636132643132623938663665356133316666623361363365
64303933653035316166623532636637393866393666303131343838643832383362633439626462
64383334336462383239363133383330303162396631333239656432353666356265333366346466
62613165343931383333643538663065396438323238336263373435383833313365383866363636
61303136353730633436333639313666643035303366366463373439316465396332343434353762
39636161386131646239633339373466636534653061373433306635643739633131333364346463
35363833393235363738376539633832623632396462313431643861663936663933353432353030
63396630616161353132626264393364383630666130326337383332626465633366363632643634
31653832363161663530396562366136643161643561376238386666653866636262646166663963
38656439303763626361306637616139313332653165633236613365646463313238646466313331
36303737353335643734633665393565623965383862636437663264616364303534666438373936
39396331643737363065316132353061333665656533303033363363653034383337363234363062
33623339333934333933653136353938316232616665663165366464643463343366363565656533
66623439633438366135363064363530613366656138643166376333626333653262326133303634
33363032333130656566666661343665366463666530343966623464333038333165656437303237
37333430306163663231313837366138346262633835643238633335343135623563326438353164
37396330636236316439353864626230643538663765636461663563376665666637343936383533
65343163353136623737333865383431393261616263313565373662323232373137303530373739
32316666333363353861656363623566613066323263623333326638663537613063303037663631
63343864313962353533633237353933366335323865643663316263636131633536386665363934
34646230396633313039656139306539613838353337343137393939383039626534386235343864
62343339653034663564316261643864646537646166376365333762383464313533343364313461
61323233373532663062313261363032383161343731343262636133313735366432623036353563
38383336353834363432326136613765346661326562623233353730353239333839363161366133
62316131333262323735303431636662653234393561616264663563383835666264393764306335
64663463623961323338323233626437366236626636373931633237383134326638656133316138
32646235343534396164663138653837653965323862643363306539326338376132396366363337
35643763646438373534653662633766626539396631393638316131643931343736393337333131
33353335313938326164653532663136303939613136353836343637386461346234643435633935
65306635393334366663356137363730346133366134393764376561633265363565353731386132
34303437383539646335646333353362346139343937306338313665353430326236336266363666
35373661313236656632333830323664366162363731363130306664663236653532396539346666
35643536626330306563313865353662303433323332383862613238366638306461383963383236
39633931376539353431643062616565636539613535336163383633663532626231353534323338
64333535643166656265376236393039336438393132376233383037363964346630623637326539
66613263313839646236396539363362623135353832343537336632396432316565653333616539
31666666333636316263623362316463313736316164323563336363313264353030366264656137
31343561333436373131323662643334376331323764393434613562386462646334653632373131
31383539613463343535323533333537366137303239343936323339373435656338633938653363
32326263353530393837326163646133346533656632333032376165356338393434333232653161
65366630326138646230366437323530613732613234636130323565313331343234346638616538
33326533313236393037643230636335393464326462613131643066396361666533646363366133
35383136303436356262313032653330343463653461383933346166383961376264396635383538
36333232333639616631636336666434653865313166363033333031336438663464643161373433
65646434366163396566616266623938316239366233326664633838663639636638393963623030
62643962343563663534393830383334383630336135363663636337386638393333393361616237
63366337313739633662313237376630363031383433353263323839326535353061303739306363
65396566623836336662313032376631386139613365633539653961343932363937366162663234
30613639316535356334643236376531613432643362633230326138613935316264623662383232
66323162323763346661303336383564646232393161653835633939373237633466326361663064
66323234323531623233383637333239626339643730383337303738316263396339333262343066
32333431646664366563336537396666643930363261353437353435323465313166393864633338
61316635393930663266663464386532613531663334633638653238623131343366313362383637
33613937613939323237386165333434383531373166313437343930336161383331623130663734
31353731383465666464376339666636623161303738613232613862363134346364613838366230
35643763616630616633396363663834653730356463326533343632376232393665316463373936
63633566303639386333383433653237323835623133656338356163356561643235613832656166
62613761326631373664333236356334373664313265376465313437343233356437356537323737
39643136313536326333336266343835633331643763396234363335633666663634646532346430
33326163623535666239343239663963626561366531386264366466383034316331656132373066
61326638643639653530363862306137663836363533633235313136633232356135353630653934
39326235626331643330336335343461313364393438383031343036613633666364623938386237
33613736653461353837326434336131396666626330393238633261336465626131636337373435
32333162663132363162633539376437343132646134346163383933646562636662316464393362
33646236636336626462653465336635623134383961373134643132363333646331373363346530
37663130316462346539303065636266656635663635343466306361353835323336386231316333
34373963333561326163323332393831393464343632356135643536663030626262386466646563
36336564366363663833623831353639343436643931353232636335363731646532386261613036
62353030646161333666336135396231626164353862356334616132323031363837616261643033
63663132396664386563393333633561366630353131623766356561623561366436623534636538
39353763383138376431333062313833363733373962643762633637393839376638386339386338
63366665323134396364643938333964346537356631346336326631393438366136393362373330
31656339343230393863356333313136343032343334643063326536376239353531373539356430
34613932613834626562643739353136333937383231363264626363646238303036653339376433
61626636313966646663366336663534343332303036343363633930383234646366323939346133
38316532663131376234373833613465643430653539666366626330363937613537386632333039
30363165636633356238653039663332363464363066323137343165366335303563313731646362
64306339333263653935353662366566663431346636376364333032323462303131323061633961
63643061613632613939346436363439666638316234316632643236626434386338616464613136
30363237346639653334663836373234616436653737346433376363326136346537663562613831
64353561366437306466623337663464653464323533653235363732396339306464333365653937
35323232333138313031653030663434306631323862393063343038356562616233356661653439
36643565636136363735646332333164333531366263326662343532343135333630663336333037
34623433316236386565363463643264656331623263613664323733613534393361336464373936
64663233373263613964346437323065613566646432393938613433336437636565386561363830
36323866663631393461643435663530626562656231363163343236623164323536646635396663
62343765626431336166633433623038643765663935356137353331663965396461356164633830
38323436353463373463306335613136633866336436626134623364346239346536373232653131
64353936326236333164306239626530353935343936666439346131616638306364323531383739
66393565303135306465653262376166376539306163353038643064653264373034623836613039
31663663636637613964653733643034653232336463313731303032383233343461656334653330
63663765366166666334366266326465666665663634356638376262653830653738623761366632
36363564383562613261343735313030396633653838393062623563663137393934613063623539
66663131373638303036396332363130373535623733623262343561336239663265333661633366
36613833643663303035396663346335633635646563393165316638313161663738663864633762
64666331613434376162326538616264366630396664333132643036396630656639346161303031
32366562306165666339316261336664386630646165623861323239353663623635626461346537
32353332356635366236636230653162663936316434666461383063306565303962343431336435
65633938663566356132666366646465633539643030663561376632613636333732633238643434
63393961383834316337386638633235323134313136306566626237316433383362613764646533
64653062383163373463663861323864626633623838663363343831643338333862393037623330
61336338636639646132653830323030356266343639366339663239363364653264373661336561
65383962646538343031333831316332616136323337316534313734386636383663353665626166
34633936616562333466346135306563656533666531326335303033346665653661303064313161
63333734356233353264653736633835316434383335393535386264353366646563313366333961
33626430313338646536363933613062633639346430373030326166316362323838666264346262
66343038666537336362313564396131333034323964313335643765653237316332386163343862
33396138613638613563323066663362313466313863353436633665326364343230346461613263
63666461343635353962333631393539333733666235376335323936616166653139393938626139
39656437663531383665346639326332323536623932646366626364373331626532376235366430
66353361356331383533636164346262646334616463343866656536623332333337346263383136
38353634363433333030373462343133376132613430343530323063373531646236376238633439
61623734303563396236386530376631363466396635386230396661393165363935616234306162
30336266383561653333643630356238366632656264646364346537373732663361613931363362
38323363343532663361646632346339366363373333333536383933643833353966653366366566
61633466643236353130333232353930653435373635356332343732356131646534636665663261
38376564376436333037633266343761303162626165343136323763353434326437356363323665
36636461633838363932346363326332363039393139633738643436333337623036663630616433
33333163373866633137383366663764646565333032663031376138656531373265636263653730
35653836646664643562616337656439646163336238663139633535376439633936313938343639
35323938633038313965303035656366666338353737646333383561653036616163663664323966
32623133623162663635646266343731313431373132653735393265656131313730396534643839
66396565623336353633383138383433373634323233356264343033646434613665613639346632
63656232346663663432303839303865313665303832343965346339396164396432616335393139
32646537326139306633646361613432356465383161346263653165633934653863373231323337
32613263376430643062666433316537626233333136306131333434616131313332656337626431
38633339313932366435393531323761326335636631663938396338363262396533616365313166
38326363303438313261613931616165653864666234373038346436333330363261346138306163
63383734343535393264656361376334633562313538343966306431303036373735303832333565
38386139623364383231663961633538353365393138633135333830326339393534363436396633
36343930396265323166653930333464333431313731323635386562323238343434363161373231
65313832393563306462306133376438613034363739613933333738363533373037653665636634
64333264663264393866643737323664323239613061386432363064663363636635663239633930
39323163306439623435303162626134633565343764303933353436346433386466323664366639
63336432346662323231303136373935386437663639383336366664393433333461343736643562
65376564393363376265383462643563653236366430306365656265613430303031306230353965
63343931653664343839623063356232386264613865366633626335386131643265613436656430
33633934346130353465323034613565663938373938653662366431613136663463393063663662
39613636393561653230646330643264353366333136626238653964306533356535643034323634
34386230386232333530386164663035333866613033633462313333396336363931313365353337
61373537346362626265336539323636653264326333336464363532663337306635613838646236
34613231323138363164323633333237323562383863353536383863353764636432666165633335
30373635346336616166313237303564613737643462633861383037353761353134373466373932
66383535316137393562366436396235366639653561373564636136343635363766663139623837
66316330643033666536393631396638343839386366623263326435343939313034653436326638
35316233313438643138333661663638393764613230316233643638313337663231623066363939
34616165393638356164333935393166366364623039303562623162336132386266353662653132
39653936373162373563633265326430653464666562373765393635313066636537613465353462
63326162376338636165313634613562393235633037326661393234323931616263313232336534
38616137336639666165306639373032313966303438376362313762363866616165386439633162
61316663343364633734366164663165356236373337306262366565613038656534663664393961
34383565613764373866646534663065393338666665616261663865633165616136316532373338
38616530393766343462626365373664346663613466636539613236383362653438343466363832
66643136396465336366356265343861336165356366356536393432613337373138383532316139
38386165386437623930643233663863303865386232323333383239363934633639386265373161
36313965666661646233356234356133393437303635643231303336386439613864363361623864
37383938333833653139316237303533343338393833396633623634656233646436613632646364
31393439343132663833363637356366643837353639613435643663363462343930323664313264
65306262626665373237383530613339306232336338323931343539363735613434373434383066
34333039643733376131343438363438623239363263343066663930343832666239363330306232
34643632643831623637646330633538373236636664363939356465326632323537333162366265
66643034316531663961653961646338646362613131316162373366383733646265346532353636
64343931306661393932613932653263373261653837646165386130613661613464326139333263
38373265346431316565316462343835636435383836333639336366396536663962306433646238
35303766313562356161396162313539393230353031336430396539353361316230613335363038
66336163633131653539653537636332336138626565616463333038363436303265613238393533
66333761363764646338616431303962366263666461386435353965633533626633326261623566
31326536363132393434313163323830373533396538366433386563303532613161353837333063
61306261633434646362396232366237663763613863373662333334653937666334393834613161
64376465623031643435356666353065333262333637616265656532323161333166373438663633
32643664383736333163336131663165336131646261613639393132646661363836643730373464
31333737663730343134376431353138363365393461353538306435363961313366343330373961
33626430313735623765353032616563336566303366306635383831333961396536663831393437
64646462306164303634353764636631373863393466663661333863326238623432366239333063
35356364383063646436343032316333306437363635336134663730656437363333336235656664
62613534623564366539363264636165643235666133653933646565636437383030616161306239
35386335633864333831306665313565636530386535613965643837633332346562336533613931
61313262353238363537306364613535383535383735663633623366346335613836616164323235
39656466343934366633313933373535363938656538323533363631613638643061643163623936
65333935343535663165623365376562373836366662666632376538626231623661646631353165
63363930323262323333643161323466396535376137313163303539363663313634656630336132
37343261643563383030653831303134643435306636323036653163613462353330313535643564
32373030306434363634623232376633386338343865333962643637663232663234633334366562
31386261343134626463316665623865646264356536373936353137356362336236666161316531
37376332623961346638393861633965386537663230306165373731336361643939386165333938
32656139316430373065643536663139313966643062376332326366626239383232313133663931
39386233636534333838383332386466326539623863316630393564393436363733623166353163
33656338313861616130616431323230373263613265646663646539306637316261613063656265
64663865303663633733396165343630323764353536376662373839353537623332336263613465
35666165613932353637626233313663636465656663303863353533623161373962343331373839
64373339316264653862613463356539646562663834616638656339613239613464333535613162
37643038623966323231373534636465396239376130663366336635666633663830613936326334
66633032653264633766613865343136343634346238353036323232316335373461663836303563
36653438643431313039636639313438383430363030333833626565336335633130323733343663
63373937653734626563623939613930393837356234643864323330306139386438376664623438
38326564646634363962313739383231643537306433663738376631316464323539656635656363
34613336616532396533313465613734383765343537323063646264633664363738616435353832
66363235343565363766636535313737326461373861323862316530623965393564336336626638
34633031653130623861306365333533356364633633333363366137323634393737343034373833
34336663373561383563666135316237346132656531323632343436653964323365666438333639
31663366353364323362653238623534303438633637303639303937653739623433303965656238
34643833303538333135623335643262356662383432346365333739356231636134623036363932
66666637663936326536626264623964386136363439643230396232653632363164383164343966
30366336626636333437316530666665653635356566363539303865643564353033
