$ANSIBLE_VAULT;1.1;AES256
66343965316330613535386438323236323438653533666530316462636566663833363731303734
3630373635326664383630366231363262656665633663330a623864353031353165323932333132
38656162666464306434623034343132376162376232646634303234363663643932333632653263
3962393666376563650a343665633936363330343265613135306638353265383165303234383061
32326266646634636637346534356434626139633166323130396433663031313163346139356532
32303961323266633562386565343865386437643638336635623065323639346431623432633762
37613335386564646431306134393834353039363532363431626632656333363839313033353939
39356461656261393966653130313236333665663930363062323163643165643630303661333164
62336363366564306439386664616533663062323139353966383231653739356336353435376637
33396561363364336233373131626333653461336637643236393662626661646331386436333537
38323238663931393033663061343633616162663130326238376333363466373062643432396262
36636533613939653231303966356462613566306438623762376237363037323133613766313935
39313465663864356261323138353234323831633736656164303132343436613866373362303133
62626631343966373739343534373036363566323566663733306335633239336237616133666535
61346536626634623563363435303637643366343362636464633561326531633463373736626637
62626639663761656339363835393331663733656162663834636333646130303136613961373634
35336139663033326638636561326464313530663864303430653036393031333130303238643238
30363261633235376464303561353934653032666430626338333733323366346633633032316231
39643232646162346636353636623361353031633162396562373835363131356533396336376362
65663633663161353334353163663861373432376230653864306538613434376139383332633730
37376462653933323932633230633865313662663737346133313632646530323864636136323232
38343838663237316334636165363662326261303837626664626265396130663031656662633061
30336439373834656530323331383335323235326462323831363730356238653563386435353336
61393163343634626538633766663930376136316239303834643834393463616162303739353566
36643338336663356235333934303432366632656532356265613032393434323130616566653961
31343861353238376336643762613230333239326139626230326533616462353030646637383639
65343932326465653362623732643838393638646164653230663130313930633338396137646566
63623766326364386363643366333839373963376338313365373639353161646138396263313537
63343361386633396263356336653632383765343666353131363065353133383763613335353131
37373739363336383736633932393461336337663839353963616130353137303963653262306431
65393665616231383036396632376134363238336532653037666163616561653464366432363832
66646131376235646532616261306364353132343034363661366138303130313031386161646536
32343762643064653265633632633831663533313965626537333031306631653434626365343635
31393163666364363838653236643734366661663230353430663236643934386561633530343834
66316666373265336433633537313036306431666230643330616534623965323761366362303832
35356661386430313764663033323335396330663763653130326465656331376231303432643330
64396232656634653230333438633030303038316362653266653665346530633837353866623131
66616366363733643430363763346630373563303466616535373963383438306665353438386639
39623534383131666462623439623133356130326432363534653831373766616335356439313764
34323233616438633337303966313037343634376239373064663735353638313035363966666231
36346264386664363561346233636632386337306530623963363736366265623235386436376537
61366263353362623365386234653436306231323664663239383065663761363533616139393266
61363138386437386264666436333734303136656131316431333133653135313464383936633935
34663237616433633539356134633837366331366435393066636261366661643335333366346239
63643164653637386362353831653838323135633732333664323564623566653034316364373432
38623365646435343331383761613033333935363661346334386637373261613365643465343134
36666231653832643733373130613232313236343536353733313436363138326139366630303263
39353133656535373663366263623434643537343439376135373739623464396630393435623139
61613232363035316265343865616665326538313838636163633130353562633839356334363531
62336232383131613633643831626334623461363136646639613735303237383830643865353464
63393161373166323361313831376232376265623435623832393533643238363430383035633630
61386234386235633432343937633665316566363965353335633936663934613131336131313564
63313564383665363464383730616137393432373964303737383537353732613639656539343835
65373539363631326636643735353663353030376166363133643665393634363030333930613230
66333930306564633666353931613166373766336231366534316466313338633439313239626165
31393938356133353930386463643332363836373765623737356531633433393662633536643661
32353032626462353465363463386231653438393862353734646663663766373961656536376230
32323263623939323165383339323830653561326561623663303961366265373361386265343233
35626261373763366666663631306432313239656631643564326562373235303537383962656566
32303961346466383339613465323565613836336363343362326333386666633762613634396235
64343439393237653434383839353731616331653637363165323162623238336662333462383031
64636330356265353434396261613033633734653663326433613361346563623139306337613039
65613239626334343966333330636537313462363761383837343831633762633531303632346565
35343064393933616437333733323331666261616165333438633261663135613964666636646561
64663466626437393366326233343065356562343733666332366261303062353330336563356336
66353766306138636334613632626438366365663161643164383538616433613934363038646631
36323964643730336463623435663965303561656333393939646435616338343639653434366563
66356235366536633066393734643832323165383835353937306536613465306164346663613337
65666635303831666165663133656336353736633863633031366462396264633565386363306432
33346332663733313433313863623730393032353962313132343465356665663034643637363737
64623238626263393730613834303733626637393664306664613664666265346437623763663965
31386363646332653030626237636636396537373331643635616561616637316137393834613333
34316637613638336662376564366363643934333564343230623363663035666537663666393331
61666462303832633164666365366333313132646236636337373434336637616565646336616336
32613363623838336164396163366530643733653433393735666435633131313437653365613231
37623763363937626362646338646364313761353362663866353263313461393039303231313035
64303134643938613736383830623735616639653363323463613364323036623666653738376238
62313461343763373832653237316661373238316463353336623237353436333866326161383961
61663139646436653532386462343332636632643764333532653238643030623838326530366236
32636436633561363033623662343937346630623066613462326531353637306561303765643434
63393661313864303732303438353130613432313533313262353161633638336462343866383964
61616337376632303637353834643365373466636339383262623138623661346532393339613661
36626462313734376638643830613531323438316463396236336264393530306439333337646566
31323634653861353430646364346364643539326437363338373933373037666331663562323135
61383137353034383438333833326538636336666330666666306639363061653034363232363738
39373336363361366136363063653836383164386134363763663234376233643531353461383835
33653133336262373965613334303761393036346165666436616533646638393865303261613333
63343465623636316665663636623763636138623631336331343062663835626666313030336564
38646539373166376462613639623661333930663865323565343862326636616239343533393730
63653231663062663435386333306132613035626662353264376132653662346364326232303864
34356134326432386638653761346464613166386533323266306263323732613838353262326534
38653062373630376466346361383039313939386538333431646238333834663330663564363865
31386462666634303634666263343066346262393033656637383431613836346232643931376235
66643966393930666633653239373138333837373833326661653436663562373839343433633137
61616135346465393965356138353362303637653534303339346232383330383433613731313661
65366239376466303334366639343539616232623433323232336364356232666666626661353639
63363639316238613265326362653536613762386633633864323566333831336435333262396562
61376166353266393935373238323861396232643831316537306337323639373136643835643563
36653863663666636435383036623365613065393637636236613533396430373632313032363938
32633535396537663662626337313064616432623937363439356163353037626336623238643163
37383466376530623835633631336532656631613334633665333865636262633935363435383439
37373066346637646365633139343365353030313464386238313838313039636463363134316237
63633531303138613936383134386333343238623464653033333030393239623632656663333464
62393336646236336433363862303031643433303032313962616536353761633361326537323635
62323464336434383961366362623433343731636631306231303231653134363230666131323863
62323063646130633737363931363965633438653664323937313632363239353338366131366332
33656462396539663535343762626630613638353836366564303533336139633434646337643965
65366465646137343231386136383132396230346161326334346635356231386139373339313766
30303532636563343666653037313739323633363534326136396161623762356130666334396133
33383639633735623334363563303030363437623864303838376462306637663039326231336663
31343438653138613462613730346233653136386539616564343761623064626330353265306533
65363837663163373635353263376138663936373563306162333963383939623733656134313031
66643661346264323139316465333533653334643833636166383732613930313133396566346635
32386462383361313839626561326366373737376530333930393933363636386337383133626364
39376537336432653139313538353633353037363131323763336561313535323839383939626264
62353534366633623366343333393935393135383239643765353337643563346138343161633863
32626664303234383765633461613933333332333366623439313330653436613865636230383332
34313136626262326562333465356162313039633861326438656564623734626465643962386439
33376333616439653132346632623038656166653565333233366233633033623032303430336663
66646335336238393262636230313433333733386639666566626364346633396663363739623432
34613264373664363664623261346234373934343965616432393738626538326362663664616162
64393765616466316534646539353931383833303934383331636461373132303961376233663637
38613065623734643866343434626661333263336537303535646133333638386665343963393361
61333764616431663135323332383663396632393265363633343431636331363964313033633530
63376462646137636433653963636230373232616364313731613436653034396337393766316336
37643938643038336266623934666237633935646361656637353535346134303562626366393062
31663137376563613330613739306539616539333432636561303066383563336662393637383533
61313031363165643437646637306566663937353861623665613862323264623062353464333266
36316439383834353362623238623532336363633136623537326262363537373765396339366363
33376632646430336164353662303365396339616232303436313561326539303366623434623838
61343662356133666532303938623331313138343838313062386236663336323961373233356236
64303538373465303831653964333931373965373634373437313935663961663961393432363133
36363863306364633838343031323835303938616539393137326533363334653665633061386131
31326261306233333261646563663431373531366530333732323463373132373834336133326463
37323763303033616136363834616635376165393034663436343631623064613263656437323031
61393632346566653166333434326139613766616239663830393436616138346437386233333962
64313236653961653135626261636535636633306337613137666264306363313764323330356164
65653138653833343435623132646665646435373736323138326566363765396134313731386539
61343935623533646262363664376634643138333333636364663537353262396530323930396436
62646638396162656331306336383137303833656562633033353338663566663861646130396539
32343430336132646161343462646433653031383562626238313530373531623639323832646336
64333533353664316639346463366563366561616239636437333032306133366164363933646531
66333262356539636338666639373836386636666164666231663434346563636338396338653032
62663363353131353832613031383337623361346434353130643035363735333834646635633939
37356362653831316131333337663537333038363130303738363035333065306364393164663662
61373730336237383639333037336233356365623433376433363938653636636363343932396532
38626437643164663335653363343764366634623231353337393161623863616638333636376535
62323339336135323236653563663630303439366331326336343132336564383137333834373432
34623236373538393764366261363135306432323331663437616161613362323962396361333762
64653464313036316336623139356230643761616165303132373731303132346462663231636530
63646538303938323636626333373861366536656465656333333565376633393964316164373137
30383631343034333938623938386139613832646562343237353530336432356565646665386534
36313935336364313664616666386238383734313964313736666439323564616663663937356335
33626564373235643135663666373537626263663534376665613366326464373232303830616466
32363965633138623332323266613436323565626632323739616266376634663734313733353830
36306666623838373238346535623763623830393865633537656239356633333464616362353830
63643738303337353830316364356631393664376635343133643064373332656134356539326537
64623130366235386135313739663264623232656630346465306530383264623830663965386661
38646163396261626365353763643031383165333366653831613662616462353635663164316361
31666335663461313535623464383439643630383165663463306530396331623766346638323365
30626135316564346363636234323031383061383334646333393861613066393035373166353530
65623232666536383037653636373131623265656162623730313938383730643433343964326233
35663136636138663133316531386331643264353066373834343361313466396136306464366430
66373636656337643832633535323062653265663435623438396337616239333237356630346630
62333566326632396530643032323137643261333437646636383638343039623438346665663865
30383235323862653631383866633039386336396464626439306532383132616336663339633339
34646366353931346561303633386666633636366665323439613566346239303061343836663563
63363265303362653135646361353636613430313238633662346132343763666339363662656637
65353839343032623062613736313062373932323630383735653966343538663334646132343638
63333438363733646265653131393431656630353936653966396632623232373233613630313838
34313832363662356566383434643539373839336461333637383565666166386531306133623338
30346665353237343131313163376163383664336232303634666439333765356664653231336135
36323533393632393236623965323235366635316162633866646466343636646131336666363831
66383837623535663666666262386331396131303736623234656331356531303232616561353434
37313838313566376431393030353333653632613462303962363638623239373335613336663566
64316630613663303065376564343734356135616134643566333562643838373832343331383966
62643066363536613938616465626165343863623834353161643734393139383166376265356564
31656335316566663732613133653237656362656464643462303865303462636334313763343939
37636334386539613565376165373131393038616231636361393937383230626533303031613539
31663138626637383564353135323531656665633633666230316435633830336162653734336365
31386566613865643030343639326330306635393565636638396165353364396364323038373334
30656139373866396566376439656136666239383437616265343365306661323864393462303134
34396431343133633434666366636238613637626134313332373834633664373361366362343965
64373661393761653530656333623063363435323364366261613664343234616164663734643336
62366564396238323635623333653337316464316265666234336461306536326364356534653861
61343531306231663035386366316538383438366335623832373864333239306236373965626131
62656263306566306163396530663139353261656339373832353465666361313630623536306238
33363638346365323633393339313338303466383732643261353131363061373134303234316230
31376331306137366531326164326363333462646161356636636631356137353235343665363837
38333635366466343763333661653137336237383130623466306566653635663833343439616265
39363734306431613239363134326162653639356333306662666565383734633664373036373564
66353437353237336438366461383366346339396133336466616661666264613661626535313664
36383963393334313735366431383931303736383733366136343831363535383762323763386134
66373438373337323265633062623936623131303437376530386634393334626166326564613739
36333564306164356534393331363961303130626238656436653037633365306538326537653034
31333864316535623765343364346663643839636137383237366639653165633666386138323336
30306633386630333035353661626563636236643530303932623939663532646538383565303434
62333662353363316366663338353233336138633036303431383333623834666461316235346138
65396261346630646563663565313864383063616262393936623033396238623565653938323262
62363465343139613365656661323766663236616335396366643263383436653561323766666332
63396334376162343765663231333632303731626637633262313062346165363165356232643066
63616438666465366665383030393864383038626164333631323136313462306262396337333133
30303831323634316163393436396662663661306334353066623363663363366630656231626531
33313531346536303864326437303039633339326333333763356239343130656632326464303131
62616564366461323861656238386538353462373432333338323533393738363834363434653533
36616236643161626565653632336234303165376438323330346632636633343166623564653532
32336538323239663830353764633465323563623632313935333461393636636236316535373737
34396139636230653964613364386366343937323436643263366463663731343633353635373034
30303738366463666439373333353538383832643461393636373831306439303938396335333438
33323430633764393632656231626565356633653166313365636430666234303539373762373635
37316339313866353335623262636336653536346333643935656333363230356536626561373063
39613561343335336163313237363130366565323765363564326435333537363031373962353131
65336566626539643538356364646539386635363532616164613561636536313931626630623336
63346563336366333732636334363239343432333630346365326335633236393762653833336365
32353666393061343434333335653266646533356561616364323164656664653730393131336336
31663737366236313234623435366634643762613766623161396334656439636333386561636662
33633332643464383034353532666137356632313138393434353536623061323436323263333033
30613038323230613937383564353463313866326233646462396365336131326131323931656165
37383737383434386365643361306136373762323735636463653465626163663839343230643836
62313265646338393331393431343165306137616439373965396663323763323465333461373235
33316564643631363261306432653336306638346630656438653833626436326137653330343666
31333536393035613431323334326639643333396461343062623831376432366237333762666237
34616264636462663632366630303662383539356138646230303439306165363835356263363634
31653037653761353661623039343134363539363834336466363536643534336462663239656366
62343030393530363838656466633563323733653332376138303831323431353433333865663031
31666232353138336266373030646261633432366631616366663636633961626461383531383536
37656463343639323566363333323462316138633666313835656638643439646366633037643461
33346338386238653936666461613236316134323236343737666638313962373264316438363266
34633134346131326332633338633062396461613264313531316164383135633864346462383764
66663737643738366165356230663561623038313663373733393366623832623364353862666261
61666133623330366633663135656266343039633439373936373637383864366535666365363466
36336663356333636533653162316662653266383535303335316465653561363462393566656137
38636237316136333864656533323265633530653639376532623661303466313235666464626266
32643233613362653566663734373934343631336465613830656635616162633161313865643036
66613131373562633961346636366131396564353136633763363566366639653865646337633337
33373334633135396337616635643637623235376361333439373232333561373632666262356130
34653262373636663634333533373663303366353034326265366631616630663032663935646361
30363664613335383264663964333265303365666237353862616335393863313034346239323634
61643230333461343538336365313331313865316235646338353164656561343638313164623834
30363465303130306362383762653263663461643766666563336137353461313865663731653462
63663538646530373564633336346135393464393463303938383064323161636466383239663638
39343762383835306561613833393037646130633939396534663063383163376363653035326639
32653131643432383765306164623732656638616139656131393630623163316333343536376338
38376664333634653134396232313930633333323630353535353261376236393264666230653630
33636230653566333631333865656234666365633166326461396333316563323434623462636136
39623937323639333666313166396631306166373766613261633561313631323537353236646337
38653164343033643737616333313334356431373434306335323963306633623133656534356332
63653936336663303835346134636564633766663235396266613438633430393632646635653839
33633837313636636563373064613961643264633638373431353631333237366339333136623439
64306136323465366334323465653833363539626435333237366137303433376531613735303964
37653162656437306530386339316336353730656665626636333662373836643763363963346337
66376434376330366336396439356161366364323130393466386233323535616366376261623961
32373535343530636465666262663961613637353262633663633932343930386332333138653634
32643666313465636562643938653731323963366433373233653364386663376464393934663932
38626363326431386162316562666631373136383138393663656639393538366431336465613432
64353761666130323131313836656238366430356133333339383935666139656334633430326635
30613838373230616365393031636631613464393364303332393963393034663432373863313764
30353366383465656637363863623730396564616237306435663538326438633661363832356536
65663830363265376633363637303365333235313266366437636139643666353537393434653166
62643630303166663931323432383033663635396335306562366235663734663237643362383632
62623065393232343963306437356631343938356361303934353565353035313161653732636161
34313335663431646538363537353366663636633137303535313966396535343766363862356362
35333861643737303633626632656438326262303531343434366532636565383266623532396465
30353466353666396661633665656266643137643534633832616131386233353234353531356661
34376436633066663363633736376563643766646261363738383263343136396338333734396533
37653065623364613539626633656461383538643632333465623534653236323738373236333231
37613265316461393236346338303362303865316439376162626136666262616333366664353037
34313235653935383765653531373661323139303064333238626337383764363366303533633265
36353633396339313361303635373838303963346231393137643361633737613661383839303133
64666564666163383537633431316237356332613766353338353334616433626234373965333137
63636134316531393732643364613164303334306137353134366335663163303534613038633233
35326261333335363732353033336565646630663131323163396330323864393861653064616261
63336535316435386632363437383831306163626366636663663366353433653034663164393665
30383533356236613031616565366466343865373865623964316163326334623665353435613030
61326536376430633836653630343339303933353661353133393033646433623862343861633663
30376538643462343637303237333834393132633937356234653635333034343134646662643235
61333137356336333165623464623066333033663466653233343861323034653430616364313934
35623361373564353561386432343338646431303630653736306661353162326561616434323936
37373736393961616434303465353362636139653538656239663236333339326566343363336437
37343537376334323136383333303139333664636536366633373533613537346339613866336361
31623232613138386534623062363937623963376264376538613938636637306336366336666433
33363365333937393431363334623363613435336466653032386437653435643763626463626165
36373133643938666532333839373435626437616134353663383837616236663065623432353266
38363036646163383930366664623065653863333431363665666261363361346432616436663665
31313439663535666235383364346465633666306638623463323865623165663364303236383332
30323163326562663834653932376636333338613365323862373564356462333239646537616538
65333738336238653339383662343365316134633963316131623338393139656264663836323536
61393631326231616563326630316561303162313965616634633138643962636434373830616561
33626339303561356333666662353862376265373338373462616539363238373565343730383563
61643566636664323966643464356439663165643365646539333665663037353436306131326532
31396236373332383132643038626533323337643935613735646665353135356330623834323066
37363735323663663365306530356363643163613364646434376363316338636237323339326561
35646535633336663761333862393836396339666339356264616231373534323836316232373865
66616130313839633236343330653962356430643163663435363763333339393261643936653265
61363635353664653466396532303939626531373634623035363430663563663138313266376561
32663631653733376434343439363663623733333739633662346334656263386662303330306264
66386233383539306237393131313866626139343633323463363131346661396435333761376537
64323436373136663935343631636562356630313234303538646335643938636266373432643863
64616630623762653839303962346130626334633932373634366339343161326236633336666237
35333533313562326438613465623431306136353834396337353434366564386638383437633362
32643130336636343636323134386132653766613039663365326531633832363130653138313666
33346239326237336361643039346431366261353638663139613965653030393463373666393863
34623030643638613361643237643034333035373430383633356135316538646532393866636436
61383637643062316434326130323733303163656332373464383437353639646536323137393233
36636463633139616535303564626435303931386336663535316132633634363339333931373430
34346530386364653864383532393731616661636438316432383565646635326438666237303263
36323165363333373132623565616163663362396234333866373435613233366338333537323366
39303232333437303234303433663733636433393561616532613435653738643865353132303332
34623432663262636662326535333966326534613738656337633534303535333964366431333064
64646163663933643864306631333331343535346364386565313830303062353138383637616639
64386339646265303663626163306336616232663836363230386161336265306436613461306636
33343262666632623064363538666561316566323732326135346162346538373035393433336139
34373335376236303136623335326538386138333861323334663864613533323138653831353962
32363035373038663734313464376465646231363662636665343964346435653866623432646230
38396263363735643865303261343534346331636131366533666166306166373961336662386361
66386335343765376364323736356438663962373336626631633436363261616663366337613739
38656266626462633434313232306533363163653238376363303039666633373133363262363438
39343839633137356434336237646239663239363635313030383337643233386130316461363137
63303231663532666663353862393631656531633831393361363362343361343534613162323764
31396331393337333437316563396261323863653032363733383334616639346332336262633736
38613763353163393539386535643462623333363064663837663933306238326163633365393135
65383766663932613635383035636462323866343466393632326336653233323461656532386564
34386232313935353835666130346363646531616438656237646433373632666137363236663538
65653638353563616132656238366336393865663663666639613563336233643335616639343031
35356436616539636162633633613763373830363063633430666631306537336237323634656136
34373261626262353731623836383239666130383566333566363361393137393766623061613332
66333838303562653963663963313932613033373438353636663033663838633564316137316661
61373034376538616565663531633538393030316564386437326265653635303939333163316237
32366262326531613262636333303231363530656262333963353161353166336161356338333636
36323263336463663333363166346566626634383262393965616461663364653235613731663166
66663765623663373035346638336265303466646436373561333930633631386663373730623266
38623662393933626131613136313762366633343063613264323335353463303966383230303234
34623835616138386661663163303637346266613264646431366230336263393739363061316562
38613264353130323432333462613231346636353239373161653532313133366230306634663964
39396564306662313638353037313431393536656539383039363839376666333433383131366130
37666331323164363437366435666166646535313334326432653930383165663565313438343062
38633432633764303866393836333230373064333732333630316138363235383866396131383361
32303062653936373063363162363063346263333132356334656430623165633531323865343437
64343738383162343139316137656235363338366439373265336336346136373733316234323966
37643337616133303538643131383437646262613866656665393536383563643165313036666630
33313061303037343836643237653435303037393637373837393132636639366365663363396163
32396538623431306632366431643838306433353065623663373931656332323338323235383133
63313830386565336130346161313966636530653866616266343664303731366266343136373264
30333939376135663736663533636231326264623262303863376539383165613433393838306134
62373633326263313131316166646331633334373665333466306530353032613062373764626139
38376663396466323637656635336661303832333433376638333534386461356530663230333662
37393262623131306266316430336133666331323532626362666665356635383464613364616230
39363166326434346365636431386263353933613263336237396563336537646137326438323564
37666265316637613637363964633138653338666366303938383334386465643833353733333361
63363734343430366564393064626531386134663266323964353031323336653064303830663861
30353961643632333665643062333139363563396332333266366638633236363635653965646531
36303235623033643061613632376130333133346666653334353262666663326464353364343233
31623537343863626335326466346463623630613938656166393737623638336163343363613661
31303731653030323962306434663438633165383438323161366331373166366338663930633534
36366132626664386661636435626135383637306161393464363539323164653236356136643135
61383833653931616265383937623237653335343131636661616539623964326630396531353536
64646135643464373038623735306664373365356636396335343436393437363636393133396132
35393865623538383934356663656461366132313366373135663031343863653835656665363366
63373136323363623162356438616633353964376134353766366537353939386138633864323062
38663865663634666565396632313437613636313239326563333264326633623930323433363837
30326165313231663537643834366538643666663965376261393164303037303132356134336164
33353238373065646361643263366436376465323061386539306133333065373361336664653061
35323863313862353336653463323838303539326161346231363562316665303132656334653335
65643263356338313931306439346439363731653766346564616335303033353462343438396163
39333035373162383930663338306638393737343531393536326538643865303431323630323962
62373239643436366131363066383138316433323035363237386438643063633630663835646434
31623263343435623734636239616463646139643837643566393661623561386666353764316166
61333562613435373835323234313333343462393131363934346664313739376164376363623062
32366263666435646637346564636363333535316132643234656564353834383661353463663962
63393531393436336330343438363938616163613661303935356634363663383531633338623365
62346463363865313564396231623664353063633965656634383132653565363034363139616261
38613961643539663863356431323663326336323065326337326233376463616663646366373864
36326431303536353735633162353661666433303134386530326638653530613561653961373037
32363665663739613430643935666464366237303764373738396162376462333266653861326637
32623432363065363464306330336136623662623039363465666633356536333865323035313135
30323661336234623738343833303534653530653037616231363935303934623438393630366133
65643662306534356565376261323366643832313139323236613564633336653566343532633536
38633363313032366265303230336266313534656466306661633961343739646364386233393062
38333864356662623030336166376561613266396631306662313962396463356330393135656237
65663737316133306234393534373264393230373662303663326534303262636166646130656166
31623362373131316638376538353132393433626265346465393864313431353836326461643365
38376435656162346339646264643433383963656637383930326633316461323438333563653038
39323735386332336431653566623163393238356136396236396463613531386331346531353236
38376361323862323438656461636237363733313639393530333833376565303761376639393865
64396437303866323036346665303361643737343039383066393735666233343832363431663138
31343732343164353762383362343832313238636161663162383538643638363463613163383964
33333335333433326533336463333132373134643439653233666230313966346431626331656230
33646565346534383732613435653438353338313835373066323662353930363966393330666432
35663930396466313935666161306633363433303232326664613439626166386535656566623232
64653433336361626434393937636262373863626330343035626561353765623832653662663764
38376463613036393036313862373631653139366366363537653032666430626233313837656361
33643935356338363061373638633236623666336566643437303663343564653239653864653865
66353738356231393239663539316131353566613533306566613637623834333165333132303430
66366362346365613035383438383636363665663937393334626437306639643463333162633738
61393738313461616130353462633534653334373366323866366365306131623833353232393463
63633437663933326336383935336237366133633432663665376633393137316561626237613165
65373832336335393734303135383239646364356362313436373531383335393062343435323863
31343365666230396261323937643930373763656464633737333739646665646333386663663839
31333432323664363736303665636230383439646262316364653639343664346431366339373164
31643935393265656130376361633833633735323839663939353437613361643539613839666337
62336562356435376163653164613865393330336230633961323339393233336664653138363930
62386565306636353336376437663862613335356433396536633163363033343162323636356530
61326363306364343739313633643066346238313366366636356530666333333937376230353932
37313338333231323765336566653361643432383831316432303134393931633332316432393231
64633464346264343832353131383566383934303330336436383430653234393865646534666336
39633231383439363633393439336463323834306633623533663262366238666331633239663363
37303661663739643664313836396337393261656631346464643832643864623866316136656166
61616164396338326433316364663238623266633566616130396265633462666663373565376339
66343165646665666263616533646635613739393366306564373062326565663963663165353631
32613835396264346634663563646561303664623131363731373230323235663532646661666531
36346338383863666537336163376437656137323462343831616134316230313463373832643031
30623331366662633331316231623530303963306135383761666165663933366634333662303334
64396166343033653765616138666164306637346264383631393731353732363035646130363332
33303838343461303165343861343638373063646465653265303337313134343664326133623864
65333931646434653036656233356635383236323230323666343739663432326130396165353930
39653139393466323466666364663063623332663466616333353863323035303530326432343439
36346134613361333239313862343137373430386231323864396531623736343334623862333832
62363331663263353035663164316631636333313336303836333536643965343039383036653366
37333161393866656436383266376137633034383730636361643166303331346237656634643664
64393265666561333636633836616233373133373461666333333563303866366430623938633961
34316565343437633831323261323563653434343835316137656336336135626530393730383731
34643636333236366637636165363962653536653832663332656661303638376564336166626432
38336162646438613231656366666536643465363039303466666139353735613039653036643066
39373930393338396532333830363866306539363962636163663464306333643138366233373864
65373762363735653162613562373731393461613266346330636161343062323939383862643662
35313930303731306339616365373863393962396465376464396162306663663234303561333264
33323236663935323661653364376539363833336433333138313336313866353365373833373832
34656266323264363365343938323039386362326237373739343036346632626161393761393133
32613437643330613431363636386163646138663438633466346330383838323937383031323238
64613132396338366164386535303362353537623561383431393863643230623437306438376465
38346331323366653864386132346534336266663161626562633864393631383566653030646232
66333537323761373064363632376638333034653533613632393435646531363961376664303735
37353635373538323139333736323265343163323562666565303864326636386333373534643161
37613161646630633066353562303365653835386433373632316365646530636666396562393735
63643861663237316435643962653133356365306332353766643632663330333039653466653462
30366432663262306438396430656332313465626535613536343133376134623061663831383339
30376334646361303135356230396633383837353163363732346332383432613063333331303137
64616566386266353061623435313337666132303832346434353365633662373662383730396330
30336264373230323166666362316639343762373465353835353530303635383134613230346534
39333539636632313033373362626662313461353839313339653564363733386530393434303266
64393338386336656631353665373730613365326164376130343231306435393864373466326235
61656333626337393633643761653439616261666466626138383233313431353438363861363261
30363665643961646362663534376432326635346439636464663864333664313434613339313535
35633030616238656234316630363030333139363531616430386533623535333939363463353535
63333765303338346639626361386664346430633464666636303863323035653133373665623962
66373830316661633265633534653936303035313864626232336235353730353139666436656234
65393666393333653239386564373833383761323230623832663634613264653832303530326134
65626330653331323032393962626432613037653237633635393462323361393239616137636232
32653032336135316566353237666565333962313332386435326263323335333337333739643136
61633033623035356130316436626336396334626165643038333161346135393333663137356565
39616235666532626432613031656138636365356630646439383332336366626162393263666665
64366638663163653833653337653166336366366136396264663165666564383163336366656364
33386635666531343037663063303933373937393135323736336462353964633031613866323331
66656334373330333535643933633665333332383935366532353437356639646134386136383664
61626537376465343862353734376635393561343739356233373565326439623566303739643038
39306235323064663439633366323335396536373535366164656462393437663438643132366262
37643534386330383263653130646536333338373137663661613034646131356363393130326663
32386132353166353737613839313635613865343039316435376362623137393730656266346435
39356665353830396533306664343434623935343262646434376538336334343132626365333834
34653731613731623136666264396364663035373135633739323038616465336239323230326330
63326462626135353536646333653930626634653564373336653161373161383334396664333366
62306163383732333232333161306666666636663831656263363862666231616437666366323035
63333832663533343136376238636365383238383163623761366535356431376261623734343231
64323266393166663336666261373234633566333131376662313063363739616665383635386566
31373763393533623132643830633332303231656337363361653466656236633532643365663962
66346536303762316637396531363066666561366363343661633836663037633332363733656662
31663933393539656330363161636661336639666633383930366561653832373933316662366666
36616638626133343634386331666338623465366230336130626338356465303637663062643435
62313730313936326665313935646431326463616532613136313137643230613661306438653335
62636433353331613032626261623433303063393362333964333232353931333333373530333130
61396637333532383564323332626533633063373861643862613862623462356266633932653263
62393066323134383962383261633132663537383831323832366664386538633262363366613732
64633139643333653462653331333131636161333264343332333662393562333634613766633236
30376530656662653930383432396136306431363063366561623333656338303732633465633339
62626230373834313532366138346636646531356336646462396366323839343437623934333263
62363963386230396635663961663136313863363839366334393737363337663738346434336236
37643839356236616662613664326330306439303238646365623036326637323330306565343432
61343530373634353164653030303531666639613262386336343030343461666465653163343739
66303665373662636633643734623463633730386662353034373332333535303530356366656630
34633966393463626665663635656336333436303230343139366637636635343933656635663239
33616135323239613534316531313834666230316530313866373332393662336237646332333834
62376438646132656433646531663065613964373836383036376436643637616239303264396339
33383436336137376435366134353062373837626535666236646639346666323337626363363135
61333863343263306461643739326362633733656463373861316432323961613937393338306236
61383065376137316638313165313537393439396261323362306434633839313337343733356561
36623561613738393362323063623831343136333336656339376537303935313962633434363465
31323363623562643635383432313362623661353433636663623162383465656362303636323465
63653862653234353061376438373438653662646638663138393138633939303438646365326562
39366435303634666264633863313533343065373362663035616165356665613865373962613935
63363839623265636561343539383939636436643162306230663336643265653964616337346439
39646231623366323030646533333235623933383462623936336137396635376365333732646530
65333130343736383039376631366562633536373765386133323230646265633539633362393436
63363561376132646364306534653530333764666463626630646564396266663165396537303065
33306236613863363165623233343335326661343232366434663763623062393031313261373637
35383533373466316331373566363538613166646266336439383130336532323235363936623735
62363639346161623837636663623962633833363834313139663838386133363838313236363065
32336338626431383235363366613033336134366632313664643461323533323835373763356437
63313063353464363564393339633034363564353866313162393761353135336239373638663131
39663366303931303731653934393263346164666630666234356637363739383934666332666362
66666562363265623437643132373737393934323131616132363064353031323232333138373163
35633833346138386262396137616139656134643535656230333263346433643333396136323365
34663262626335373330613965323532353534303633373134613535346132613234373335666639
32656661393531636131343662336263393365363861303534386234376466373235646234396564
31316430343938313766343735323030373036666434363032643233646363343264613435316164
64336131383365303339323032393063356266323865373734656432396436376230393330353734
34623036393138643464383535373662386361643933366333663663623135336534313834326333
36633933646232363261323439326363376263393932393432623865646433623465376133613063
34303733383037383538343237363133313232633839386233663661343833663839326135653733
35373762636334386632306239323936353838323032363665653934343633643666363533313835
38666130386336396666653262613830623762643665366634316332613933393763383365663263
36366339303538666133343266613766393339653264363238383465343665336231653031396363
33346562636537333133346138393365396261623062353830663837363638336239646234333432
35386463656635346531303230363861393337396536316666643037303837653934643238333038
61666637626265616266653763616164646262373565616162633065303838666134626332376636
33323934326436623235396262626634363237656534376438616235663237633664663433656565
63323939663136623731663764616332376664653032656339343263383630366231343231636261
34373665663466313064663532393361663639396531663732303431616563313438653462346238
63373461393039356236613930346338383265653836663537613732656330646166363463366338
63623962303764393164393634356162376362616365323530336633366464633439643030303964
31653136623863653432383234643631633335666333363663646136386630363033623631336535
31393039323865333835383634636636643962316431303865313934326134336636646136393236
39636636666263646136373166363931316330363461646332643830663433393130366435383833
38333938386433646330653530663733373663316661366236666264303232316432376564363566
63653466356138666464336333333636373738653531646164393037306134363466313039666335
62643037323263386333343332663733316338643532656330353530386630356562303634383861
66353230616462326561393735636361303132363439313561653130636665643462653765623361
35303737656232383239316431373335343832333437376432393762363466643335373366376238
63323566666364303730353639626637666539373338373932643535393031313732646237643664
33386438626438393536323232393839376439643066376162626535323562303631356566333633
62323430633838363265306530656234613732366234323636636436356566313462373939613631
65626461313633316636666332393262616132663132653230623761666161303936333630643163
62626231393130346661316135343639326436613731623966336364333639313831303436356465
30366338643564326561613830623032646437373231396462313362353739313131383937636337
39343131363732646166653263663939663461393637393937336364393738363462616465666439
34333162653337353839323136373761393139363966323165646635666437663763343666363936
36346262323533323664613764336632343963366563333531633938326532316636363934643337
66613836326135623332383564323066343464336137353834663161393835343031333033663564
66313166353336313233326563373664396636323961626266363061363033353131303330326331
64356232316339653133323730323635363462613962633966363533366533363466383735636662
63633630353236393265383037386231653633623336373437633563633263326239336632666362
31333238313462363239323339623935323439653136626461386164326635636530633231623732
63666661643434363064653365633265376531363634396134666539383835646563356363323836
38383863643663323535633232333866316366646362383633386265363261326636313936323031
65393264663534666232316530336163633039383264316139616334323832396531353131373430
63356266336236636363666234613763656163303163383264346465383363303563383230663461
65616163393266636537653036336635306339306338343339633034643531663539643763613562
33353566613434363938356464353433376534323261346330353230666334323131303336663765
34663236623031616135646366633732376236386263376465613136386439326235623535313832
33363038356537636231353261623035386330383063626664396362333935393734626332353935
37666561666462623534353830326531393031383436306239656563623365653264393238363134
35373231636631636237313531393431616635663937326139343331613339323633323037613531
39643730373362333530383432363434636231396266303465666362396664646365643139623263
63336135633535633136396237623632313861653261376166623132646537303935646134363532
37383061353465653065373935393331633263353838306338363130626666633137326436313939
65633565353231383031303035643362316233323662323463303038346339333239623330396166
33353233363932316137623463653963313666306430306364623630666665356463366564636639
33316436383635363433393731326462396338386339633137336363303835343534363336626337
33393435313534316330363965346261383965316561323136316436646135306537383261623638
35363434613337636361363935653336316562663564386565336334393537343865393432623335
34316431643838373236363333383731333361323464623863343762666537643131336366333664
65613062303834386637643539623833303661313531363534363836363764363561636164326464
65396537356364336533633861363332373433663237666161303464353466306461666431616165
35653833306562373538623839373234303236626165396439333636323032633562616339313261
61613830656237316539663536326631313966613338653536646363356634363736653462626465
37323931303736633166333230633161303565396563326363363263613935636330396466393234
30626162663037656332343337653231303739633066616433623535353437653462386536626339
63313761383063643237373164613736356462653163616137396137353562333562386535656132
34313136626132633135326336626531356333303134393434353034633262616337323961623339
37616665383736623530363836653530313464323166643135633933363938376330623564346537
62373466386130646639613036653534396437396533303061363362383035366230353261366464
38353761376135333630643530346139396166313365363663663632333464343931393465643133
62326135646134343938376361663966343637326437373239366636663132656562326435636639
30633638313538653364356634653963313836343939363231326631303734313537353631653266
39303562633664353564656465393066363637363739613836376466616363393833343465323436
66306161356633333066613339316462393230376533633266383561333231353833373437626565
36363961356530383934656639386234333963326331363430303365666434623764633432633134
66663139663935346562313834356136396639663331626635613133323537663536646666346632
64383032346663613730396566326665346333633163383338316436636236336338396134373164
30643932386137613664333866323063643738373335353630643536303961623533366635616439
30383536326132306664636438313664323266353339323161613536336338396562633132323130
31623432396332623930363964653838363864343637306563653232633232393231303137613935
31383136383535353262623930376637393639353131353663636335633136663466316639363962
33646666643230663938643339616162356365363337393934303039396136616338306466323830
35383963623963623137386361653630663231626437386436306530343036663264363233613333
32363231373363383235353435623261363135373763353135376139376164396439633436633366
66356163613931356666306234343762656364356135633065353538613262306230333963633635
30613566356435663035666331353637363739333030373134366166303664323865656530643234
62333732376430393631323037613165313237643264633832336362656565643239363062343836
38333238326366306662653863303161313133643839656462306338343038333935663132396234
38616261383964393961616236663866633965326362383737303033656237323339313138326337
65313530656338386265333438393533386332343562366166376532613634353639316138653638
62393536663130653962383237656261396537643361363233343431636165616666653364633864
31623533333338656232303633663833326533323437613463643238663434653966666139653362
34303263386361323737633833353563666230643933633734633662396466376634313635353235
61396537633634366539633336356531363064396238336431343138343862313762383339646430
37383830613238613231313739373336333566316537356563666538386336646234306537383332
65653031396539613738393862626261316664353434353439313130396665383033313433366139
61333861376263623165383337666236363664626438636139333363356563623135353336643564
63643038613362326430393664323735323164616633356536656434613566373939663335303639
33376564656134353761373831653838386365623033386261373539323665613361363633383263
66323030366139613733616539393766316131346133626166656462326231323364306263346465
39343831373866336336653031666633336133306632633466313965653664393161646662303935
38643338363031626465343333393730633834653738376465363531306535653432653665363065
66646633306162653833363565613933393130333836626165633739366232313837653531333564
64656363313766333461613562663536633237326637613333316532333932616166383439663561
32636166306262336266343538393537373733313432636662363639626361663232663238643164
32663632666632343065623265386131363136616339643962386262653635376236666165386431
61653032323435323862356165333536626431653439306130326666363763316166626162373839
62633636376236316538366463356531373762333361336532303535656363633132613662656535
33613130626565376432303365613230356365313335323761626465306463643434623061313730
39303863333037626665613362636535363937336534326563386465343836373364613735393036
35636562383831313431623239353136663334633531653435666566356531623934373333383737
39643133363864333262336161343962323465636138633631323737386664376531656439643461
39343932323431373266393433323365346232333130316431323233363733643066316365306239
62376633363639343234343232306238636238643636353461663263373332626336393561626438
61343765623261303639613532653164323634363863346330313066306132326666353164653737
34626333386538383962343266353134323162353736326539306562373365346261353663336132
61326465303938643461393031333261643665306335396235333534633132376662653562666261
61353032356538303162656137306335303461633939313764303965393231356337346463626665
62626236323233633632366666303231376132396430646138316132346663616261346432393636
63646137366438333263663762323239663762326234333137383235316166646561613863386331
63363763366135326234646463383936653832356562666132373464346533626232633436666662
38376465326465326630343934366136386339643239363535316432613438323263616338333631
33363461313336656239303030303566383737393662366437646535383338626563623138333263
31633561366565316637333630663639623834313462336562616133396562643333656163666265
35633634326238623934336437363635303339383061623038613035303137333634613431626234
66636261393563643639623965666563303361303633643030623933383863353335303234366436
35623465613436663463336130393830653338393535303039383331353837643264613738326262
30333436303532346566353564643435386366653864326163386165373633656130326538316561
64343439323632383362613230633838663435363932393165343366666137626266653938613835
65336630646435396363383035353936316336626466666239393862323533663935613237636166
31313261336638656230316131353739356239383438356437306562646130376565353137623362
66666161343437666162336534666138366137383438346137326335613132353663323462656139
34326433363361306130363862356661373663383866396633313335333563633661363937323534
38626139343332376238666135663939373034393834326662323362396634363132353361653066
36373538663634363539663537663266633031333139303137373137393131313638616537663635
62326566353433623936636639663137343962643361363138646434396465376339343031353665
34353062333965663961643730663930303936383237623866643830333632373637333465636664
65653034323637366236356131393865373436303766343539623239643763633862373666303234
65623530643338626534343239323131356564336463303166613438613337343862643338376331
39316231366336373763353265333132333439383563396532326133313263363766633931336435
31313639303933636162626132663065356162373139313139663765363138613630303664643537
33383933353830623233646238383430303263376139393966616131346533633765636636333836
62333535306634356336313932663130306437643130303636643735306166353030383362626365
36326666613961333936393232376461343465396230396432373135643664383837353430343137
64633764303233363766623439653934366138666430326433353061666133366431353838323664
31393363366262306534626666613239373561613333373264663862613237336265343239663236
66346239323465383637326137653233303238333162636631633136613935363466626137303633
62626464393734303766333133373637333536313061366565396265656661373138646436336537
65616236333565396661343735396236313833356432653664656536353263383730396363613738
35313231346431666638663134353732373431303935346563393435643535613433386363663566
34613235396363306461336330316239326338373761663264633232393931323164383734633435
65616561633338333037633765646563623733343132656261336364393731636538326633316437
63666331303933663466646533336539326537353634313734306637323339363565316661383765
61306234306135663330343463666235656638653830303135336663373037656535626262333632
66386435313365363931353630313162363736323762383965653236623636623561376365643462
62343634373961333335616237376133643838323232343564373763306234343036383231343331
65643638633864616131643961623433623339313131383433653362393662343466666237373630
39363730646432666666633337386431663666393665643962616465343536313536386666356633
39636335386165313333633037333061393564323836393837393138393033613238326466616264
37663733623832636539376562303731666365376665343030393230356562343466646338363634
32323863303066313131346337336463623936613066343262353731646534316332313236313736
65626663346462643836643232623734353132313934366635633465386136626336396438306431
61366635383566393963626331313733336361313830616464633562366333313239663034303931
66633233396364326663366235663565393535323364343662303763643765386431303463646561
32636134363533393433613832353064386365626336393633363935366266323363316663366564
33343661313865643362316365666662303461383761393561616533623637386635313866653835
33393864663430316663303439643162663566363835653539386539663565303335303739623933
35393966383164646339383430396164623938626331663463633866303530313064626637656535
64356535346663323838336564393031313161636632623161373930333431333261613366383536
61356466653362306461303033376538323732653433303037636363356364343233653730333562
64393466336661653265343562313931333133653533363130303638333537653834316532306537
62666564613363336162313236636339646164653162366538643761666131346536343635656464
36363634363163343836326230636131663366313338343964363563376435643865313836343663
66396432653132616633376333643561333038613865663263373261353166653939646365643539
38663131353739386434393963393433393539333135313939616362333038373538306666316631
63616335313630373635356363653162373035393864616130343738323039346464393433343734
37306164353130633263613831663864326562393064396564383163383162326339373464333134
30653537353237316136303339343731313138336132613835356137353261363331386266646162
32633931353764646365376165303462373838623863393032383132343633623230376131643434
36323864343130316331383835383235653562626332363234616434346437306530366537336633
66333238653833376562396366653566346634623430656430363038663131636463646663626265
63663632333666633539396665663532623433633030636331346535326438323165626238333161
39326366393931393665616632663833303231623261353261653935643434353865306132323630
38643237363834616665613162666466343736333334323132316435346662363338333733393432
61353936383562323435306561366339343835633631333864356265326662396563323563636533
38386431613432626638653233353533626163643438616634626333656265383666373565333736
63363664653462623262383263353431333464666562386462623766353233373565303763626637
36396533343764613963656233643037313338646434663566356130613539303930326562366438
36303766646466613635653731333561396135353732386431313464333434653866663139386432
35306266326661636637646332333136376431356536623031303764373263336437356166376163
30656163353666386139366134393234643837313263336134343566613365646134383762346532
61626562366263343030346138663132663130653964623461306134666361373136353535376332
65333131333335306363393739666165333562353031666135383239616438333661333935313065
66333763653261663865343164666530343137653838366264386132333065653664666464373362
35313039613266656438333232656464656635653332326564303933363461343333613130613233
33363030353334316437663161383338663033353362313730393734303736323739393331616532
62336434383431376332623632373464613164336666633033623533666537363030353631396638
37383263616130393430393630633637343038303638656161373131336162333739623138353038
31333661623037613139306435646537313434653764323435323839383662666239623432663465
63383638346132623962643736623063323731656430366139356531353964373665643663613838
66306162323262396535656630393637653035343263653637383836353935626361613765313565
32393162373965396137386234613565613335386637326362363964636666373862386239353032
62323431326235316230306261666166666236323030653564333233636135633862363036323638
34616338636234306366346536663330643661336439333535643631333965666138343436376538
63316263626262336530313534613232316133303838313833313135613235346634386234646432
33646434613131366338356534306363643335653535366363386135383761353239336632666563
38653133633838383161646537383364613861353630636434626432623733376439346661363638
33643561313530313464373532346430333462656562386233366363356231396661343862336330
35383539323333393438393130356266653265666563396234396631376565396665636164336163
36643063383830393231373433366165333861386233626663646237373438636631636437646165
63323634333738323839393864376231633939396230363835353133363530633236386430313533
34383163643330313462383039646135653663386661326135663233393363313163346439323633
31376531333439346666306364666336393731343837373038373338333538633333386338643165
37306235643337636138613735323665636165383833333237306332613163613063633861303238
31373231363135396133646631623134663637323936396531646137326564363261616463636562
32363166646433373236623131646234663531653037326434666636323434373731336334646661
33303334653533643736333036336563313133323736646130383234356261393237623466383138
61316238303862303433353363636264646333333138303362626232663430633230663339666539
63626363376163323938356134366165383364613232336239363839393861613062393935616137
34363862373963366135353933353433393062643663633831366539656663623965353062656263
65373261353765366136393664343734393761373032623133613332393864623964623336663134
30353332353737653331623235633963633661366330643031353161633661626261636636373837
61353738656466623931613039346437343432373231353235393536313765326233393336316132
37386535323530633838366666343134333366663663616461376536653238346238393030613035
61626431383461326163313563306633346139633834343538303035303264353362623033643933
65633933336136656635343166376635346562373934323131393064393832396465336435633565
65303239353061616430643834336135646433343762333432656230393837393838356662633531
31356564383232623233376530323264323838633038336230306334666433363034313334383861
32313234633766393665653432313439633031303161666238373336313961383937613261346139
32303633633233363839306234326336323764343833656331376331326262393038656666336565
63383431303737336161303834316131336635313661636631393037383338663836633232363635
33353161303565646433386262656664353866623237316530316166313632323134356264626138
34383531393563356364623765396562306661343836393431653962393238306332653665366564
64343233646631393161633038313964363766646339633139343765306162333262336635653738
35323235373130643463383065383430343363313434333534623230383137366538636136396339
65323332653930336166333935333866363764393630623465656163383637643038306530323338
33366630633536363035633665333764643636303333633733306366326264663266623136616336
37653437383037376163333463326261313563663361653666636330623966383965396361396138
66633462343564616662323633383363323235373265613234613239326432376631626335376165
61373261343332336230326332346130623030376130646564666262386266386234643766633137
62326530313139623866666532373934346433323732313761303932373561336236383965356363
37343637373032383561666563393732393765303931363230333135633562396563326363343038
63653237653362353935396635653763393034616237613162313166656363396236396662393231
65623964306366663531343663303761626665613464363361383737366337323431663161643136
35356333383933373466373330636561643763333230666166343261653434633164346437353062
30633761646462356566653761373563386635636362666262626337623231363563333235356335
39383165613534343736316139616564366231666531356130666362346432646662326432323135
64666166626630626236623263383336363165643137306436653437316539326562653430346366
35616261303030633637636131316166303763373531626666343338623462383861393563373831
31363261383362613532626131366233643738326638663433373131316632653830643039356364
66653736383932343161353537333366633165373139326466306664313231396335343166356237
65313833656439336566623261663533643438653935316332353266633632346535666261636533
39396238623034306537363838653065336163313138393834353432363237323831363764353236
37316632356133663763336362633333353232323930343063393835616336323934653031393266
33343365393938643138316436353336373262363761613465303962366663343836613761303235
34613466346530376635373063373161663937346336623430353662363334386234383836653032
30363437316436636130623866656431386639343562353431363936666564333163633231333936
30373630343863633863343662626463646636303765323763656637383966346139376537376239
36313664376566326565363963653266383164373261313932613432333432643036653566613034
37363033303931316630343036613135366537326361633930396661393830366536656265343338
64633734316365613136663036336266616561323462333961393562356239333539616139656662
37303866616437396130353433303766326163383136373435393438383864633332623938666165
37323763613636613233613631323739336466666234663230356436303665393930636633616161
62363639376139363338666536663037373631353662313762316131623564333466393432653063
35663339373331633563626534343232363065633661353466353462356334373632373961396361
36336239346539383838373066313038323235313637386461303265633737396663663737363536
65383731306633323363323630333637343463363864663431373436636530633537313333613830
63336364393461656365616232313562333037376365653334303464333139356431373662323038
37643264353835626632626338333739313735336431613739653537633833383266376561386238
61323336343535316433376630316165353834343261313433396564383238623161333064303165
39306331356239323466326636346533636530356130343031653138383435386231656462666164
61346662653237633064376461396564386663656634333739616230663665393836313762653332
30616361363231323761633661396463653438636134393961333061383062613262323561336561
31646231326430653939613461396639363334323032363832353936643030383263346339626533
36326333646131336563383230343566393138643839663136383036306664626662616263313861
38333166363031356232363636376532373631653331356433323535326530323031303235303934
64653965636465353164626564383265366163613235313766666466656537313132353562643834
35363964666462623233303566643038613061383534656431326461653265633161356635323335
33383732313037656166636637353235326463633832346634343161356161653031613530653266
32353835343335363038313665383332663861323834626231353161333864373939646163386465
33393533376230386130336566663234623464616134356231663164643164643234613235303465
34656165386637336130613038333064386663303364313634613337333662666165346264393066
62313531643939346236633065656136383063643961303966666335646635623532636536333066
39373666333635376465643235666262316132373030643662303662643164633963353832663338
32353763326131303139623439393339633864613033646361356463356161633437356163353037
35643765333963343433376132386339666239613763623436346639656662313230343562626439
63346264663633326135626131666366386434653736613961646234663162616232646366353533
62303031333761666438666566333266633137356334656533653839313764636533383233306164
39373263663336663038323733323864663564343936346130646561306566306263336336616437
30306638383434636135353636613163363139653634613162656665633461626638653436323936
36616436323933356232303661313864363730633838386163643931626263643335376163343062
35313562313462323162623531326661653035636163336538643633346139383735383961653734
66326230366137383032346634393961653437623836663939316435656264633461333463323731
66356437336135646238313438633532386662643861366461656265393538653763613865323434
66646534336265646564613662333962623939616261333861633134663738316133306664313239
63663539343234316139373735386432363766316239313837663632626463383233333936633663
37313163616265393736623636616132313166346666323533336231343066313438336631306234
34626433343331643130353134323232303037333764326366613235303765333534316130313532
38306431323266393864636431326639366636636534363334316562346137373565336237353133
39663131383234306233323036633762646538323535636230386430666464663161373833616437
38363337376433623761633161316338633230626664353237383135653630663733623062663638
39656435326333303737313737333531326436336339343734653234373636363365376235663262
65653361623265663534663565346537373531623538383839613266343638373561353965376365
66623561383934646661313339393035346461336265303163633131666264643933643634386265
62643334646262623265633061333833303462616138386565633231343832316138663836383432
37336266336562363766346639393938656332353765353465626465303765383136333534636461
37393435316433633736356162336238626437656230396330633435306263343536643862376630
65646630663932613436343135653036313363306130646161396466303665393665613764303336
39376530653337613164646237343630376434633136366233623764623030633164623566666263
38653334363365383135653636616661623763373638323832323136383163396162343963376233
35636365643337636232303064613037303366353164396535376262656661336137366638396364
62333239653931613935626366613831333936306137316437623663363035336438396439613430
38616533376333623438386630616533383339633632656231373863656234626464626461646636
64303464626538646662646535343734323132626664393766326133346263343834316638343732
63633263306430313264386162393364646537316638633536316533633738336161356138353131
65623635613731373266343234343333366533393232663532333962373365333236373363383934
66333236383466623935643131393236303061373561633035663139346431346337666633363839
30313530663864366364316138393031333664366534356261386430326163653234326663663634
64666534346436633061353530393161303634303930333037323436323462633631323961653131
64333736633337623466323939643232333633343834376434623363333436313739363032326438
36363933393165653362633066643130336438343334646138613662393235343866383463343664
39383732393439326439626331393839316536376331373337613761393933316530383763313033
36323532616162346637656465386636346235356334346461353339386433373230383061393939
61656135306434663465663964646466393433653461393339623731306461626162386564313333
33336561306534303366303863653030346133353832313564373039376532646136303031343730
62313932323263333035653735373136663564636637313137666462623961343965633064646636
39636331356139323231356437383933343330626231643866376232663062663562346265353235
35366536373336303038333931616137626437376432666638633032326437383065313266663735
63316334306163393035383765366139316630366232333739643230333663396438333863613939
36333263333934656434626536366361633461373762386439383064326662346361653337306534
37366163353264303166343137303761386230656162373433316332313538383035343765313936
35313261343737373066353930363637663366613363326564646233663830666336343137616238
32636162616464353239323431323932663939386166363962626537663163626133353733663534
35666466663565393431306636353137633066616131616161323038343531646539376362383664
64353030663161383561643435386636393330353234653862656234336536356362666162343035
64313238343763663831363437383036303238336164653434663538666365373930343861326638
33313266666433356636663864656231353930316338633130393037303632646632313861636634
61643561396131386661613839616164323439643738306463663032333961616533616561336237
64333837393865336239656539303464616639643235333031393834656137326136386139396463
66353936366163643066663561313166363137343461393731353861393133373232323634356131
63386262643361323032623339646131333534653430303036383266663731373766346539346561
38343131303364343233336131383665386662626464653434623639313032396238336232373933
31366431376330633363396665343136666666633163623338333434393166303633353330613232
31323764363161343638363363363166303464363530336161323765346565633934386637336639
31323531373731383931393637383564326137623335316637326537393930373739613033653232
36393863636361653535336237623337616361333832663436353830316564626136643935643162
65643030353861316532303034303137626462333034356633376132663162386564393164373763
63393863626562653464646361366333636365306664373333363664646239383139626536663934
37343063623430363631386239353135663534386131336264623032393163633064366337366335
64646436313463646565313462316236623637363362636566396366363236623635353634623230
37356233396239303366346465373937636534653762366363366138646635303734326562343365
30633431346166636233366233646536623265663766643061643162653963326366393335363238
32636238366630663463363630333633323863363633653333393463343030343865313439383230
35653431323038306366303937363264383665333139336232393337373264616661623666346166
35653234663335653964643931343334353534306331333937663639626130366633373431386132
34366263393431373038353864643035623831363065383139643738623466366330623536643032
33633030346334363231663136623139353163336238636166323739303532306536356636643630
39393561623530383536313439393366393438633761613561333835373765623633383861366337
66393462653538653335623663336637626366643538646162626439623633383032616234343763
38623332303837633335326266303533656234306436323463666138343262613237633035333463
30313135376535656133366461383866373933626232636562666234303637373964333137386635
36393433613634383631626361363734613739376431386439623333316231393630323738613462
31323331353330623330306536633233356463373466666135653636643734323537663036653065
63396666333833653632333832356134313737623032313863356234386433616137366661323666
38613762613864323464653939623862313533313066303333653833303164323564636464313134
61633165346232346637643336393164343762306665653465346534373463646435633765373766
35353566373038656134363131316238613431623361376337396435613666616638323961666539
39656262303464353338636538653436393065393763346330353665633637396530636636326538
62636665336432313665366339393366396362346130626132616335643661303831306237623063
32633465323931383932373363313538663965323963303230393865653931363364626339363630
32646531613865623962633134373533646265396461353733643561386166363061343935663163
65636663393830393534326366353165633732643239656332653263346530666331373133633565
39343164643739396362623036616332326632373330376462656263363739646238366666613864
62303164316537323965623330643632323835336535633861383933383931333864353736613333
66343830646262366461353635383763376635333734656265653037316437336537313734303034
34666632376539363536613830386364353137343936303464383366313264313266653430663737
37666432353632613634653866623635636663386537656239373037653937346364336264373966
65613933366639396132356330376266343336613131633034303639376334343435646162653631
38653535356431613461333166303465316661613065653737323162333730396664343165333438
64336539376266616130373432616636333733643864313165356132393836383431386462363664
32303634646632303562323062646161646330666434363437353633636235313864346333383163
31653162623164636536633234336633396562353033636639623163376634386431646530666439
31663864633138306535383133633434386434383162323163316630373332373439636538386239
62663364333364303465303531303661366636333864623435656537353435396536653866663763
34366437613765303164616165663463656635613439616662363539646631383836333136313537
38383130323335623232393634646338323661643533393430303738343738323261656133303465
65663361656464626333643231396538306535363737393837326239303133366632393631666632
35616562616261653637366638373365306239623233613435366664613935623435623138616133
62643034313133633535616565623230653936306237313037616663303339623565333938316462
39373836366665653864383830636134383066363134346261376162326461333432333339346533
62333834643862396136616130333633653737646564666534386535326237323930303065316434
32383834393466306266626462373935343038353336356161343737386462313766623738333561
36306236623164303336363434373135653532383231613638386434373365336363643230626662
34633838313364636636393739623564373037306434666536313236623239333861663934653132
64633961366339666361356637306135333631656266643730346261303331383337323861366334
33373137396330336532663565376133303164663763663461666666323731663536303862633431
65646134376637323665653133656439326638306232303465646163633130643330336562636439
34356162353030623662376461333738643338356563323932346139343730326636356138386532
61633235353238353032313936646665383662386332346364643664303730356437666365303936
65316463613334376533356462343535626531386436386434303231356532393665656361303862
33323265636262396563326536343864616361353864366566306162326431396537323634633337
34353464323062356335616136623032363431343631636237663566346331343263313862616633
61316465333963353433646263356336333437363661343733366532623163323336346336393034
65393331646235613533373062386135653936353639626433616330383133303562376462363333
39656264373638373131643935313762383763323761663731333531343366343631623832636632
33353637636135343934653630343563343566646431306139356366383738343234663165633162
63336634623636393435333432356265383139303661613465356165623032626438626236613736
38636538326530373738346132386133643831326631383233613330316331303330393834353035
36646466336265613231306134386661336136333331616531393662613531653863323139613964
32323938323837663731393937323337666134396465393235376164653030303037613764343130
35343365613434343233346137663734363065656231306563653134373732396563356437656264
61656437316430626530346335303865366532316264373132316462666236613062666539633937
32323666313966623830306437646531643965376631643864616639356334636265633162336538
62383439313330626335333965313431353466396530303666653365623033353134356434326338
36326365383264636133656666393736616365356630636530356135396434306630383734616436
30393935393730633633366635666530643833306266303866616531333930393133393934343136
34363433623762393465633332623139306133643330323236343537663430623461626331666335
36626232646530646663376263613732393662323864356264303264306536333630656462303038
31363237316536356561356632306530313130393064653466646439363736643634656661383032
34326439653866643436353537363266303836663265623364343362313062366536353332393334
66633333303864366631633935613333663034613035663437396339306462383965623137373436
36303430626631376561343262376138646336383564366530623261643561366230343130613863
61646164383061353436386265666234323365623333373566663430366238383039653866643330
64366266393861663934303433646562663934396633383837323933346366336136323832346665
66353731393863636538313530363466376562633135373165316331363934323437376134643930
31303365333136386234633038663763323763353833373538303663396434363265393332613439
33396266623938393535306333666665656631633165653864656139626433333062313762376333
39313735333866323033313130363261323763386238313734323662303531613135373439383733
33363631313862313462333438323162643134313330633430363333663437316136663536643938
39326233616133663432376331656661373934363835346166306161643736393436386161333730
33383365646430323066306261646231656338343637633438343633616161663135303836626464
36346362353265346138663066343163616265333633303366646431666139356662393432333838
35316232383038383335333334383566666430613934656564333433356665343464613163653031
66316236303738663038323466393035613065373033616532656330303731346661303530643931
63303635363639363430376133613866303263386138336664373461313861643530383838303965
62623661383131666262333631356638396163323936653435636262353139356430646265663835
64373830396435633635353131356165643263326439333831303838343333326662356633633035
64316434323035623862623663383064383662616639313132346136343939383165313361343636
32626334396239656635393163363261643163663262333934656635373634303663343362356364
61616561326436353564376236303661303663393063646164343739666431353433623038636332
63373165393733366338643938366431323264393532336532303234343235643962393332396630
64386437326433366263336437643339353237663531326162653636336339356662306237613062
30633639343466383230333161313632376464386337613130636464653663366565313434643738
36316265386536373161643934353639636263393738643336333039383861633236653838623662
32613635323838643932346161396166376437613065303332363437653833386262663937323333
64326466373566663135613939666561656366623034346464356135363965323963376464393235
33313936616665383965336662393535386630303731373363313133343530303930366237333730
65633131646366303939623030313931613135653936656639303438643863396666366335646532
38663232373531336163323464306465386135383632323538633061333962633438333033313436
38333639343031313633393562396164663534643130313261316531613632343134333239396666
62393539336633653732326634363239613738386362613233356661613661346335376232343862
64623764376336626364333836396236303734666139306562373061363764373666386562306462
64306562626132623862353862373733346337306532366362636165666632633838616130666334
35643061656232656261353835316331393263303161633538643432356330396338306230343936
35353461343037326235323431366632663739373438346665633663323162386130646333643139
62613936376432373061616136616233333431373136613234343466343461643131333233393265
65333839643263643536653636353232333563323363313238353332393730623039306263363533
30373830393136363239313062313030643934663664313232353337313662323637306437393764
64306537343361323531633166353361613365373365353030363363363963663235616438316133
65613736363862363830616164666139323962373666626266353632306432623264316430613034
61353663316333323462656364363635333031663264613265313235366336306333376161633761
38373336343165303939613539353164383565376565663963616233323964346464363237383337
66623038656332323838316437373534653036363761633765316662333732336463376265363433
66633061393134306164333338313835653130313164666566663965323339316631316665306135
34613164636435303364316534626230353964353961623932383338646430653665663531316665
36363830626535623361633633636132353035373732613566613334313932363530393761666562
66336665633966336432333633663734323834376133616636626136323034353930393536393264
66303764643039313766656163646566666465386538613265643661396631316362383839313437
32613731323933313634363863383964326666626432663033613165333635353563653834636637
31666363376636623261313730663734376330383063653536323437303533346563336464353965
62623234626230616163353936356464363231366434373838376335373933383664393961323661
64336261636638626133303861366230353864343738626564383465636538623839616234336465
33356435636439323237656666643330383938376433666533393633643433303666353265336439
39346262653365303037393237623264633136623237343930363563643931393764313931386337
63646235396535396439373832313032653038373637316637343061613265316465313234366434
33376532646165636530643066663561613061346137336335343037616236383666393362346462
65376137666662343231386230663934333561363563653064653961636463383633356364613936
32626135373862636237643230346263353564363763646636326437643936346237313837383362
34306531333164383263306437396331343363636465326135383839383633343764373936646434
63323064663532353634633931646437383564643464653663623039656338393739376665643530
63316635663934363433653134396461633036393465303162646362626165333134313331313663
37633233363262643564396462313561633664373437386337343134623263613132336366656336
35613731393762353531356634666637346539313533363666316266333561383135626165393437
30346432303865656265653231353438363461656461356162653830636536343434363737626234
33613231613232366631656238623234356165343061336232336334316538626664643638333733
61393262353139386265333532613464633661333862653665363431383833393832653438383230
62356533616632323434636239336136343730616330323837383338363438313166646364366564
66346464303536346231333362633831393036376335323265663965616562333465636264613338
34616330326437616131343430653136323530386238623537383366666263626636383732396536
63343733346232303535363464356237313335313963353739356233313666613538333836646566
39623539336430656335353637386132623836643461363634613461666637313964313937613136
66363038393665373433613034663037373966386362626539633638623139316536383937366232
35326634363062376464636634626462613565316363393238663738336561666131373662386362
31336233323633383535393863346431356566626464303838396438623330353531373665336339
62303130666431353638343735633832313431396136616233663838353835306266313633663039
34646636393434663265396466343135363566316136316539646465623662643934353533393330
36373665363531386630343538386133396661356238613566643734336630643631626130613465
64303531666261363234356165643033343034366264363839626231643064383434376532646165
64663330386339373434346633363162623638643565633863643632363532343734306463393739
65346363373434353633663265316535356139386565616463663331363862633966326231656165
30353265383066363063313561346634353631613037373362636535656265383463656637326635
36323539626631393436373735306438336138353265386264316566306239656265653633386233
30303566663138663836653462393434613039376439373230613739353466323133646533373131
34643339373463373538663264663862666235356437636535633864303663343834373362663463
30366436613362363863633565626136323265393235623534326535323466393065653330613363
34366638306531333863303761663338616264313435326465373331316530663735623061356265
30613664333336633932303435623839613436653864336464373234326330336264616333646139
39373333616130393030363730663436336461343231626162393937366533323065343538343264
32353561356237653265633733396532323431383838616461313732353564653936343963383238
64303335323965633534666439323566616539336366613339363264653465303837356533343331
37643233613436313766356635363366316365663165373765313737373664656265646236623466
62663333386435626662613364656466383231663439313564366565653864383732386365393666
66396361653761626533636664323366633365356137346332323063343530393836353130343265
30666663363232363634356664343931366163353832393462316430396534653632353535613639
64316363303233316162633838363733626238313338613532663836666362653933313966616663
63363337363336356461373834666332613736393033653637326434623931363335653737663663
38396537316363656130396239633238323565303561613962346434306434353931613962633065
33663131346665366230343036393366366236633665326532323732323230303234373933303835
62363637666137636263363238613337356135666233353335376138323362663136396539383064
64626538623064313830366138306566663337376438306330363562343433373638396534643832
33623836343565383538376336353263366337353863623966343966356438343461343362613835
61366633373638663431366338323964613563313536376234393966363262616230323932393361
65303261393134653938303532653966666532646637333066366665366238393663653266363732
62313739303737396361343736623933303262643735383137633439646639613331626539373739
33366464663561663434656633393933393965316164313565346335373966326332363266343165
38353132363861353130373439636261313764643633363765393932396538613133303530346163
34636465343166656665373366383232343034373161613239616463663066396434633237623536
65333664383065623531396562366331663731643231646530353938373465343966653636363765
61393166353330376165626532653365396366623763373439346134376238366564663566663637
62663432623436633234333231623038383563376338303830656137626162343938636333313132
33613761386366653834356534393133363136616438313637333333386334303339363634636434
63643965396662653032396134373136353831656434326565363665633238383231626266633930
38316437663564616263323730393066356337333861636435653939323538316565366364656630
36663837656664626536623337313336623937336439306431393163653335316137313463386139
31303238313638343562646232616639363430653734323132373731373834326337623664393666
39386539626139633537346664386562663531633465346436386531373637383536383363333730
66346534396662646562333831313335616237626263653861646463666562353937326435323563
66626162323938343865306430636331356335646338323631653564323438663631313931373861
31653837346433396461343430663332643366623037393132663730373235356261623230346439
66663535383530356366313064373765623462636137303466373631323538316235383732613035
32386232353661633033663462636266306537323966373765616537366462396461376232386663
37353436613363316362326164616339346532343365653264363936303936396366333463373666
30366263353034643738396164646638306234656465643334333836326665376434313937386238
66393865636235373736333730383234363163306130663963636361336239626538646637356136
39316335356239656161336132303465333564633163613764303636336230333038316637343237
34336138336136636564363261333037663931316139373661393565333332656635626335643731
37326431356132353339653263303061623364353864303863366362663430643237383231326134
36633765363138653932343665663962643730326336343265323465316661303865343036343461
36326266666364666261316337633631316432616561373330356461643730363335386363376634
32623435346234636633626666366632333364646338356263323466623436623332613338626665
62383464363365336165656664313566306133376136663730643363303564646234376530323234
35343937663963373962343239646363376364323639333535363137663432303538343864353332
62303035353466336366643739656636646631643633333836616462646339306330343330666434
33383737383232373361383832653163353532663963376236376261366233356131323466386365
63396332393731336234303463356238356131376131303638343663373232333235373236386130
30643865343164633330643531643739373837353963393031383866373630383434663231663965
37656639326661633032633330333566663364343461366639323532383061643034623439353865
32363334303336363132333436653363353636613562393064336164633734373138393935313232
63356165633436373666623163326666376638613433633563663366663464363962663862313936
32313135373366326539373530396465323334353730316432313139303934313564623164613035
32316435623234353661313638383230336537623366323264393732356262333931353037333264
66636237623462626334653266656365316535643832386233656161306433373536613737313939
62643366363430626435353534623166383133336561343064333861643361336561306565383533
31363830613931626139623933336333646435333935626539623130646439373639363232376235
31323932373739616335616637653130623939663635666166353233643337656437373131633038
38353235306131636666666634346531396565623661363564356639363862653964333965346433
35396635343233396262613539656637653061376531373362366331303164323833333531336332
65636437663139333336323933656631646163366638346539623461643036613138353232653634
35353566383364366130346266366437383332623334376461646331333839343865363561363131
36333132383262383664626230376462393163623564633161356639643538613061656463383866
61356536646137626134356330653666313465356663373164613662633939613830376635333535
66363238366361303432653831353433383036656530326566366262343636356336343138373230
33336262363963343732336135333336633732313561616132643431353233356163656439626430
61353263343132353133616131333932643266383463386165656130366132353832333432363365
65646561616534353639373165313737323966323939336632653562363238386165353131383336
36633964626230363636656330376333306461393138383630373435656330666433333235316638
35356137333365363836623064303065656538363363646137336137356466386461306561663132
39643962636235323832326664643463343866623163646332636638656537306338313539393761
32353065316235656662643733393164393830366335653761306463623466633764653163366133
66636239653464383232373039363361323864396366396636623562366136356536376538323338
33386637386662616261326239613363323435613964363938393736653862636364303737383133
64623135313235666330616161303939363565396365313232613534313665313239333939386261
63316231373039316636316363376533636663633434363630623731613261633731313161313964
35613565366664353839343836633639393062613063306161323039656362663038616365303236
66636364333361313634396439666366636435643639386537323562613763316264623538393635
63393964306666636139663762316664333766373165316363663663613037623438646463303666
30646639323230343237666635313961626431383663643661326237316239306433653232653632
65633535356639336434653065373837663734363066393630353661633032313632666331626630
64343233626366333136393863623861663866343330653437353839663061306563306234663837
31393536643261356462663364326366303262356639316637313635326563376130393736303335
65396330353063623130646338623937663230313035633161626163363931306334343336396539
37336664373539376263613062386232383837613632393764313333656464636638316165343935
34346637373335386662326366663730636666336139396362616638643130353634393632333238
36316439336137323065316634313439383533666334636132376636633435316333396131383965
64653865643339663632663337666337613661333761653734393338323937653862323434306264
61326266613438613939656139663765343863653836626134356563383334363061623330613232
66656631393437333531396432396362323531663939353735636665653037363938383932306536
39306433323233346339343438333037613461386662626662326237356662613565303862396333
61383666633830336432643639303561353237356261636164323263323937316430333533626430
38343938326530653765393238303736623835333236366362333231393732653136613663636331
66376637656466343732363661663838653438303738326338306135613338313931643533343064
39336662346465363662653136376130646566646264613563396439653136666163396531353664
63386662396536666566306661663862646266376364366334643962313734326534653962323233
30643363666164643766653134636639353634316233363261386236336334363761653331383930
36333231316337346337663531393436663362353538643061633737313165396132333532653937
62316232633230663065376664386638633531396664376335373137633066666565326337333236
38313365353036333332663537663936353863616431656365366333623765316634396134323939
33336336366331623263636561346533653163393063643165623766386331306666306233656164
66396331663133633462663132323362343132316535623534613935326261393062333662373065
39616463323134623932323065323835363938326135313566366461643763356135353062633532
35633331313065633361613466373938333765663834376535303235303032613034356330326335
37323430343535636239656435623831303032396235303730376532656666653564396639303833
32316635643065373665343733663666346365626562386263396264326239363838663135346535
33343338636430663030303736353437356230613030626536363131663132636230323235313232
61663630643935316234396163653733653664663037396635326237633565663335333365396534
65666338623264646436323934326664663239353338323031316633363138316638396136633164
30343936393635353536383032333462623265303362376564346336663763643664326361636636
38393439376536633337643031383339323435336137366162373166393834303534363734666337
65643363616130366532356131363533303961633536643532306231623963316364393634643465
35353539376230643835386262623231376562343137343364643430316331636262346136323633
63373738666237626564326662656539393636383363316436313839643138356634613466393033
31383434366138313536313539343661343766323933316234313738376637626439393938663661
63366435316630653238663830396231316433633835333164623666636363336230343535366136
31396563366331303834626237633765633466646232333133333532623939326465353031303633
66363961663731373635303030353434393366346535646434383739336661316163636362373236
66373964373936666465663633643038626335636362376663313165393136396463313038363961
62643335653632646562376138373433643361656132313165633762326532366430636538633432
34356364326333393937613235643062333933343636626338383230623532383565636661363262
34373933383533663366366161663436386439393935656633656461363562336266653632396537
31376134323261313839383738303266333330313336303736653763343464366363376265616232
35396533656635633833653662356231346664666239633762363231386331313331376436376534
30346630323931313761356532316666326265373864656136373630656662626361323435343663
32373663333138366238656362653533363937326533373736643364373862363930363036636634
30336562646266396361643633343535336234373430313937303230353162363131316566623762
63316639316166363935613839666566656533333162343765306330343761633163313466643663
35343261633864616630636165613264643039633930393963316438386334643239353163343039
37616537313837373832633230616234353135323636323430303631356237656164653037626330
31663138646263363839386431666162353765323135646464633965376137333232306662356338
36623338626430616261666536646134613431373933633339393331323234393034376266653064
32383561353431346332306632316161646532353238306433336663333833393064383262616132
32623764383766346534623434363363306361303938386161386235353938616461356537353634
32616363353139303064646434633131353732393464386536616433343335366664613433663635
64383933343337326362306339613738316531326230336338343563616337366265343135386432
66643332366238333363306662313462373133363138393831373133303339616438323662353733
66326133353461303138393832396537313865323966316138653438336161373862666635663639
32663836363139303366306534616136633965613937376532373739633938623364383134623632
31636435336432343962353761393239343563373138326463616136326439643161316434643736
37613231613534366339313862316331373334336238613463626565366362343762333738386366
64343061306464663063346363643461336565333166666462353138306433353963313332336165
33633833303262653630643263333734666134353137356537623135373033313561653532653736
39313263616638323364653535363334663336353438656533313630376639333636396235306639
39353930316233333237346536363131303865626531396434303061313237643530623933626537
61363364666236613135663865303938363966386134346230613035626238323033346635646237
39366133323663633064306261636161396665303930616533366231393863613766396338326130
64663563633866356130646130346230653066343866306130613339343637656235383638626631
63393231646434643762386430616637303339643164346236353336646265383536363536656632
63346162643761656133663836303233643039613663323031386435613936356236393463303862
37643132316439316661646337316530303730303437613539663033663635343463623932353639
61653634383936646339383064373632316632343431636436363234626639626566326664373339
62393033313136616335636331366236313738613761323931313863376536643537643661653262
35343133326261383034333236663164633832646631333039363335616465626437356661343534
34383763333436663066646236373062363336323561626363323133306130333866333666326662
62626638623435333462306164303036623035373637656464343535663961646430623135333463
65356662623732346438666538313336626631326461633336333763323431656439633838346230
39323731356533653536633232653662353930626435306332346635366132336134376263313634
39663865653262626563393233643962373161363063613435353438613130643034396665303833
34363638613636663035616666363138643437643163316337633834316561343161633166336333
62393763643265643135663764313032313061363938353437316162343932633038323436373766
35653062666461316532663131353032643736666362643436356364623663633138316334393331
62643962326663373962623532373137613266643265613364346233356361356639366361333861
65333831616462613261346462646363616131383838643131323765393066653964383735313164
61316337613730643765323634323837663230663961643734386337333038646436313561393936
62653962636561643864373135373361616566623433373164643265336636363663623039393363
39633036643634336161373263396333303137623566396639626637653564663032393338326262
65623262323566346637376465653232613735366532363535313037303439316633366430343931
39363935326130373062623031323531663963346530646465316632396532353534623038623965
36623330313337613366383364323061336635303066623138306338393739646362376365363838
39663435333866353337363539343230306339373433386665373737326634373264356232303033
39313132323734316136343764396163306539356534663563663664343564666663646531653435
30323564383237643665303834386336373632306262326366323939626132376435663735383633
62393362396539623635353236326539643164393938346632343464316439336265393636333361
39396335363536396266656430623036346431356634623930313232376663626565363262633532
64626235313935623434316463633062306661303362323965646363366537336361396532356534
33336666636538323339353833386634306565316366383262393231626264323362636265323965
36303331396135663130323963316565343265366133393535383735343865373361666438363430
39616132346563313931333934666234663438303865306434613137326562366666376636373430
66373063323231376330
