$ANSIBLE_VAULT;1.1;AES256
64646533623430616661386638643933633031336364623138633833336664663133646364353039
3832613561386530623338323337666235646630636232370a363636633061326463333730366432
64663661313130396532656431396436663131313835356163313635613837333563333339373034
3061626132383330380a623964313663363936363661663636353739323063326138623936636366
38613335343465313135663165633134363837663438633761646132666565373130633433346332
30363731386134623630353235353232303064356364656164346262393664663066666262343736
64386136376135366637626435656561353562663637376234356566353833353535396135653563
34616463303631386231626434613764346339653962343130313734336566386235346139303934
34346639376566383965653932313132333466333336346135643663323339336334636639616336
62663562396530643532353363333337353561656637343466386531396362323836313930386264
34613534306631396132373737613166363536646465623931356635346238303264326539346231
39383931323563356633646638656364613662333461363333323062623266386166633733616161
63333136623838393235383766376138373531333165306433613361326339626537383634643937
31653131373537343837383230393936363039343366373436656330623961653237306637623364
61316561373261346265656338343566313461376639633437626365643832646330303437626565
37396438383637663938346235643463373861666530626566353262353034346562303532316366
66326230373739643339656433336331393662386336393234363233663832336533343439363162
61336538356266643734393365663036393036646636326430316534306661646538663965373166
65343061313735386433646237633131326436326661363665643434303136636261623333656661
63626432386266396661343331633264316563643061643232623464366233313934336466343337
39323961663630363230363834356131303565633363316235633935303134613639373535303632
34626461316638363765326536356561636232643161313738366130366463366435386166376338
32393531663533376162336239666166633132663835623066393562633731353932616262303362
34306234326233616532356434306365303236386531626231383234663330616430303633643466
66306663383032613930366332616366313539363739323664653236646330333434646366663333
61373836643138346264613130653232346136356635303761653935363366386532316332323539
31306366663831353438613435393765653437623034373331393437646466363037623162643237
64643735636462633732663961623463663436316335373265323431333231366162623038373736
62653334303432313362313633333364306433303539316665643434633733356432623765363735
30633636393263613762623033656463363663303365333839646638613239633262373731323862
35383165626234323063303130373935646261623734383136633138393637633231366266616439
30373161643938316261333766663432333666386136306465353730613064366532646631303432
30316333316538356562663966323062626266666233356565633565326361623162643561623937
62343766666261663636623130663864663331316638376436333765633137323564386665323366
65623932343836636362316136653764343738326633363831313039303034633337623832373438
31383632393763623030323237363135363730636431343337313461363765623337633939653266
39306431336232616431633230636239646234646465343331353232613235373465306263613937
36316438383230353134313665346231333433326339363662386666343538313534343265626162
32653763396261353063663835623338653066623266303335333761393062343238613561373137
65373134316535656263396135366565633736393832646166353839373938393735373835373862
36323435653966356437653031636161393961386563306133386464313862653766346435643235
65343631396531383164643561383438393633323062653036343834626333646263653933323037
63313136386266633632313662643165366166616437633138313265626461613539336139666536
35303166396634633439633431653163303336636632366465393738353232613230376232333430
65306164396564306137373365643865316266333033393933393066323333633532633462353166
33336139643532356236386439373636313735353735383065616631613438613065326162396439
36633630623565323065363466383238313465663739363638636563366230353463613137346131
65623462306537353964386563393738396134326630653138633334363163656338643332326134
33316131616636643263353133633663383066656265363162663832316539643636333365383462
32326265353762646638383731323361646138353036326238383863303166383930343435393232
37373135363165386464613333303934383434306331313036663437393461343634633964373839
37323733656139323030643135376531656563346163353738633361303032636661616538393032
38313663363130306231643661313266343062363136626137616664323438373233623963373339
32656531353164363164363634616265356430326134366339373966303739313939643866396233
37303836303537633337633165623165656539386131303764663231343735373538623865346662
64303631323630353663303166393532353338613031646562666137306630306335646264303164
39333839653161616461616137666336656238346161653662626336313835626539323835643065
63386435323936393133613164366163356238633234346538383463353064306436343935343930
37376166353466623333306539613066373864306330663931646162356233663963666462323635
31333761663237653732663866303635663764323636633634633966633964306564393563303666
34396334396234656166653137376365653264323361386134616534333663623361323035643730
37663636623036373062333964323036346262333462343865626334626130326237666532353539
39356639333566623937393062636664613633396463386262323038313865613331643132623163
63663864643239616466333638376133616538363862666236376663663234616333393438313135
65343634373762626436306130666630303761393334653631636666623639343162663734306166
66323336383739346164363261626534353031373634636239313961366335663837326532623336
37386462376132633336306430333764303231646238353330633162613365633266323764633866
35393362616233636238343132383862363235626431323732313636383331626538306133353732
31396666623138363634316130333361333438346631333135393563373761323136646535646332
34306334623462643130393034373363373639396262333337326561346665626162626265333832
37326437646561613737626463636265396262366533373237363035656439366166616635656561
64383065353265616431306331336232623833653436343565396364616639306361636137633630
37323464366131643336346436383836653634303235386531633236333830353963386164323331
39366137646630343735396436386663623739303364313932313932306533383066393266323562
66613835323934366564653238613435343134386561656430336538373639303263626632303961
30343430383766393161343461343631346139613332383831313331303236316234396531626337
62323832303339643039383364643235643338386131666231663362353264373036356164346266
30363864366137356561356530663635626162393463396264333130353333386638393931336562
64346137336237343036653135343930353364323264316434363539666662393438613332383862
64336564636463643839643261353764646435663861353430346665383636616534353531306263
30316531653034333266316466363664613136346461333839366462393532383365356537623238
65376338306466336533316435303137316665633939613835623734663533623464363136343132
66663336623335313239623161653561396466633135626162383361613066646439633735353032
30363336323630386237346533636139623166376537653961633665363462343861376333326335
62373466646630393439653465323733646239393534663937366434613733336131373764363430
39646266313730373434363735323536613533393734353662613730383230366434316437376666
31343533366333326132393531326166656665353131383164663131373237363563333965633136
33343163616236353939643634353464326436363961613765666535343233653536343932646137
35653939633266656565626530306432633566303935623835613039626432313834393039623739
30323466636638643534613264363435373365336439303162366639373739303263353164393332
66646263366331386332653332343333363761616434313439323864313631383266646432386265
61343035313438303139336638613564666137656132303033393039353231663165623634633237
62353632643735623666653833353931626237306165323733313366626161343531383430643566
39373566653262313033366138353461333265363961326334316335616139396666376239623337
36383764626265373865666338333639396466656537393230643937653030303130303932613539
33313666363665666564323936393531383332313430383164613437303833313638396562386338
38373336306638323766356463353261653637326238373333383164333564376533353363356366
31646666643831666639306561643365353666393163343035653338616436316230336665353336
33666362303065613462346537396262643535323239306665616461326462666262626630623638
61383135373865313836613262643633343234386561653464393662316334373639316462653164
66626433373764303961653030303934623864353964613838363435633938626238656263323963
35373233663766623631313661343731643761343531663064316334623136613538646334343135
30383735303038393630383239346163393365613466363736623631653165633735376361353339
61396361383633353138373061373034323231663538353731393264393533616237323633623636
33633537656131646635343465303533613235373761303365303434356465373837386138343030
64396564643333623534373361383939656530303535333735383466336434646138366233386561
64363064643535646665303838333433646538346539313731323133303236623230346164333135
31303835366435656265373961326331666437393866353631386338626230363963626136343235
38323566643836353936363430643039353734656535663537623266386334343463313261303966
65326231626235633364306533386233323065363331616135616165356535653438613066323235
38303033393363653938333463613463396464393766316464326265616164623136643034346333
32363133393834623134366165393964663735626237353738643864333164663063353338303864
35633762636230363332336138373634643232366638396164356563656365316534613834313763
32343766656332613537396265643831376531393035333932643565313137373933303133663534
31313265366637633466646531316631326537386536633735663963363138366534313735323539
31343466636237333430343134333637353335346265663664653562323065666134633032643934
31376563633664616137343035366633623736666365336332376135316466323161646530356637
63363832653362636264356165393334396362626234346138396533363436626433636366613439
33623431383566333934616239303832613137363738373861333937303663303863393538636666
66373362373564396235306236643162333434343765313838316538346233666339313736333866
65643766626563373930316134623566653861626261666432636533336233363039656436353535
34316533373764396162383338646135656631303362616532396566303166626134653465633233
33326438313435386265623039353739643562313234616638353232656161396230626130323663
30336636363165663532396339303531386135323134623463306566626535623361386632303537
64386232356633326239373938623961346461373463366239656330636533393266326131633434
34643266623864336434316661343762336632373132356338383430393661363430393938353438
32323338316637333464643331653736356564656366646337646531666463653435383831613463
34643562393039303462346264653562636232336162653538366532623338333632303735323661
32326365333331326531646635323537336337313537633638653963396638653362646461613263
62366636306464356237623062363535626432326233643535383938666334393866646165323961
61323364383039313366353764666164323866323666383332633639653132323037653461353330
65653435666564623966373765613930653037636462336633303630613536626161346139383262
31353038333139356332613066326232633833356263336364633031333935383063316431376139
36663637633534383561396138663730633134303534613836616463616634626633373737613064
35613966623864353965356330616431323762623565326239313163356166613233653634383537
31333238306331613664323738626461303636653364346664313463383636333735616137316535
32363063616564623462643339356533616561306537633935616162323264666266646562316631
63343262643363643962353733663866396661343766613139653630656266326434376334393635
66326533613930616339636237666432613562303434663265383830303234353538393564666632
63356130623637626233656565613064333036666537333932626239353663366630323835383666
61653536633862336666316364633736346666633464313839393564333630323739656132373433
31623165333530336438373636356365333934373630383130653638386163303836356363393930
34623634373335313139396362633365303366636435303732353061383538643737393337613066
36353664306362383737373436303563306231623234616366373361346366366439393939623666
38313338313435373730666364366134333034373361366332623433616339333539646138323831
61383865656231623566636465623866643433663165396139346234353335356437363132653631
32353963623036373135353066616636333833656566346230373137396463613938376264333966
32323037363538363863333062626466653231313730373234363338376464306131313734306230
31633666353735653533656233343036356430653933363537653132633132643336613135343165
65306666333131633761353432366537383131353564383738353433636461366637356239333461
33626335656632633332653537613338343630316463643166316563396436366334376535333739
63363661333565316537343733633965363130353366656565663531313236376562396165643436
31313736383730333432663836613134373732633663303562396266363261333161353030666634
65336133393534383639376262353762616636613465646564626664303064623936316565363766
30303966383165633961383531633635633639653766653634356335663032636462383030646263
37393563353539643831323638336238343162323139303564613839613634383862333963356666
31373837666439666433356434646162343363373732643934623065326132336164353136383331
37636238643830363336623239313432386365333432633664356662653565623863336566656132
64636435343766303561343230366162333266323333626436663761663432363432396534643565
64613230646366636364346133393533616234646439376336613562653363343139313261623966
39633430343766316537623038373033653232356164393131663330666338666635663233333761
36323065643762356565393666363038613235336132643837643363623166613736396663653961
36313361343934633764323166663038613837363431653933383335633333333133343539353731
61363861613362386164376366316338336532333738393336623563346262663830626364653434
38653134656439346333623335386433316137313932643961623336376662383931363039393436
62353762643133656331306431363665326165656135376130333436386236343334333538343439
34323864646233376432383930313265393335333837313163393034343631303035363664303232
33336364396333353036616164613865666137333365666338393061383335363866666164393435
65623961323530386166616430653535623239613366303262663833616365316136393635353435
64666631303464306663653338396633323665306334353464346661353832333965356233313762
62323735386466623237663231633334303839386566353230303761363266303962626661623539
66653766353133303733323935333335323164313030633566613538353462396237373235326264
65303738656164336363366162616531666632343139343261316135323161376437373763653961
34633238616630653661626533313262383131316532353230326539393732623934326364306161
39663633306130636365663732363862643030343832336366663234656364356663396339336332
37326133333131303832633031633338623231306461303136336230666237626435616133663665
64333464393936353232663066646436353164663634326430623563376338623137313466303436
64336137303463653138653063626466373535393633303664373764356534363738336138383662
64663362313964653831633534383534363331373363303831303634373036643535373835343436
62623039666166613937653633376338303063366636336639343032326338366263643364653766
64656237653133373239393332316530306638323165643134373738643164323434383764643238
33383263656536373532303931656139333939303334643665633738396261653330393866303465
65316333663530393931616132306430376436373638353163616636333461333066346139656264
66323630666262393036313235626333633537333537376531646164643865613136393331333932
66386432623438323963616330633431373563343561623633646639643966616365663965383936
34653063333063623630633331303735643935373861316230623132646334666261323831646237
37656630616566363235363536616162636635636535616666303363636536323537316165343436
31643031393036636130663130633164383163613832646631386134353166313439646430623765
62663534303433353931396631313961323938636139663737623433633038326565373333306565
61613231663765623561383238653966653233386463316235343564393966613638663566396532
36656535303664633863383264663162643032633438633133363864373139613734353434326538
62636433636362313962613661313431363433646139383066346337383061313365636532323534
31363531303833343733646137633633613235346335336331633036656330616166643361633134
61343362376139343761663131313538663164323739363964643363343030626161613266666231
30363462626234383734643532346339633830303563646430616661353665626532633536613935
66356237623964396138303834356236626431646335356334396537623061383634393139656363
35656466336236633030663865373363376464656161633136333564386364373939303564343835
36656630616231373431306163623730356238666639393531633266656537626464313236396533
30356532653531663363653664326531356332666263316631303538623865313563653964623662
34363062373231633333383738613233396466306238653730626561396337613630376139363539
38333132633536656133666364663633656164383632363638383262306461616162303362653266
65303835393839386537633039616331363933633965346434626539376632363930336562363435
61343938633337333262616162373964613338363165363263376538376665323061346434633436
66313630326639663532643265663830666534356434623037616236646462323231303434343934
36333064373864663565383633306338323261353733333065386333633838613538306231313139
37643862356634353135343464643837643766653934363561313638623436366465613634656361
35643330613334383664306331396638373333633735306430643437623731323565366562623731
38333264356262313830303336356166363236616563386135343839353063623633333431643563
63363838623565366137363239343138343830653562303431633533663931336230313134316431
62663463383736326634323262333564643438346462613062623565343763303239376462323366
34623039333966306634333530363635353737386134333735663939643132636332376235366663
64326637356531353232373763336535326538343033303732373839353164373633633764653831
31643164306436323737396433353230373962373238326462333136326431643933633330636432
62333161636531653861616662353638633438343765663666646430666234353936333334626362
66613438383230363032363039636137333165356433393366346139363363656330343133383362
36356438393461666331323138643636656636653363353433616634653963373231323738623636
35333937643135633263336535386331633861363932326263666131613931326334623036343765
36623735613332653333666433633134363432343866643963373232393136336630376262643962
61326661316162343934306536613733366463313736343165343334313065663566323561313934
63646630363961653039366363613837363038363630333137646462346233616665653737656537
63613963383166336534363466646561303362623934643463376436383463646434336134666461
65613637383863386266316436343762336436303536323266383065366634343035303238323730
64303238663264396565376633376565336264363830646539333264313938623262386632346233
38643962663433393531616662666534373063373937623939316234386534396632356537623630
65393361383333303064323361366339383663656564613237313236663564646532616462373839
33366631386330636432303762663639656366353439366666313163376536326264653335323166
33666330303633393263396339343332666162643961646631323862383761663035616138396136
37373737383038373563383932356539383661376463376465653561316565626637313861626539
63333435383330613438646261363264613233636339316661343031346162616132333263633837
39333466353430656136613635386437396432306633313833343931353431393862383761396136
39313337336533303730623939626364643931316533636137346333623139346336353332376165
38613136643762373666373062313663666537303734373636323733383631383966306465613564
33383338633265393634303334316330306135646532303936323664356436663934313461376337
30623938636339626366396430336464613132383134336130633835343538353731653237396264
39623064363837346166656161306430326632636231373630663834323439633261356561613930
65303762653864663135356533646633383466636331633434376536663232373636346163646236
31633038663962623139356239323239373361333838633735343735346237373737343162346365
64376163653634376632316330323435636661613536313466626531636635346564663765323337
62343964613462646534653837366636636135303838363461373532356237363637343335616231
63343733353239666231303563313361323338613935316266366130343562316439323762343939
33333661313633343036333031353637363566643864663835363338653936376436356238353034
35653839303535386639663732613335343538313562646164653864303564393232633634646666
34336633326435323035316266323338333234306561633136316235356430663666346135396438
61616631333233336663373239303661316461616166373031363365623935633230633137336261
31376462383162663762653331313933663739386537616432326339663439323864313232633764
37393061303263653631623363333930346564646663666132333436623137313662663062633736
38346333653364346463306230633532333865643636376635373364333438656561316561613030
37343632323866653733613635653833303562386436613436346334646335646338343535393630
39363766316666643035326633613936353932326566303861323663623564646533313731396134
39653061613131636434316131343639613062346661363465336163626666303665333434333639
33356462366437613636653661386432303666326332626530653735373934623035376336356564
36333762363136663239663739633533333334366436343863366236333031623233663037333366
38386162623265306536646638316138303635346264643033633561663335393563393366333331
34363861623262663930626235653834636130633066326663643536353866326132366330656438
65393030633539623937663939666533383630643031336134373436663837633733323439666233
31323661336430653662343638383766383834656539633937653633306161343734383432616661
36643237333765653635383536363263386335326436656265316238633331336231373966373663
31366131633933663132306236346238323662663161633262363537616438616433663933356532
33376130613338323737353934646530613534333765653961663962313564623532623431336362
34343466363437633538343133336333316564336365393061303434373562313036303031303866
31646262336633663030663331626133303961643365373930316436343764653666666263376534
32383164363435623066343764383535626535343662313263383139623566626338306139356336
66633131333633346534373862623230303566303630353163656332653962366436303236323764
65363531623137306161663864306439356536663964353132653131666361636364393535363633
31643437663266623831326361633965373764383765313934663931306564373536363733663034
35613163386364326131626434323331656563316234393135356334326266643738613230393834
39386539386534336630646362323838653463346433626461356339626630333730666330323133
36313130633337313336643064373161356664633737396430333938303930356636333866646233
33666636626364303537373634646463376538343737386137623365373864356137313465346432
36336436623233663462633136323733313761343739383830333764613038393932323361383565
62633832333763393162613537366366663561373165323236386432663337323066306134613032
35613263393061383634306266373435373739356436636136363733396563323931633436326333
33306534353162613733353661626562316462326530626139323837303766323665663336323334
31666637363936313534383535313234613439333264313731393934343762633131623032393532
66323531646531316234316532393835363462396464356330306530363236303133663139363366
61353639303565373131376631623639336335353661393563663131313833366238623934323337
34363635633434333731393634656162623863653236326462376630346130303363373564616566
34326333613736356361333762386261646239383461303764356138376334393636636334383839
61633637383734336165376637323564353339333430643362396662653862663862623839396130
37366634356536306661626637323437323363356262643262633165613637326464653531373337
38643464626632373235643639616637633036306437613064376139303039653533383734336562
33346664363861363166636439613062346664363638326231356131333862613463353037636365
37393663366463663562326139313136326235336363373236303565376332613530343761363735
38313365363036383461313566396264616630653937623361373934366161626563373262616463
62303766313536396162396537363738313135303864373734623533316435643238313834363063
64396232363032386566343166336363343638356433653061376634356139303961613933646534
63306438616338613563393839323366623065343563313533303863663365663737306238383362
39396537636539616230353266626462633834616632356364636134663732646339653265376434
37646131616661316639353864396263393236363032363865343065666361636532323061336238
38636633313063373334343964373233306330646366653336383763373463643563363232643465
35396263623662616663666361356366393964613835613966326265646130316161666130663965
39313762626234373435343861643263353534623437663731343066316466316339333462663061
64376436343735333461613033393763643265663739353731626264393737393239623037313863
66363566666135383865393336353134396334396234313838373362323661363163393635616234
36626135366231383635306237623764383633326237323866626565383466306162663439373034
65626665376163373132376631643563613536346561353861313765663137666366396663633361
30656266363338383062313237383336633533643466653666643533323461663630346239636164
33666332633366643931346230316631653865333863626562336461313534363932623436313838
36306662313966303430383335326164613762343166393337626361363032383164653465383638
35633665633738356534323236353761636161613766353763343434363765393163613063346635
39653530393263613965323561383032336165643631346261633436303134393466386261366535
34373261633239356430656633366635656465653630383966613164353464393938663839333239
61363664613765333538383536663931363065363039626634666639313432333864613763633135
34376538303664363065633862386433613065623533326138336337333564663364353261383861
65316136653766326430383163313262373739313661653539363465646165346136623837656135
37636133373861323764363764666637333235333561626664643837666563393863663465636437
36386134383730616133616563343964643961323263393933373235343130653238666432313430
30623936623866323936306364356339323333656231623261643533643639653663633431373965
65326231623961613361366637626438653963663137636130653666323031396166366630353761
38653031343862353564353530386465656462306134316536646637383732653532663863633865
38323430613463616362326130646239313264643062646566396262653165353538636137346139
37383264613863393562313965653433323462323337336339303030613462653936616232613361
39373362653061333035336233373838383866666437366239383064316435636164656536386631
62353530616332363863636632613636663034636331396334363864666434316561646639346161
31323030333462333730613963653833386665396663366636386136303031363933643739373162
39313062383165373063633964306362316537343538646431366232663532306462653939393933
65623035393466326134366438643436616336333466363134353533633537613131333738346662
30303937643039373630383435353565353231376233316664353439633562663439376537326661
38363163303238363338636165386462363862643036346562336136616166313739656334363231
66646230303132623662643465316232363165343161663464643134346664346364306663613365
34326237616462323634386662353837633464623831643233306131626433623362313865656230
64626530626533353562393364636365313464326662306366346362393939353766353964316435
36313038663361643539633064646230383666613137623935383434393263663633323338353065
32366132393962613738656635323936396634303662643332643863643736353335643964393862
30346165623232633835646539323566353935613433323062633131383738336436376237383237
38646539353035633934373664666161343932373437363563663337616337646366343637396362
64663862316539373964316230396532346435653236383464316139373665306464386162366237
33316636643762613161386533343036626337326337333166303262663738383931646337393233
30616563376562346663336636396635386637666366356239313931383864353834383734656130
65386464303535393036336663303362616432623161613334313736303430623937616433353134
34323834356138303664373564353965643165336366393033636161643433653066303132326361
65396438353965393163646464613063626130386131333830633564653332623938666335396565
34333433303437653363333432663061393231653639376561316135613934396538373065363665
63383232656263366233633136303031373062626136366335663161643561316330356539663535
64626137643330383363346566643937653566666666326662616430353663396362396332646262
35333834303331323031323737366237653837353861653831333039623338623833343133653034
66386563316261353738663563386531623765383936326666323939306166653166653837663365
34383766323066616633623963613365623666396433363766303637373831313133353164643063
61653931666161616535316631393631653732376663343438633465356562323865356662376334
38323162316536363434303465343331386339303165363266616662306133643238333038326337
39663766393934616139306362663336346239303062303738313131616565663365356132366338
31663765316534316633643231393931643334393232336230613965663534346462356638666534
63356430323236336662313833623733666533366239383733633135336232653734393731633532
38633463326636633031616365623437376535386261663539346465633561313661663136363431
34346365356636363630623361626531313239636135393961373739306136633730346539386333
32363561633539623865333337393332366139666563363363343932316565333338343862616133
65663435326361346237323437353430623266663734626232623839613136356364323363323832
30313037303335633533666263326232333037313666333262623262343961623632376366663334
30623839353961353861313065346135353861636364363830393962626362356563393733386137
39643130653334373065666134393263306639353232313932353563646337653734316263363636
62313731333834316632326631613162383935333931613631666239643662393434373162613132
37646262346431663135613739346264383562643432616539386433633730646235373031356161
33396437393334356332366332623034383736386433323738323138663733366331396461396663
37376330396430393965396638343066353264643035386438373433623235626638646639313763
34346534326237316632393735366231663839313830663239383334333066333463396463613538
34303033653138316666316330366537643661306338343865616334373662333566303765613766
64656262396339323438346464653032636161653033663462383663613539333532353637303630
38333233383938346633303433666630373064633762383633353731653131363934373632623861
35666361373131616337313731343564336633373364303537656439643562376337613363666630
64323362336536643665653332323131633136386463373862303831363833613265386264373565
36323564396332366236386637366166303238353733353764613265373635626533633533363834
37653761303539643334373036616435323735386262616331643839653032356438373631353266
35663334616432663935393466326536633939333934623861393235623631386636336564316332
39363964343636366639333130336265643732353232376532653762623166613934373061323537
30393231353531386337393837356432313335643938383230326232366435333637303531666166
66636435363236383730343365343237323834636636663233356539366439366434323134336361
61333834646434333664373633386137323133323234353038313564316238343835333438616136
31303065313632626130666432393738373531323062643064376536363838366432393262393464
37613938656330666430613762373431393366653231396562343861623932623031626232663230
34643564313765306630363535623130356334363936336362383136396531336362386138373936
33326230323436623765613238336635313464323765333932303734613133656138623461613366
34336438393162653464366162323830643030313634333038393832646339623161626261353139
31343233333239303334656131313839336537326565346463643366303037363066306464633130
63383631626565306334323662396464613333386666656434633538323038323837646430633432
34616466663430386466646635363161356262303963656334306430396530653665313737356238
66386439326261613464363865646638383734313032363564666636313034666132303935386161
36303766623531386364643030386563393931366164323732346462623538373436326138346635
65303564376635343636373432376439303430396231623430313061353938393064343934306438
66353838653738643162633666633033396532393633386263653833323461666438656535646439
32633237616536303239613462383334636630666566636461663234306366373663303931336363
36653731353536613430353535333263333332306534653332643265383236383736373935393630
66343533343563346631616435323832383830623766646338333133306538386338363962303636
63326633623366353731346539663238396664356566376562636463383739323266333561643533
65663538343338666362633362386238333837366237363066386539343466666166386362386261
38343262386266383064323662363066303436306132663962343838356561383932616239613432
33323761653432306562363839643634396665646338616237363166303939326665663439313432
31313534616665303431363132663338313962373461613335613838396335666162343864316539
63616564613361313233393963623430656433306238383737613534386537653037633666616336
39336663653833343332356631376531366632663865323339303664316264373333616438616430
63343635653861356130326163663465323564616163356130383838376638346261353637323464
33643035376336626234656432643761313232326535376364343838623063666232643634623663
39663137376635353031393634306436376561343764313334316633353432306139636565383165
36393333333037363739333338626331656665343334666361623636393566623663616630383862
62626361623730653435323938633236343862613762663366633365663537656566366262663961
37333465383564366535313530643634316665386363323861333739613237643538633532636230
62306163653632636536333237626530613835373736353466396238616337393335303435643936
61353236373861663839643230336664323338313731396137316366626465386234653432613432
35656166393761373562373662373566666563363038373839326439666534343639333438323939
30656538366561366239393263323062393462303864356163666233646236646166653031383538
34666461393637393433313435663962653236623836666132313338633763313761653235666632
35656336306664333839386635643631383166653530356230326234393738376363363865353265
37393739353365663662373531373362633834363362333361383335663962326339666333313862
35306364333337313030353434623635393265653434626238616430643535313235313065376332
34623231623836363033306266303233656330643661356564623935366533656363633065366363
66366234656131633230333231613734386537333238336164613961346162303237343233383934
38663963396362363430613163326334323865386333623932643563353462623964393739653335
30383933353633343761373462383831656439636361346634633837653962656262643736656663
39386666636266643465373130623030313261646634333831356236393763323266306139323038
37336565383833616131643265633637646562343164303436343432623438356265653134313738
62656136323133656135613564623332333032636131326463623261643334386633303064396665
61636566613663363533646562656236343932343262343138313130383264373832663261323063
34343638633532303232323662393730646137666530613632643934626138633763303561373338
62363737346664616334313238626633663434393462306262666362356362656332306166616338
36616462323734393566663565663139363235356539616331333363323363363961653165353232
65666530343239666464656336376465313664323262316636316364646231353133343061623865
34316232353133343162623631393135633634636437653838666466373531633366363032663061
62396464613338303735633464616161393833346462393461643535303533303162613863383137
63623465316665333661666435326238633562333133343535316433623936333237376139323232
38393064653635646563383736333534323133303762613762383833633764353134623733356135
31373134646536623337356166666565626562366135646365636538646238633361663738663335
38643534623730366437356439653938656337633166656563623733646265393836623531373532
32323464343439303036626530343931386336343062646262316563623335646338383332333534
32623630663439666265343030643134633964343735373937346462616435626564396562613939
30396363303438346136666332666437323532366333326462646430376634336538396239346361
62316333393238643833633263326163306539613535326336666465643463633039316261363666
39373764613236303037643138616634653565373931356639356363353637326637633239613936
37643039373862393932353635366130636663353564656332623435373035333838333333333666
37353463616334316336353462613936353638366261616662656366333836643461666632373536
65373966376662646163663665303738356363636633363138663435323436643164303664363064
34333965336430383865333332313463613433626536326636383437326330353763666661303262
32616438333563653438633130626536656565353435383834663134616261323539303633313533
64656631383961396332656536626433356261333533303964616263323665353863633631616534
66633730623738626432376362376634333737653133626338353730303734663030363162313035
30356630326333373630346264316133306433343335363362323236393861343863633435663836
61343963643464356666653930353939646638303265346566383232396430613933636333623432
37643232636133646234376133363464616462373439353137663333623032333135303739663638
30353038646336386261376534663834383538366437363466646639646431323830623263646566
35653738393565643562313936656564616337313535363061616535326361653761343265633434
35393363633234366530376534666332623839303137353133376231303032356234306166643533
64313839653465343634336562376436306337336539363331633431316331666338306466313932
30663536633935653262333335376132663334666461383338663939353965613635356261353538
65633832396537383239386163366166643664316234336332373932656237323436336439366464
62646433333238613937376335393930653362623337366436363464326165346265393530363637
35346630616363376436303439663538616535376438666536346437613833393235303634613661
35646632656364636364333136613035353761373432643763386236336435346638353662326238
38396639363336616164613962653937353632343633623834663764656539383761396438663930
63616335353132346134383831666434626464643332323938393166386466613666313137393737
36333862396335363566646138653239333761643164616331346135643263643362633232343163
33663631303939343866366561333865623361343338363535323564616335366364343662353930
64633865333663336531653963333632633330613037613534383839626162656562363039646538
34626564366133653764333630373238343765623665333564633031386661373535613663343963
35303633303235343464373562663431373033343839396664353761353033303534353336616563
37323334663262663332646566343034356263393662363931623638333131353736666333326630
66616532653736346664653137653833306562383737343866303937623932336637616130356132
65363964373838643736666530353462356333613630343833633766623034336463313663633564
61393739383030313562653732633538363330613866343234396362386635333735363630343364
61303730366136613665303339656165343132373037613262313539616235313464656531333763
65386430346132393366353963383735316630613766386439663130626364366238313133623834
65373061313163333033643737336361373034363263373430376335636630356531316338306132
64643261343236336562396464323061333435613461353364303637636263663634333331346561
36666232363137613262336437336362613466373530653064356231373539326336636564393838
38323364363439626665336536623466333934303832376366373232373866653034623033613866
34663565383233633932393663373036316430623338313165373963393463643864626366316532
31363862316162646535363531343233633437333130623831336232376432393035616465346538
31643539653338363637343062303761333662386238613238316438663662386630613535623834
61376562336637636638393834383736323737623335636338663230383964623361336662323536
63313265663461386434363235393164376266643065323063633563356361383561633164343739
38363366363630356336373136623661623564336361343437386234646433616364343466306236
64323438306266623334386230626531343865383837633763656337646264306637323638386230
30393466613931303038353231316435373366336331346662616133663564656539306433613465
30613737313033343063383931303737333331383264613130663435353934343061623632623037
63376330613336613431353938366435353434373663353664653564373433666163373737373331
31346333313736663831313665366162623734623439666639396464306663353565646462646534
38326533663762336435613633653063313765316665623439326566326363653931376262323637
61643364313439316234666638306236396239306431646132653836346661326435633465303132
66346435333636613830373135353661313936656464386461616537643964383961313963613436
65373234656238633430353061373536633563366666343762653964313132613434343430656134
31616531653464336266366533336163656338613363303737353566646133336136646663646534
30303032383531353533653935303833656663623933373930373236383331303266616439346136
35303461316230633465383761373035383530333865313030363236343038653738633130333533
65336131383865363430323436343164653961623538316466333061346138343237646564346336
62623564383365643061376263643263313134383934333232666537316430343666633434346666
34616635336130643337623032633836363963666361623434663366313163653232373566353661
38306165366231353162323638633930363533366139313039396636343037656330316563326633
65386430373437343464623639366661363238313635343264346165343631393730643737383739
37363238353237613632616632353836313936373161303733666362623063333864343735643433
33303237393263393266653266396464323362613730396534663165636339633165663165353533
30343666373363366638313261396566633839303438633862653037306437396636613534303263
63343062656261316362396233613930663439393138333639316339353464626465376439306233
31306664303934303933316331393161633463623539646236323033346564336565393734616165
32643333393036383938353239616363303630643435623831643961656235663038343830656535
35623738396363326130356237323762636561393231326234306262666238323739316265323232
39323131393963653365336237653764646232383462646135633137646266386565333662356533
31323532363932633462633032636336373162336262356261326236663536313461376635393466
61336165653263303931666464613364336636363439666330363737316534326566633035356264
39333432383330666361373863336439353132613139353030656365383765653135633533323362
66316436346366303366646430393938383635663764376230376139646333333461343230306565
33373862316230306265383564663362353333336431313430353665336132616137623061353531
63393661653535333366333062356362306538353634363261333834623732626532663735373731
61376463643065613739346562326561386662663763643566383737366632336636356136643632
37623132323461333537373264336236656532353133646533343034356139666364613132616661
30663064333331653331373565336639396335303363306661353165353334396233393837346633
37633565376238383031373431396237326530383664616362366431393963326430303863373332
38326264323136383262623162613537303765343432653664656564386138666636663239393361
37333038633562626236363165393238626334383836366239373262363735613033393965396333
61383166613231353333353463303931613639333038346362666530363566343761643562306139
37616238656266383639303135663537313636306138626234633962333036653065376230303162
31353233373463333132623463343736346134613562366432616565373531613965346138353337
39343664636664313238346263613939303432313966613064313065343538336232313462626330
35623137666431386165363863366264346334343932343032623339633133373838386231333936
62613330333131616635346231323266643636333232363963613831383337326531666233636138
63326362356434363037306632356661643837393039373866346639343835376363386438373638
33396338363134306633353330373332646331613163366237346131326265323136346537643035
38623965333633633761303839646336613639366162613362653338333862616238346663303435
34333837393033666239303034383566346336663631356162316231346233306634356230653534
64376230663831633165613033376236636665373135376430346233326664396365303766316366
32363932303464323961316130613563653636376664663139396339343463663163626162663762
35613733326365336466376131623334343530613036383932626136643033356436326134393337
36613764396239646335656263313164363036383765366437303265396164383435353237333964
64346533383838616634326633643339373431656134623961643261363437353232636630613865
35666465343633643331663963363461363739393461616637613833363261656161333336343834
34363732363065366232363462633736656535643463613363316332393439633563383565646530
62386262663064663365333633333134316334613131623564653138353061316533643134613637
36643936313633386562333435343161303431306566306235343330386530663365666164666461
30613736613437376130663066323262396361623933613865613831313338616461356162396535
62663165643532313232316633373362346536336433343666633337343438326164373362643530
61333432636164623432353532356261393737623034636136386339376131396432303865353664
37346134346263626436303535363237626534643632613034383134333336343333333634613138
36346333373739323330306531323435303432306463643830393132343966633832666462656236
30353038636364396663613834303265323063633632393537343639313238373764643731396333
33306231313864353466323038613863333635663038336339333031333437343830616361373164
66313366623937386433313534336139356639663139616537363234646333643637666533663837
66633937336365363562643739666461333239343530636431646138353436336362643363653761
36616665363937306131643233333931306239623530366561313737363639343361356434326164
35346437363235656135666233353534366461346564336630386539613532313634393064326234
35376134303761643163373838613432383537313963366362626462303831643262616438643538
64313538633532366166306165363761313439303961306231346262363337313836333432316133
30613261333539636137643563666165626464353864316438646136383762383465623630643536
66303261313134333262323165313233396135633231623864626466363566666332373233313437
34653164326363316231323231393330656331383038316239383462333561363038653163396632
62343532663538373364663561326338396234326365333438383336353833616437373938613634
64613038636336646236343030633931646265383137386264616233313031383431373863616438
38363966626261663033306638373338613565376234383664323632356532656364653266373265
32336161373234656139363838326365613966633330393337653631363962336435343039323435
35623061316335633938346534363231633364363432613239383835636132643066333937323136
33366463646437353538643631333536363533343032623465366566376462353765373230643065
37623866396563626464663666396661623337663837393864343030353164333839373461663132
37663664313132316231343838663764333364336635646130353337636333623161626137613339
37623832346664653063643030646634383732336338383632306630373431326438613439316431
33346635313465613131616631333466633037313638653638663063613137623930633865393632
37663532353331623662373932346361626436343534313039666132373131306563333764656537
37373933376131643936626336303036313662333666613964626366303139313865663935636634
30623064316231396232643130343835626434353438316635653034663266363731393261643337
39326233656333306138373831613565616364656637646438663839373239313364343564353937
38386433373231343161383330646262363364646664393063623536663237343030393630386163
66323962306330353861653236613764366361353236383435653337646262653238316166626331
38613939393138373934623462383738303231353065346363326234323764636433323464666532
39306135633362613566336362626137636466613839613532663365616639616138343062363934
34643838656361393237336363316133383861353434383463636231386162303233343263656262
34363866646230313833383762306261383631643662656264656332376334363261386230333261
61643331653762373335616537316430633062363930336133313138303731326566663364396132
39646531316464353538666266333963306139663265316662373138656532623139333631353861
30366530613334343230663232323935323133633634613530363335386664393732363462643066
36346234303562613962326538376433336235363235316563376566316532653062613165323931
35343765373837313561393230376233363435646264613236386235613831356162333634643161
62356164383130626464636331383563623438306134643066353938346434613737636332303731
62633131313436653438306134653735353831316130666365366364613165623963303962336364
37346335633530353261326637383736623733653131353466346434633862663032326634346664
39393936353530613664386637326161343764636330323761343463363761613165383765353266
34633830633735663164323633376261316263363431623062653536623335653930353662363638
65366363333062343261613833626632336630646638633438383833656538633236653432316136
64386337396536323039313731373733363365353032306662333461626532336634636435623336
35633131343063653533623532663438323436393534343666313535313762316164303839306661
31393266613339333036626264643062313535646166353030346237643066366432616236396164
34343866393834373061356263666333353663366331303738366332323864336566626437373636
66356131666238343539393561393237616464306232363432613762633531353230373638663933
66363330626532323230363665356265323037323039326165616131663938626432306433313039
35373031316561653430376530316332383737393565313862303237336232326132303935363436
33363566356437613231383237323234353963333738626466303864636261343936646433643937
35336236323337333238313831363866383334613537613462383766646564383938646662633437
62353239343766643133343562323438633466303930633533643031633031303730623962333265
32373266393630653931616133656665383530653634316264656336363831646136623638353839
31363535343932376138633864333637356564306637346537663538656366643964633338653232
35396638313365376662313139326633336636366538386535363338313966656438313035356566
36383962323430323438376233653864653536656264656434333931643833623432623834363266
31373437323065303338646139366163653030666234333463363236366462623866383830336234
38633066343362643465303635393266613238383635653962383161323531346165626335316533
65383736396631653734323834333834386536343430356465373336336636633136303662333161
63343136356539626134303934333734306566656332623138363933313330393862383263666163
33666131353663623235626236356237653839383630653564306364666330306462663734386133
61373639313631393362303639646633303233336132616338326363623163613665333039666538
37613964353832646130313039366330306165363032653834336330633036303138646239306464
35646661323736316265313439313265313364323833656130373134313833363663306265363332
34643464613836373061396631323237343334373031663734323865353162336236646234626638
61323630643534616165336366326438643139386338613335383763386664373566306661646638
33633663396566326163326138303131303938616563333439363934326235346365616138373664
61643736366236383238386563633263653466613833376634633238383533383339396335306535
32653831363032633138363131333931623538316537373137663735383964633738666164663336
35313731306235653735636536613139336166623936643961616438343836336162623238333132
35316235616566353261383134393130343965376433336131323935643262626332646233303739
38653139343161366132336330636533666132303338376536333833383138316236383239613837
37666137363231393336353639316263306163626361623130646137386637313438613464376666
31643735326465356633383164393963616466323930383239363961386361396231343438383533
63646234306131376631353932636263336535383763326261316433663164313564343537343864
32666264646661663936346137323538396338376338636664393231663338343661306138383562
36333639373938353530373038396638353933363132636465663964363538356130373763366166
64656462313161306434373165663436633563653261383530613833353762643735386564303632
31653464396166613034336463396336613734363163616135353939373961353431613237656263
34363734643339663063343934323061616233343533646165393433636565303066383464663362
64363431646534613864623135343933356466616632323561343939353635333436616235373534
61363266653363653664346663336635356461393463633439343064623064653435613463323365
33326365303364386462396161316164346464616664613633613962383561666432663036626430
33313163623933613833326635306133626365326164313230643634336363373561626633363639
34643836323834366235323935383964303864383462363864663032363131346639376634323433
32386239383663333031316635343562353933303730316331303464616365313163376463653534
30643564393632653639383166653663373865653966366535303764656235373433353461393932
36383031663531656435356634633733646330306431616262333564623136313161636530613163
34376163316538663665623464616635366430643933643861663836373838663064393764346564
35356333343934346361396434653033626438353735303934643830646262633464633866653863
63393238613538323734643930616664656530326332363539316162303837313364646662363861
35393433396161326336343365363035616638663132333234316135623564326436393764633934
32393563326231346238353864303332623933343336643164613336376230356535613763623533
66393866323731656263316264653930653264383131343365383331343131616666636531633337
65393530366465616434326630353235333165353566363661653833323630313930373030663134
32393134396139346330313765353863633061316365343632346531643339306636366531613666
34343931663831626464353339343330613466386439643932613238396464333035613463323639
39616235623939363831316631363432653065636231383064643963346132343632623531653530
33313837356637663662376166613135383337616631633035313430316138373663383365616666
37323366636364393166306565656534323662393338373331653062633733636136666365393465
63633037633832393764656262313563643363366138363839343939643936353234303462336330
34363835623765326161633362633035316438666630646561353232353239323062323735333330
65626333393761373430313830393939336233323766666661663631653636623338353163613239
30646162636262373935373366393562643931633138353338666539626265623537333431376366
31323261383661383939396639656534396461363137393938326538333930393134393136363039
65393363653237353663393531336535373938663734323534353235336438666533626635396133
62313732393362623634373931623438346664346363643164363165383264613133333733313732
62386161623330626464643366653538663336343265393331616635346430333531393130383665
65383234366138373632386562343164343636643634633262396534323431373762646365323861
33626630373633643430333163623965393236646638306364376661633364343434366264396431
63643039353562383731633838386364306539336432393332653565623265373831663431356237
36326137376436333165313431366230663931343338623435363162386565303336633863326630
34663630666538303932326237616331353161663030356663383838653333643262633961613064
38306339366534353130353865376264343337343833383333303339646639313262383039396463
64646165323839393337666563653166356236663137613261316463663866353030656264333836
32323939303635303966383936656330353736616166663331336661396132393036393733366135
64303765306561313034333935353563623964646664666361343430393730383236616665383433
36343038346333613639343436663965396336663865633763626230623031313538396135373662
31636534373664383135373562643766663038353430643831393230396161343932333933303336
65383465393036306663623866396165383934383263383737656132613435386233363831346131
61383165363963323434306664353835366537323561326139623631306564646131656663616166
30656562633332343337623033373136346133353533313435313436396535633065373865316233
35356264383766613863666439383166656438653964643534333131353838646437623861303935
64646237663831363165643532313861663366313363633964363030626166626133323561376365
37363433333365353437653632663334346236363636363062613463633561613761346231623630
66613935363836633133303338336232623939343939336431653238653561316362366532613661
32353137613930396335323865653866343564353161316466353262383661636336626535313162
36653433323736376434316434633630633261633038303337346465303862633636616364393739
61666261623334376362653430386538356132336565363030323266656463623564656433363761
37383966633839336632323031616265623665316465313362336130386532323833303963356165
32356165323333653364373164633266343362636338343564306461636135343764326533383234
61626137623032633762316566316333653838313764353064303937353138343632303238643632
66393634653863383534366161326361393633656161373538616231396664383038623661636163
35616162323632646264376437313932306132646164623163333134353636633761663536636538
65356235356266323465356634343836353133616635636433386632373434323738633766613961
30326637373931613666373166303730663362396236663933613361333330643639666436376531
65303439336534336461303133633933653563666339346432616330343934616536396366366565
31623133313138363731623330396362656465666662326331613862626432616635336430323664
30326131373461323063333835653438626163616164353934656338633733373530376161636166
32393763373938323632303563313730316334666639306532396537303365663839393431333963
30626165396263306263653138303932353762323930393432346138323530623862396433343034
32363630666230663264386634393463663230306663316161343633356666633233353563646338
63666662653731303764643061333062323566396435303337306637303636666638663838393535
36303736383866343738633636373862623465383961346130336333353662306632343631613532
36656634636261326266313934333239363162613235316438643236626262363434653261373637
34666462373262643537386539326131343165393931336437346161643262633962396263636636
61663365633833323435316331376662333131633639323265366365326264333565373333313062
30323565666166306434326435643731626332396332396662393138393261343736663835346163
65346133653336653263363666363465396330363561666366623465613330306664626538633938
62323931326265643533356431633335613238353839346365383130613264353733613539343332
37323763323734386238363734323164313937383762383133366337313063656139656164333531
63326566623061643331383139373430616461636665373563376162613362623761373564353239
66363438323764313162643464393966633164326263323139666332646165616332643535353463
39646561643364303461326139333138343666646136306238616239663964366536616364353530
32623839353131373036396230313333633566333763616262336666343631663832323238323235
33333232666230383464366630343337323034393536633862316464363366343832343136333032
38333465316562633766363635373134636333333036393938333731346337366237383864623338
30616364326464326435386333623031383139363232663365326662383432653532623139616237
39356632363634366432626537356263356138356130353734326663366163343664346261616235
30313439396365393533316234333434306433306431636364303064366463363861656133363539
35643832313466333365643066313937363232366237626531316134363936653961653965393339
39376164393566343333303264313861616237343036323766646562306337373666326637346164
65623537353133363066366563386632393131626362326261643233353036643361376538636430
66653038303638326261383438316334393238376534366563316231653162653562643133636336
30386634306466386161393565316564386430653965613863386138316636356361643134363930
30346532353566656339653837353961363037336537653738626666656439346633616264643837
61313933343836636239363165336530643931336336663037303630306362323935366533636264
66623339353336363561663037663966623463306230343063346238353061343763613533363334
61383536343865353535393831326536363163333738363930623836363438626634383332386633
30666565396633356233326135333133373064366162303363393834363336323434613039653665
38313134306464623735353861373432623961363937373333636534613661636262633731373562
66626462343431626161346537656338376335333066393136653232633737393730666366353831
32373239333863623535343834613263323764313031303462626433663932363766613633616536
61373439353638643633363061323136376538333137353636643437393438663833353731376538
62633231666130346336313562303730663236663036636635306664653835303438323533303339
37663166653366353764613761306565653362336239343665636461316362626335393039633831
61316637383264613766363634613536366536616236353133393633333036303435633534663833
37343333336530326464363134353766376634313232643733626566373665393266353434656562
37616536323731323039326162643062633562366633666461666265613965346231396565383239
34353763343565653036336161643834303333353436623339383864333336376237343639613733
62643832643635373838396336663231373662373034313037373330363732643963393332643230
37383562303933333537663866643339663638393364633166663938393162316664666165333561
61313431663934366664386237316664633636663265376334616263383835383361623135656139
34306337393538633366623462656131633431636532653861323435346437633937663331326530
31333238306434333764626330633961333963363130343464373139346362303762353835323834
66616533346561666530626565663837333635383562396633643330306565306431343435366338
63336139316438343462346362396138306139633936383134323162333236323161363531346633
36303032303663323963306536356265346165613766633431633038653665366431646330376263
36303330343730383966616665616463383037643532346530363038313530613335616537633538
36396330613331363038623966323439333835383764326431623230346132623361393136313135
35333537656166393338313535626463306237396235316261663331623735646164343436633130
64373532366232643464383463653436623938353431373463343466613832356661363833386362
39623262636636653066613033383639646534326563386466383765376632363833353237383962
63303430636433633333343964313532353536333432303834656635656364396131323631303534
35386161393933356366646332343032343934333033343666666237343937343539333364656364
63393438376635633861396430373332316332623738343836303137366432623037323032313331
32393664633936326638303964623536393939346430393565623532393838343064353734613538
63303234333936633734386437346563376333666331636330373736333134306461336561613439
38373264376163623536636264633839633439393863323164623132303733356565346637633636
31613665303362316533356363363439336365393830643337666161333531353562363939656139
66666161353434343434663630626336353564363165656563303737323930336562616363323864
64393637323134316435626462353466643265646332393862393162643163626162343165626663
65346135343536623364303337326166623530336435643666626332663862653966346435613735
35353636323436366133386238386261376663626164333462636562313564306131653363653463
37326632323931316362616539636566316462303731336266366234336234323833343334653237
61623237656564343935636261393534636133326435356265393535663963616664363833386134
32363635666563333635363539643137656235323866643932393033613064656166336461626535
63323233306634386531633861323966626536323335663337316333393966623537636535306564
34393263633238613737363938343231636237343830303735316564396332666639356563323839
64383764383363353634336663653833376237396662356564636466373065636331333439363131
31336536363435363234303730336263333038306331383931623866636165333537653031303937
31336138366162613766383232373465323365646530653964383163613433386233646637383231
32646330636563383261323630336261663061656566396435366439393465366566396335653734
61396434626532353632363331623532666631353033616263313131363036316339633762333239
62666237346331323864313265313238396362623434616535663135356461313431393564613264
39353939643431653931306531393235366364303136353830653637333434313135363032656538
34613661326461353863336664323237306135313839656235633934393132346636626162396166
65343633633336626464316166623031616262646338373866333931393032346432666437613435
31643037313134366565373762356539666335333134633462656263643837316630346439663862
63306132363634393337653139383535323565316638393631343364636265356632373964383036
38656232343866663037316636663737366535653032643062373261653539643730313362613764
35333738306134316238303863326237613439316363643636353266333030386237363434366362
36303661613239653330626339386261363364343434303436313934613761383363353361373232
32633066396165323765333333306662376534316134373732323231613433386538633762343934
30316166356135383434666538396439313330323662613238663139636639326635363464353535
37363565633133373762346637653761323435343166643861333630623665653361656239613237
64366364656631616261623332663037326435666463313037323764313839373833636637626561
66636434333536653536663731313764366636336331366330393462613838333463303231633962
30333138613633313964636137653030646362366632646437326433333233363565323536656366
35353533356438343432616165346131656137643332653233623430636231396234326130333333
64656636386232643763383332373234386362346334333861636464633465663766393933386239
63656138623439306566356438303438666636323037393834383530303135643631373137393861
39633433313230633862346431396130663339323635646262623363626337663162656565363530
32373666636663333965636333373262343737653637343962623661616132323165373531396466
61626635386161666434343339633434383637633662333233373131643261363230343531356436
37333836663762346530313962323766613762653761343336636339366137336363353865333263
30383235316565393566306433333662633338376436393333386563316430323534383835373538
61396232643865363234343139323331653635613761386266356131623631343736333837643134
33316633316137306130326435333566613233653934326461353965633761353162636462633662
33643730643661396533656465313464353434356463623334363131623132383965353862323632
33363164396630653638613166356135386130353766383633623131373932623434383635623563
37336530623731623638373039333965383036396132623261616166636337656535613034326462
62383762383930316261656133353139336230623532393364306664356561383330643163613633
39346333663538316431386562613231343831636432616132343438373164313837616662333736
31643064343930613437393163633436353332313937373635616539353638313632663337383664
38376432323064616662376465326538633036616164393764643031633764623538666566626665
39326431343666633634323666393130336466393665303438303663376634383934366133646365
35626462666636666565363337386336393764636536326266353837386361343962353362623535
31376363336434626666646565303433383135613433383962306635393934636239393737663338
62326465663361373761363130653137353664386436396365616364383966646133663336323731
32643436636632393235643334323539323737663936643133303832646466313537383366336566
30376565303930663039353264353866363234323337613533663930653237656538386634653461
62343937623565376366313338346436343331366363343765333862326231376666623262653936
66303662393039333138393163383339316139363734343432376263653864363264303030356434
34313339306366313063323139633634653038346437393735653964393738366235313065636235
62336265656534356338303961633236363334326235633165616135303166386363613436613831
65323363383864343062643130376231363137306161386335336135333531356433336136396236
32656163393337386136623430386437633231373262313931643430373232323638636664653862
63336632353030393637633631653530653534626332333335373963313865343465623438373935
66646234356562663830346664626338636534303639376436613634623731373237386238386634
35386137346566376138343238643531633839336266343839366434383939643161623035306564
35366265616361376463626536323734383063616566643131386162663335393638326266393364
65656137646438663733633761376361663431353437613962616332646333376436633737366337
63386636623432663663623863626166626564333162303263353830386464343765313862356661
33636438306333303766373866353063373333366565313332656338633437643538643434303332
63336633333236613834303433306431376366356334623865346234633439386139646230306362
34623235326664353630333435323434616363613134306536306662663764386431626563366539
37333462363233303735353662653631366662653566363665353066356537323938643838363736
65326362623632313436643631636366666133656166623131336265353266326232653034313162
39653036613430326263363833306637626663333163663563373832353738643466306139333364
62353238346339346661343237393766656464653934363962353964303135313863313066333562
38656632303763393132303364376531383830643161656565353531303439376538633139316638
31383861376634643438663262323534616136373931663137373836613564393839353238306236
39616137656566643634386636356339663563383834383433376631346337353165303865643062
65666231623838643565333063626131323963353937333731616562666530643230323135386431
37333064633939656165616232373566623133366133393661356361363064623539356231643365
38346435326636323564363461303937373731386163313734383261303363616564666131393165
34363830653766333763363039376161613132336363646532386636643465643962666637343162
38363361353330333861383161613637656263316263336461643766356663353938373331336561
66633834393237356533623031343939646636666138366636363231306131383861313663326337
62613736643937646331626537373038326139386232653234633532333065633765303239373932
39633533383835633261613337343033353839623531383331316464336562363839306438666134
61393430366135373538336338636330383166373438323263356638336235343232363039623563
39633839666166306263366538633531313934363639373536323133316565333334653139323361
36393037383263343631306531353563663539346464333162373662353565653536303434336533
33393631663938323339633164353661363865616133363464323362346137336230663736326638
30373163306466356364633337316263383363666337333834346331393736386664353261633561
65663631306565353737633231626137613235636261346537613963346630373034336133336133
65383464663039303633346631636436616631333965666333326234613465393964363861663534
65333737356232646336393436616561633931346362323364346236303933636633636337633966
32323665636434383466353163363830333435613130363661396262626265353438396236353637
62363837303135313333303866623064653930313937626232343464346662353039303562373665
37666231323437366530363264343864363038663031373930306639633834343934376266356336
36396166636637633962646539376165613237646530386539336538316235383638316463343537
32323161376231353231323833663263393832313536373965373630383137313162663439333031
66323366333964333963666632306136303762643739373363383066363039353738396261636434
65613634623235333538326638383937623439613565356362626437386266323632383233633032
33313831396136383266303266343431613432643038336530623834373965353230316162336161
64346436646130343033393366363534633664323034326539346139326363383132313763373933
61623336386366636665623862653231383135313132386564323538396166376637653637323139
39613362333637356462303035623433343162383331376130663531333038616131303730343736
39393163383634323136363536346436666134343031363435666537366639636266393131386661
34643731333865333462346236396563653438666230303231386332353261393331326134666537
33613634333538613565613638666564326537333938633837646364356538363164643737613462
65336162336336663662376235663934613135396162346136353764366238643761653133303935
35343164356235373035393339383361316636353433316162663362313461383262343866336664
31316239316634303231323839613939653366376234303963663132323934643037643762623931
30323063363266393333386465313135643832356335373862356466313339666131303766643661
30633537336165653931616639346139383630323766656331336136323135623065623733313661
35346632313866313061336665616366303035383861343232353332623938333831343730323837
61313336663131323434306436346236346534633163666466373061653261353433656134323266
63666432316437343964336535393439383463363161656236343330623263666262343466643266
63303532333562666532666462316534363238363334623233383739616465646662363839326461
37636232646134633864303030623463653538646636656133323236333232313035313563363161
32623731316333663563326233383533343630383930353535366661326539303731623630326335
61366539633837663630313439343933626333396235303037643466393836316332333161613764
30663535313533623762323461373365366638323130303031303763663232333531653133646531
37396538326339306335336664613461383662633066666563393438633039316563353962346332
61393932643136306530663238346362373761623336333064326533626566336131636365393364
66636439393033303032393864333065396233656261616537626537383262613061316432623664
32643433626165366563306661373232326134633035643434636138396162643564636432616233
66303539376161616632353936373237363463303963623331306531303636316235376634326334
33393362393938616637613766396632663836643131623432363062613336353237343131343161
35316466313033623535353765343336333538393436313730663739373362373037313935356661
61396335623533656363383432666334383939326534653832353733336538636638666236343931
38313262613562346262396233383935323565363334663431393933613736356135353063356638
61646264303138333532623936343061383334663363613366613331313839333238656231353833
33643864663533343939303933616339383863373565316633613037353130663831316631366665
32383331636534633464613361323764633765373436636665383432383334353633646430616335
61336366633632313030623863316664343833636338373965326539393137633737653738613939
35393966333536663735666530666537663636393639383462353065616361313839386164346237
36303439336536656130346134613432333033356265303564346133303966326435303538373733
63313334346230343435663634306235393365386563633662326335386638623136383037386464
63653064366536393332393661303462653662653263643464363133366232353062353436323661
35386534653736343037656631663336666161366339613661376332613735336231383735393966
62623639656535396663336531363333303337663863313431353863663236613766313031326433
36643935353966363631343630393463623532303837663138316630343734336561396362393062
36636437306430313164626561626463366234396466303031383463396130313264633135346265
65626163313066303936323032626261313934316165313664653739653266623335616333636362
36363839363563666663356437646534636164356333386163333830323466623665663662636363
64333534626530306533623137326664343365633961353431633231313264353633383835373165
39303235326236646130306334653731386662376365336639343738633061383738376664666332
63356462333965646565353733623466643335653236663434373961366163616234353038623464
66633465323965643934623334623733643933663830363862323733613739643066633066653036
62346630613434353837633762306531626531646264376436666536393031663563316138646437
30366561393934626663333630346263623236626461383063616662353933353238666130356661
33653866383637333363316238343230616530613539613436313639386430366565653636646235
61613734386339333630643861363033363435373930626464613861653661353932366337646439
30663237303636646265383466653538323536623363393132303130363631656330613739333662
61613730646233613164376633363338333334393838326563326563666662366237333563613030
31643838323965316239343233633738323465376564646566376666376139353236633030613530
35303339373039613263396261343461356465386536313566643538343939363533616333613434
61323131663034323334303235383835316365626234303664373265383238386330326466383837
31653764616531363162353238633835643132643262336264393261343734363538396539376534
64346366623265356564633263383936303336333366333731303637353533303233333263386238
35323831623963356636383062323437366164323863653439366430386637343561613765613263
37333435646563636332623239666665623530393434383430613962363166366261616332643837
33323963343966313230316438396532613933343332383166396135333636623833313730383564
66373532326538356636626430663063653233353234326533656165373861323237366536653032
36346238636135613166366635353830636431326263383663383562376434393238616661613965
39313261626364306432366563633836646636303735323065646663643864363336363864353561
64336435643735313065313939666433383561326236393230396431666164316664343536343133
30663465373662626236353433653939386337363538396531386463313933626137383439336565
34313739636539646233643964396463356537396133376266356433356264313133343365623131
65623839376337333135643438333962646664346166396336306565656664646663386136366139
35616131323438333163633563633737343663313038386232333133666366303531383733333830
61376666623230346439386365616536313331303932663662646236343462663832643665643766
38666133316233356639333934333334643764343662643130323337343262636534363633353135
30343635316661396537376136373234643363313232383637356134303137653466366536393233
30326534343463636530646431623039373665613762303431643466353539386563653737396665
35616439373334336636373261393134616536333136396232376637356531353761656531396562
34373165333161653166376435356231386265323030303730323334383230646134313338613138
35633838346634393836383862653562393932313030313736353235356539373265633438626336
31356437353761643536616362323133383934323865366363616366633132363231616333336531
63353534396465313665643535653963626330653131313335653831386631633735643938353466
35623066393138646362343664326139656632323164626236616662363030636364653864326138
61643335323035336262653135643339343038356363326365313065626162306232623538333965
39366662333632303536343237353461303964613262656135636235386566306333653465343438
37656334616333366438616334633137353730316133656236663266303931323161373734666361
36616364633237326130623239303362653135613038626361633037653861383563316361343432
65343439303537616561643761386134663361323533373538346438633765656534363238313464
30643931343263326364396439633234363738343563353261643635333036633336623562336465
33643733663932306538376636616139306330396262623534333764366135323636306261656339
36613137376564636232306165343639346437376261363137616632353336333034383339376536
37366637343335636566363964656532306362323734306338316166636236303765386361383862
66303265613630613534313861656535386462306539333837363131313833633035636463633565
39373635396339363939346235366438636435666266393239346332376538633730393239613538
62633037666664633431386437396662636430353931613263653332313231643837363461653737
63656539653762363036613030663937626162353832623266386132376430646238343737653762
63346131366662623234396334613264666366623365613336363732316233663035373931613737
38373333343662343663303637666633343365396138313834383161366262356431353633666137
65643334633961346534316439363933356236303835393231646436306166326464383237333633
32323132643262303665373130613764623431626438333261366633643762346432613737333261
30653062646433396465343938383631623033633265346463333533656163343763643131646363
63626233336564303238303065636138636432353431626535396636656139336562333934623461
62386465376362663964343864353537366665646263636638633537366665303034376363616462
64303561613134393238366338663338333938383964386332303234653632323537336166636362
30313061303638396432373663653565623039333135376538376539313334396563626364613464
62333333623933643833336366626363666335393637636162303335343433383663333163666436
65383631343833623366353661643065353066613635653938353732346139343839343837353230
37356261396131656633643334373636616663613166356464396266333061666334393230666361
66336261393464363232323239303662663866383032353064626532653566613735653033383633
38633331306538336339363130373737306137326232353336616234643466633331316337653763
32353534306564366437323430653934653337393463353539636138366431653565343034383230
64666435366233666562356366633134613431373965373931393264393762656462373433623166
33373532333834663864313662656164366237656137663464383632386363643135356461393131
66616461643533306237616633333865313631623937336336653165393639376438653262393166
61313038316437373731316537333630396637316462653563313531626531643936633632333931
32353935303933633439363734346631613263353863316633376132356338626339313661613732
63346131393065326334643937396665613638393436393331363263366631343966616462656664
32363161323439646566376430396431353266396365323735653535396433343762613664666664
34666233323938333334633434393030393363363930383038643235383566346263623330386131
34303131666630326162653461613433663065616564623164623538343033383364373431643964
35366465613366356335633139636664383532633235663534393563623936343033376332626137
30646437623730396631366462323438376535353462306561373538396463646363363032313965
34373234646134366437656632613238396538383633643435303735303462313037383339396338
32376335623231333362613138346533663335386132333262323832626234336265316238366662
63326364356331663136393933656636663831313536393137643039303733616139373666333933
37313562316335333531376133656533653531396437303338656261663837646138323334313562
62626338323961643038383361313962643764303631303738373236663364623062626663336539
37323430333466343631306134363263666239613365316666646436396264633865663136316537
65323236613937653537626664633338393033353234653035376337666264623065393039396538
30346365373032353533353938613533393961663663396134386362396161313066616166656362
33326135633165323864346566613461306333623031363135333731623539393863393961396366
30323835663039643462363064363263386530633838633764636136656461386535623237623536
39336131303139626436326466636330316434393038666261346639363035623135623837336666
62633137363235376261636636613238323232363365346264386432383366656162313030383764
38313561343838326365393963343566613932303437653661633966313933396633376164316338
33326161373337373166316537626531616535663437383433353361646664313136336432346333
36316232366534396639333730636535636364666434326365396530613132653537646662643763
35373264316331323165383335623766343162383530386635313534663164613265316364626231
65343636353561303336653530656437613430393338303761633336636465366539366533363138
61633236616530616162666234623031666365336530363366333932326464623131656333643330
32343564613266313038653738303062363562363963306663383633316137363635353866656633
30373738653563613037313439323062656133333430303838623934656432323163663439613639
65316136343536666462646336636361343338613465653431373566393064353233326431313666
33396634396335623830373562636566656533613937653437396163353664343566643630323936
61393536333265353934356331626534343736326436356435633638343935313832306139613531
35313361643536373235353663656634373430316636383336666433386662313464366366633530
66303231633361336465333538343266346638323165336438613261346432316438346465663031
65383265346135633532373533643736623663346263393933623966353438616261306139343564
30333031613364386531303365333564363931386661376363383832613865343766373566656563
66626163306636313064373630343532333633373930656537613739323066343936393534396466
62373231306137653339383637393837323266396237646137336530616563666531613731636562
64663463396631356130306639646135633335376333613765633462616436343931653065643639
31303064636336336462656363623139626331343435613635326434356335346136653335366238
63653862656565383134386430633536343761383461316463306631383861386334643535656338
34303430363735646464653364343263303736326361613535633034303138613766636663663236
33653333616161616263343639653331353837383531616532336161623865626464653362636532
61353832643639646265336565396632333663306233643038333536363664346136336535393138
31656262343536393435383836666466313639333739356638666637363732386134323237333133
61366162363461376438313962386139353164386361616466626231306638613035326163333465
31613431323265653831343333343363333163373038323066623035303064393262366461646133
33333635356131633633646435356563643130343565643132623862343431346532633631386332
32343532346632373430356539663563623665633034323362653136323762383535663765383932
32643637393836373333663535346233376435343438306233613034333937363132643733663466
30363832346663343931396331393938626139366363646639363165303265383237373832666137
34353036666238303530383430376362663838623661646631613833383337663832396134663130
62353535653834623731313333643532363633636435373735613734313735666132306339383535
64646633376135313462346431313132643339663233316465616163343639663065666538363365
39326463656534666134633762323364396438353030363962323436656464663534373231306131
39326336396564333339346166316563663061643034663965326531336637616337666534633864
33336232643530313930393365623231333961336364326365376132336534333831393436343836
62646439346633393733346535636239323433633637386366633465646239313765396563643065
36376235616565343864643962643331663134323532333837633236653535646562616262353461
39376638656166616362616266663037666137643332343636376266656131396233363466396630
63343036643633626363336464356565653665636265316232383533633333623262386436323539
66616239363737353231313432663461376431656233663831626264343063613366393265666464
62306333383962626561336664376364656436333737393835653035376236386636663933313564
64306331636535663430326130316337366232643032303434653730393738313938663734323139
37396636396562363030663235313964383065396664323537346635306233653166326333636437
35636165346566306335326433396166643563383263663936613462666334653734623833653435
38363837323938353866656132363262653664333130663532326333646366663731653563373937
62353134616137363361336531626665643763356130636566336466333666666466353835313234
63666264633366616632373535333734613231393334646437373130623930393465343062356336
39616537636331373733323162393235356539636163636537326535313432623432323033393265
34373435376539353062656565323632623963663839343238356637393666383563326432643539
38346136393335663636323831386338376364613333346263613734326330363763333764663164
30383339386233313266393265613832383630303333333734366262643262333137353832363830
33333237396539363935363837303134666133323537626262613234353334653663383665353733
36636333303233646231633535323465383539636561386163653166313534386236363162386139
61646335613332373861663463383134313131346238643533363862363663383139643938393165
37613335653538653863336634656530333135373032626366306366623837356430656136613266
33303437666565653032353563323331633530663339363637306330323036393164343964613537
32306330643335656264393731353736636635613662383663656437636164313237383533633832
30343839303165323239343935383035643636323132623437666239383638303263323265333031
62613666626463666434336265303561363031396464616331653839343139646164663932666338
35663762663564393131656633383637623964353133643634303064393934313461353030373461
37623036653333333563343533623834663661383061643862623563383431373633343138323834
34633631366431663137356634383639356134646538396237303137646439363231366438343437
31613131353530363538363062646166353634653431333637636362376335316465376162323466
33383061393235306461316430333162636566633330343161643566343366663631653063323765
33366266316535353530313065653132646663356362343937336465613936363434653466333662
63633663656437333865363861346137303131643031616130646636316530653236646133313036
61643339373064646433326665373965633632353363643232616364656365306130363738626437
31353631383335353331643363333163656261323766323434373764383939636661643965323565
35303439653565353134666437666636623233616466373331303864383335363561353833343932
39366138616637363663613163363861626363373730643639363763616331333264313834316539
30346534373133303233633161623133396464613134666538313965373065653332616539336466
36313937393335626564333530323762363437323863316565653233626265636265303865656331
35616238376430316264333561366465356239613132303538313135663666656535343364646336
32636661336432396130336262306439373235373263396366353438386632353865383730383632
63633930656466626530623830386236656638316433653732613133666231653334626134336561
36666133363264373238393663336432336436643866386561643836656530363236313066626230
32396435303536336564663163353962316165383562663434316636303163373137633532386132
65656132393436623135646439383730333831336637303932613235653735346666613336623464
31303635643936633038643763663033626233643766303430633731376661396538396635313662
30366564326130366161393138346539386332363266363362643636643430343464333731626263
38396337393930643663636136646437396533613235313865323032356536346237393966343830
39653462616534393739393930623465343233336632313232343234383533613466623263626164
32386236646665613430663663633466363865626364363531383433326533353764333662376136
33323233663333626534656332326430303762323965343732386365616666343736623866383737
3236646136393137323966653965613730343965303537366363
