$ANSIBLE_VAULT;1.1;AES256
33646164653763613737303135366362633538663963333234623934633336343835646534623533
3263653737323164373430613731306634666562626366300a646561663131363565363735623634
62633565326135633438353266353736323362613934306630326263616137613333623264306439
6237633062303334300a643535363561663435326237316134303764356565393838383162343138
33653466396664666161616631393130656239303537393434333037346133333137623634333236
30353436303464326136646334666631356464613832383837653833366338376336393661303761
61336431633161636465626135306437313266613634343465323165653463636137623035323131
62363433623738646536343038376266383436356366326437316364623866346465393930383063
66663238313638646262363134346462333935623161636438613565356563633231373862646262
32616231643333353863363232653131323437376666356338366338363263306163643264643330
35303236623563376164663233633665333437306230386662636561656664656265663130613735
64646133636336653765343834383235646366643433383065303665636563633637396531356266
38653863623439666630666230636336656166346239613236663632363066636138623533316638
31343366336333313065666166646439316635636561373335373264336533626264623538343965
39623237336637336265643963346234373139316666653363356362623566383038373165343135
66326239303430353762663866613932353263326630643032306437643939343339643639386536
62656436346137616534633832386336653930316530646530623466646133313930623938316236
35353038643535396364636230626462386635356431313032313835336132306538653364366330
62356266613361396531666237356363626230333363656364386337373933656439633565333165
32353331356164623135356162346532393330343238313431636338373162356635623562623063
37366430373565303265333432666531663965323865363138646437336133363034313462393339
34653634363461623933353836376334643137386333363363636339353263356534303837346234
34323961393935363364393432383731656161373036343361623033343836336638376132616135
65643934383961386432336138373534646361346563386262386631393731623533633438353331
63653232646663643635633636646263376666353362643461653238316461653065383861623237
37323734626435306139343732323261373266383061653539343538356538616165316366366262
66656434656632323266383739303838313565666236316465333332363430316435653563666231
63373832623433346333643962303264333563323736653433343039656439643634313138613763
37323530336661633335623230313530633066653339626364313736616465636461343165613034
36396665306233363336643863633930343465373736363934386338633363356332663436326464
34323530653733393133666135313561646665636666623762633661613634376336343262356439
31393666373834616633643231616361653165366533656337343334623535653032363437626633
34366532326466306130656562306633333735356134366431313138343161613764336135316466
34393031326163373739366537666663303039306433313639626533396539366362366430383761
64373035636366666136396639343366653937613563616262303033366637636463366637343761
32643237316235323733656362623331663531353735356434663434363237393833383830643364
34373962333664383065393266633861646638333532326335363863353432363939386533616434
61316533303761663263356334373337613766343138383063366530333562313466656564666635
63323030393335326265633730353139366133396334386533323435386138373239313837306165
37616632363832663838646263313536326163343762643134363662323737616466333362626338
62393864373163383336346631346235366332353662653765363436366530316331616432626534
30366464323164393534386333666635303438393361616362393066623731396166663738313539
62663563343836623365356264383237376338303939663162306435633535613461616363663635
65353034346463313132646664623932393734623931393363653233393038653635613864653566
63643164666438353835396636616235316631333032383639376437613735396535363362303365
34626639356665333266376232376334316265343065383837373032633865656337353462613332
66663638653263666565323066383565653435396664653638613136306637613433333438343266
65383762666665393338643663616137376564643037653231333466643231343233646334393062
65653462386534633231313238323437633762363336623233656231356235366333616237646439
32346562353665353931643265623039633333303164303532353931386461386639333830666363
66376230393063303231323164376164656264646135366161383836393862333834383039653133
36393839633965353064306539326463316530653434303665613034363230323964303936323330
34393531376635633130306661643336643066663066353738353231336139303439616263323863
36373238303031316334373636623630303437383938643135623534356665383331376164653664
65343562343063663131383565653233383438323433633134623039333338346235303139386233
61666339616461396563366165613238336438633537396130663730623932346631393238613666
37633332663036363239346231336639666361663233313430653030326632626630386566383862
66306362623636396138386633656438643836323462363262626534663130303132363231323532
66313235666339336264656635303363306266356632306561663334313466623862366239306161
32376230376264643834626163663563646238353061323661333135333437393364653532393661
61326139383362633565373833633238363938343365393364616439393732346134663330666337
31353961363637386538303839333165376338343362303232313131313436393635663861313136
38303633643463353964306162343065656165373537376232373130653164303333643831306235
34326338633332303663303263616631326333353766656663643833323331383062363232353666
61336230383637313937316332336137626137653734623662313366626666376239643936653335
61356566346265643537633830623237396365643265633337653238663835646130333664646439
66336663393438396439643237326637336136393936376662393163666264373936346564363965
65656163636233643933626663653733303037333434313465663264386432666630373763366539
36313830303164373231636537616537306166383634666661303162353536313364313736366663
62363038306630396432376131653532656138383931323935346131636165356462336565343833
31303235343966393330626636663766346231656232333161616633633335306363353063326439
65393666303736346135333864383863646666376263613862613364613334353861626537616334
61663531623631393135333133633733663163356561383834383535623533646338353063613462
31393238643731326239363939646166646138346236633235336630373435666632646666376236
34643838346433663136643535393964343333366338653334653636356133303764616334353861
38666135663533633732376331306635663263346266343233306537363739383535336230346661
33333661653235313032346631353361326634633762656163616532336535613039643131316233
32383465653035656235313965633632343964336664323765373562303139303639623139396639
35626233323830396239363930323264633032633134363232373433323365353339343063653362
39343262313064346234646538616132333765383236396564326562333334636164323831663131
65626238363263373962346364373062646563363364653139366432623438333861656164653939
30613232306438663632666430376631663461623939313264303631313364633439373530383366
65313863623439333439306134363330346230306532336333333066643336373037313234313932
31623366303931646166643938343235346165396164313338666138373730633664353663643739
66393566353266363136306262386565306439623765343763363332366434626132393832393834
61373336326163396230386362356332313061373637626463653162393735353938663231373864
63633233613639393537613533623337666337373132356661653934616266306232646632313334
66396336393231343061633865626133613132616434636232343639643263373137613738306366
34636533306262643134386431393539343538343838353636316437346262343066333066623231
34356336356232666630306165306161326464383863386666356334303563636435326264353964
31366630386166386539646162363239373864303435323232303961653166363134386433643866
32333038336466323365633533313136643962393134646335663236343136303838383161366262
61383561373136653565396163376237376363306661666661336638656265636338363365346261
61346130393536383131343932336665663735656265636234313938643666313736363433616565
66646635323236376237613031623838323337393965336333363263666537346330336362343035
37316564316339323431333232366566306230666661376164376536346637363534366535333033
39643166303933366264363937323039623366646632643336333534623164383336323762663034
37313436633437363434646463383163333631656462306539306465336165353631653762616561
34333031306639386331356531663131386330323939393362313730373736613430626366303062
38653466653337656238616664613334316266303638643732333734323034386539303639613732
33376639303462356432366432666137623633613838373738323166343366313239326632343334
66383234663461616566393437313837323635316634666134346332326530623834313963646433
61383333356232363430666535373832366361383832353231393838643562633464313763633739
30326164326232306435316332323765613763643730666461643535613264353234393037633539
32376333646231353237353865363733643634353434663836643736666666323233633135613163
32383761353439306439386361643035366664376432636131666437393165373566316433316262
64653830396534323430393932363565623136373966656337353737393431656638333561313038
64643938656433393038333562626137316530326166646364366335343531663736666566643632
32386463383366653165373662386630376430326638363363366534333331643033303037306231
35623462353766313565313262616631376163633563646137643836373236663835396639636137
35656137633766626330383562663563306431326166376131623531633836323935653561656263
33323732336635306633303136663963313261636238616330393633303138616636366430396530
39393166363935353332343934306333393730613033643031303132343034336465663037656534
39313936333862363764643566313230323862643335363765323665343132613733333464616365
35303663363362356230323331623363363930333461306234663636333633663934623939343266
63376339323561343931323562373964306235346564666538366631656566323036323337376461
37643337656138316134323665303538333964373937616537386662303861306239666165633062
64326563633766616365373838343236366532323063346565636266623862613936643961373666
36323463316631396232353331313861303236393066666338383235666363656231613963353738
35313935373239376131326661303430643366613564633535363338353663353235343739326337
33653033363862623833343761653262386365363837613861613234326666653562323736326533
39623761316365613836643839373730613434316632356261396161666264643165306239656331
66393133616465376632323031383933333230303338316132303564356138316131323630323532
33323766383632393163653736376461626638366662306336346662626535343932393037393137
31636436353961646333316533316562396439366639356231303639333366333132396437653265
39393533313835306638363133653766313236366266633933326531326361653365346539623633
34363832656539316337383161323535623330323537343635386537633336376232326533626439
64663262306465666235633433313138316339616638323533346634396537363437306164653531
35666237626133383232623964386433316430636332313364346163613962623862343061333431
61636363346437366564636330323934616431323261343336363733666462396462393435343932
31306263633936346231313339376530333432313836626533346565353433353231616536366463
65343635373766303731383739313034646234336331303661656263636164663265373534333338
30666535386639396566643130616464323337386432353465393263383130393032663031366235
36623165373964313635663564343831396265343136323263643365653266373461666337316335
34613862306232383162653534316436646434306534326132363739363065353930313865636637
38363535653833366135393435373531653630353437393932623134333736393733323034323462
66316463376437336664303831316536666337326261336130613431353165373536353734386338
61383833653338306637386537396561613037633831343232633738643436643935626233666435
32353665623039303765626238313163336233333034633236616634323839383537343862633234
39363337353138623163393938623831633734346538656431353662653630333433643161393339
63376566373339376237393462633465343964373061623632393866343038663962643137333836
32396263303635346536623264633033306539363263663936313034653735393935653166303736
32376135343034316434343362643735313966623431623431366266333035616564323733643835
30366161633866653537303163333631363265663764313163303434343833663539386564626635
32663333616665303335313637613336346231326236613335643263363761373135353835326662
66633035396662343164356461653361373834346239346462323230343933376564396238386530
31616131323235616138633135643137626361633438316461623135393230333937636362396134
35303730343164326464363237336637396330353835373634313038306236383332316630623338
63666533316136326430616535646231393761373066363862363430656639333532656633363035
33363034303761613335366565333961353030656536326335656538323833613939623630653234
66373731626265306461633334396337373063393734373764306364346530373933316163613836
63303533343835353338343134643363363533363830356161653664653438393964343562386430
30663130646432386161373737303561646666333938363361656333646561303662633330356464
36376530643033666262316531326462616336363964663730356465363663346233393336373366
61303937613165356163326261623166656634366133393463326465396635353136356266313535
30356562613033323162343364383732646433646366656163386438636466366436383239363564
37646537663336376431663036666462393162366466656238393462633265646132363035656263
64393634626362393233303566316434383762643537323339336263356336363731383039396632
35386266306536653436653031653733336234363664643836323232353337373536653538366661
30363133366666626532306137323462323636636639623966383632346537653161346665356262
61333965323137373332623762663162343735616137633134323534646539303235333861623661
63366163663432636532343864313739333033616133323932343466303133333534383830356235
38396532363033343132613935353566656264663239636465393766306361653461616565346438
30333065343737646436663662656235396163663230316330343865616433643638643137306535
63313632366565366464386233633665303164343166363338623732613636373866306266386566
32343139363861323035366164376138643038383666623363643138633538333766353463643034
32643233663832303430616266386164363432373236643938616438636432653362396338636436
39363536353462376431363131363764633132663763623061306535653361373833656538633433
36313461393861343536353765396633313162663362333264336234363630613131613131303532
32303836313665383035643833663034343430333531373935393766353331373538633638386561
65303961326664356261633833363564643935636239653165386463353132633962393932313035
62396137636336396131626536666161613264623936393038323164656664613839383437653363
32663539336565356137616363623137303765333166326362313565656665663335623663656165
65623139376164336465333163346134356236326161323832653538333535353938376262326136
63623938356234613636623865653630663361613132323065663736373533633962313038633165
35653162346366623132643234396436323838303736323939353765623066666264653061636361
36376633356336613431646536343233393265383135326137616533396631643762663361333466
31333765346462616239616366353864386263313030656630633130383436313466383863336264
34393463323362303763383035306436653431323565613437656665333662323333363165353138
63653432313166613663623436383363393462343663626136386237626563333033643032656331
66643838333332616634393262393335623565623231363766316230383834363439613934666161
62313734363063303566646162353030303239313734633561663036326130343137613366636338
66333439653634666134643632396239636236666632636166323630303363383966656535313339
35383335363162646139636664313265326337383466613863316133303033393639633333373935
64613665613934343931646630323234316661343634623566316461353233326633396232663439
30306661383434666539633939373234333762323566343632366237663539636161366632663030
61653437643264613938613431383162646634306338356238363537346166333236626139343161
34393336313133666261636639353135396364323536326263653361613162323539613664303433
62626366356439333562616537663437613162636661396462313163626334366638386434623631
36356432663436346364373665373037353963346164353962313563323265323337303366356666
66336264393735386266306538643565386337313336326665643638346633316566323166656130
34613136663230323935366164363636633462666236366632653864643434646138316534303961
32323931636262646531616437396463633362376335636634333138323064323832383937643531
38386366383861383734303938393739653638383164326364376438363337396237383232316435
30653834303031643464396630656131646234643139663739383836396231353832393361323231
36386532653739393563663862343132383530383365343233663936383031653262666134306465
62303262303736663432633962636136616336633235353534383835373836386162313062353364
39666265306138333136313236363530616432636430346531373065323365613964316161366639
37646535333233336131613338376239663630633434636561653238323036653438333966356362
37623135623630323164636135373839356235383234356630376634376265343863313465636262
66643162386231313232336438393634646438663037653736633566656435303530353962396266
31333731323565633264643033353166613764323331633030323361623231653231633337666563
35653135616366393537656361653438653961643238376262623463653733383432313536363037
36306135343263623433646632653362323334376165356134333831623363346134306139636131
39633439313361336638376661636239386165306635393231393435383361653237653734633931
36656461623830663262306265306337663431383838353362366666626338626239393338343164
39323638366333303562653038343930373561333562303066653439663335303934633230316531
38356264646535613763653736383762303731393161656630313861393339613861663164616132
32353364316363356263343234396361306432343362363463623436333861316330313138346438
62333431316165663637633966393937626236646466376661613932653466313261663036636436
66653436633536376463313536323535613938343932393838623930373430393366633763343135
61353636333066643936333235626338386266333234383639366530346262363139663031353565
38643536616437303566313435366666646461326561333666366238313163303339646661383831
31363165616539376635316430366465326530343662373165623935373934393233646338376363
34353065616230356666666432626462393864636161373963633661306139373838366161373435
62353732613239643063646661363635613738363865626330363235363039626637343738386339
39333164663639373436313238313535303266323266343233633138653832316635353030323032
37616164656531626461313235653430373235323537306364313538383931613162636138303165
37326637613665326162616531343132386164383534656361643832363536303630353966366633
36366432316366306331633161396664376630326636323965353330646565343562613338626630
38303363383333386164663561393039366666613063346333356261363432323835616437366166
30343335373464626265396137383364353630636464646366346264363836386530306535346637
62626539323631663939633365313161623965653332343039303363356635383237626338386665
31326565363531386335326466623065623861646236626435323161306534643235346635383832
62313233373539653161303838393033636433363133343262363766623764646532356439366238
64343230336539363865336236323933323932303466393535363039366262643362666364353231
31306131393639366166303236306263626236656465323731343034366437393832663234313065
66316665363964613066373665626562616334383338626437643065346539346636616266353363
37333934616566653466393465633361613562363238303063343465316164613433376130613936
39306162386365343438633265653032323566386461616566343366303935373633616431643533
30646639613263626531616133636264323665313330616235316438313232353365363136393763
39343738396662333837373438346465316237643934633437313534303835373231396439353138
35383631646338323438356166363965616332356436326561353832383265373936646636633861
63306335643363666530353333376330396663653564633930613062396463343331323034346639
64376532306235616434623634396639353166623435383739396236303964663164333562616331
33306636623934333231643635666533303261303730313766323835663565623261316363653837
35663063316163653964626464353434356263326264303164333661373738323364386366643265
31356332376334656237616637643639363365653064343738306264616239623437303665323932
63306630363938383830333463663863333438633937353231313130346662333731326563383535
62646235643864303132353538313161386431323430646162653835353334656631623631383663
36643734353835613936363432303436306561323933386466373131346139396239386565303837
31653364306663373636633732386265653338353036313339613062333834623933326663653833
64623134396462626366353833363761623831353734386334663635643533636237326331643731
65663635666463303032386135326639313032316562656435303032323636353533313866333436
39633236653235333937653862363234636333346665323066626532616466396439306436346138
30663164363937313833643163383837646232653735353264393965626266353237316364366631
61326135343335623136663931303636633038623837613532353564386537323864316265656561
64636333333636396564393338623832636236643465336635633937363532653663626366303334
65613264373132393864333535356536373437623064383066303634653962616563353638376231
32376535363934306363633930326135306533653761656431316664383135356136323666373734
63316534373636653665323066363537636263653966303139623162313266323034343061353166
34336564633337366665376561653664363234313439386232306330366630333465303433613361
37663865653135626636303437386461383063623265633931363735373762653030666664323031
61306530663938623836393330656264616466643263323134323864666563373731396439613134
35303938666338383639303535386232346564306562666437316534373866343461383765383666
39393562346566646130353861396564633238653335653065663861343939393362373632373434
36383936313865613937666161616139313231656565356666633066616237653034363831313863
34306462343363623833663162656131386234353663383262636139333233636266363466373065
32623263656236623961616138306661363639303735333931353538386439616531373434656261
39613162636134613635353862666439393630636539623836303030346230653136613165616565
63363964633837643933396136656461666464636430633935323337613933636431356232373534
39386333336132653363373233646331666338313739626637373739393235396662366664336232
66653037306365323566376335396265373562353835306439316266613034393232363537306639
37616131633937313430343562646261313638393532366565656561643337333364613938336537
66623437633835666639623866376561303132393832333866356234363737303735636639626333
65633662326639323461373837373366333939356336353765306662353139623432663536333136
33343361666164343039343564323234356536383435376238373432343063643731303834633133
64343863653862363565393232346237373964636333373637653134346665363530623339363361
31353362633231313931306435333038356463396134633033383466663962373133636431343661
30623532316233363564343235656531303634386165343263323630306361323566636333366430
30363434663031393039303663656262363530306161646233393963353639643737656162366232
36656334613134376132396432366266323763333831346331633337663461373663613161373239
36613665343730326632313265613335656565386264633537333462356336373633326139363463
62636439633666366231666362626639653666623563303930626332303063616334306632396565
61393433656662623335656534313235643930363634353064623539356561623463663463656363
64656565636533376162663465353134323237646438326534393662613663393866383534656166
37326338666137363361633963343937326430616533636661343532303831623330356261386361
63353833653831323136636565323663353334386634663435333363313766333164363666316164
37613030346661643165393139373764376337626531313461373831626233326462383637656230
66373335643739383064306362366234613261393833373636643539386635393163333739323366
39323432383263396266303533306432366166643762613665653735323761333534623938656562
61623164613261343133353664653333613936643865333465613764633033653237623763326232
31303334383534656466366164363833663132653963613261633539303461663538363063366133
33346461383031663666356162363531653834336336643130623862653163376339613632376332
31613833333336333165343830656339356165356130383532333333646236663637633861663036
63303130333135396633383565333135383332623062613034326464336437366133633237653133
64356135613762353838376237663737353166313031633338613632306466623631636330303932
34336663316231623265613237643364326464306365393736333964303036633564363566303466
35323639343265623866333439613138643565306636623565653634336638663135383261643862
31653337623236616236323638613835646533356263623039363965663063623238643361626366
64343433303935326230343664613031633939303862653533643262343030656630613234616563
35623137396134643538386265383138653534616337333433333965353463653163396238353164
39643538653433663539623530616166623265313865613439653136333337343335313736396464
61373962386532623564363461333232643430336631306637376139343136313566393439336235
32316535383630386539393534386235653737663266303936616262383663383035643865363134
66376662316136656462373664663334346339323536386336306633313232396230636332656432
33323433346335373662376334353538633731343361616637396561636136663261323635623734
65353066323034663931356663623832333230306161653733393932613937336532326162353533
36653232383162396636316537613261646531656633363866326637386631313266363632643862
38353637663962616564373163663865306332303434343664633565323961656164616361386331
61386365623362396332373135383932353230396563613435366339613166626537323063633862
38336132653965376230633732363464353237646530336136663061326634363434613163303335
32336666383562313662316639306665356663316363316232343462356334386339636639313937
65323564643136323235663536316264343761356335363537666138373465323333343263373562
37363330323965623862356437396330653730346437646536383333303633303438646633303037
66653763383835353930636338626132626263643564313361313461356334653430336565653137
31633737396136343862323464376536323164353964333235376436343339313531383164313363
33623130373935373233653536326138316638626564393164646365396364393562663732653738
65613238663565363232336439633339383531663730646434393061343762363363333730646330
65346564646430373938346266626333333835613665633739613831623166643864623364666163
38346432633062353430303832383565623931316631623862313833316135346130366261346237
65346237666438386437306663383337386633343038613133653635356366336335306431376431
38336136346535386164393031353963636536623666306463653731626636653733336535373933
33396161353630656434373264633236353063373132356566626664356130393962663033363030
36663433356230363634343064633535356234633463383937326462613435303335626133313364
30336530663863653865666434356536656530663238356534363431666266313033336637386264
66633531393665353538633563353564383333643332633034633631643763383330383032333762
63643934623434323464313932666263353431626664313834336334323065653063613938393237
65633232393635323335316433376134373637303837353831613132656164373439346363643934
64623635393330313830316235306561316265333335316133333266666239373565323466396535
38323732623236303134613733383764663166323362353737343834303237646362356632653034
63363838653235363361383931326161343434646361373131643662323534313866393537373330
35306466356361373532646663626536306135383934656439653937343632376361363730303864
37653239636666363161613665393231386264663064336661643836653666333161633039343835
33316238323963663165363035643862646666653333386664646535633963653338323830633937
64306463656566623665623432373865396562613438373137353462326434666333336638376631
65313662623365653431336235626435653764633233376561303635393861633033393261306237
38336337663539636665353564396661666137613661333463336536303532306563303765303030
64666435646531356366656533633537313036613666663533313166643664383533356637613336
33646466386537653339393162343463613234393039366334656432353636633830636561393433
64323662383366383631393535663532363234663133313838616535663038636564303264363462
62346365303939366233313938346530333864333265313161633437396362646263363936613766
30613032306133326138323536316633633433373562376564386439323537656335316631313533
32643531386135346562323364313263363936343435643566366266313466326133383861333363
38383964313337313932633061323665356564336337343162376535373835316631306534316561
38306635393333613735323639383936323162383630623339366266336230643937633165313136
36323862396435636565303361663661653533333761396539646438346463613961383065383332
61393262616165646564636234663436393832336235323135366466353164393033656536323434
31376165653533376263306466646663326637343231643163633665663632383533343664633131
65346235303635396538353565353930643530306633616161313761303363363837646331623263
35333735623032313861366561653762356637316230653565343338306139653830313266313530
66346530663834663838346532396238623865623031633862323762643264633334663863346537
30336461333334653866303166366565346364303431353133646462663439666362336236626666
61353132373161356662343338623733303866393666623638323264386432353832636337653132
61623762396564353339336532346164383731643831366130326633333462353033323765646539
64383637376461373832353236616461613838616430663333316162653339623735396662356436
36343865623663396330383534373036373135643337386633323363643531376137343033633639
36343834353661623866306566383264633335306165616437643461643137343137666436346431
35373831346139663132393331363934306665636437343335663063636539623663323030663236
66313764366566303939636232636636396161613562653563623430363962313032316663633239
38383364363230383965306463336434643865383432336534343036633938386365656130646238
37383634343965336630636261336665663232336130303033306164656230343934303465663862
32643861326365376436323634633335356432363732333135613066386466396263666464326634
33643862343534366534373362386535336333353366396566623634373861323462663932623062
61393039306637353337313036366362353033643736663732363030333731643133613636306530
65396662363833336431616238656665303330623666653137376462336361383362326537326463
66323261636361316238323436353434643931373830393233386663366232663235636239383163
36666666666663643835316361636634643164313338393861303038643131613461386234343130
36626431666132643761373939663939386331333133326365376139316162653232353265343836
39616132316663396465376534633166363839656165376637316261396235356338383964643735
33303036666633653035323165333139386336333339393761343939636163623863626266313134
32303761653630623331633165323961633335303363346336393932303762396463626333376635
33336434656137646434663232616165646134666634663936353663626362623166613034343232
62346261653861373435336235663833383831343634386465396261373830623663393431346637
66616633646638336331343466653730313662326132653339303634323335333634626336373533
37356165303135306333613361366430613464666331613261333437383638653763333061303532
39336663333936303637333562656663373366646238326134303232616436626261316437316237
66626430373538396165396462353465363939343938343461626239633564343962323436326139
35323765303333336533316533633631303663363163316235313534343030386336336536353536
32643064333636386661373237393030626132306531363738626263363535316265626563646164
31623338633666333962363032313730323439363462306130666539616538646466343531303336
39643238326238613438636138643664396134323233346538313334613930366163366436353664
61313132653066363965393564333038646661323933626232626430646336613831306637626633
66333263643865323432613130616664323130366534616131663461346432393561656366346334
66663162326337373932336432663764623666373366646563353034616338653330376137623363
37393938663631656130653237353630363565626362356666373365386364633534643738303830
66643864623934303139343265666366306534643139383365643034613936313330383465346666
30353235383464623166616563633462396434653730646533303638623034383430623033616166
66623032396134656563663338333436613364656536346334636135643061326239326233623538
32656363313938393133346264323463623337656435316265616462356661626532383939353437
36653165613835366164383830393465373132383763383965643238353537646661386337303034
33373362306663343264663633323036306666356132316465633238353033633937653739613136
36653131653732396466666162666430383037623663326131366266623164303462663664336132
63376337393037376166333861656662353237346261306336643336353939646535653739383564
65356336663836393936633338306162326632353066306331666661393565363537636337633466
61383738316638366162356538663035623033366234636334646561376538356137313838643033
36386365343535303834383766643139343432383762363637383230373738366137663239636266
62316238336133616362383961383530383662663061393364613136613463363636663834323463
32396338396162383466323035653665323332616461383263663631356361383161613764656331
34303930653834343763623561353334323539666138653739666635343634616465333037323333
33333131383030626464356338623862643731306135306339633266383332393334636131353836
34653564613566363537373730616132306632663265636661653063343639626131393964373935
39616132653235393362376363653362303931646237613263306230623638613236633030626663
35346561643262396637306631343134313131376631376431363939343736333465663466666535
61343033316438323631336133396532376662623430653262333335356337353636633338373830
33303161666362333766346534653261303939316333633166616130626636626532623039346130
36373263356665653030396433386435366635613962376331316139366236336634333466383134
34646135626466363466386165373837313637396433633165633664333930376664396563393563
36623561633333633831343831616235373064633837633663626334316131653165353237313639
65656363646532666439623533363435623832623638363533343239653163626664373730653333
31323439336163633732323764653138333530363163303234373139656131373832656265316532
63656662313363666466353966386534316664396438633362633937613534666434633733366361
62316536343232656632326362626139386439333365353038616539363766306132653931323663
34306230343530633939333632376630356163333037393133356466326439643565363665653735
66303065306133336264306338356434646166346536633835393662623733613765343437656637
31636663376533653039363233653663326663313038353536313536653234343263343135643036
32316331626139323266613439336266643536646630313238333834323231326664316435336664
64653262363038613131623532323866623334653966376633663735356533633833346537326438
38623561623261383538633734373764303563343639643336626337323833633833353865653661
37633836346334373031646339666565306263613632346165616635643635356362613364666564
34626233303436383932383639396434653635343933663136323138666634323062646232663863
32646433333932616362636632616534336336333466633262343537613335353231363865303161
39373766343564623234366232636661613761316265346639613361303566336664393064393165
36353762623737303330353835326534333766643639333433313166386438373232393363356439
65336464356362343231356637366632356136336235383062666139363836376633336336626665
33366337616366613238383433353361633362366639386631626533363564306430623031363330
66646363633366356561306666373338393934656162616630333935376237353262386330383735
62373138373566613331323838373735343032363461343462333130373834656439353265323834
38373031653762353634666334306165356639386431623265393361303666323761663336636234
31356232356564373931646362306430656162663236323937303839393266633035373832363462
39666431383234343139303731303737383338653462616465386161356564613730333239616466
64396334613838656430376261656136303736326538636436313038306566643637363332393366
33323663316238323662373836336339373931373836663865326261646166333533343031376165
66383164396161386662333239383931353738313361396637616337323336643334616334366462
63653165336638643134346435643561303030623435636236376161356433313736313836303135
34626633663565316166303264353131333163306435643037316633613731306239623130616132
36346633666538326633316531383537343130353339626231663730643439386337353431393037
65656466323039653862336633653961636132326633353061306361356466646663356661343131
35326435333832633335623761626534666134333730383265326261643833353438373131366235
38396530623334366431323232333030356161633032333635613561333038383837643961376561
35643434363765623662393530643163343338346562333735313766666531656365353337326639
35383837616139626337353332333837373764333666653334353363393939666638323235306563
33366139326231366164663866613734653038373033366432633931613737323333616134623637
64626439303865366237373136353666653532303565633163646539666235343638333965386662
36343037613434663139386633613838383139376266396664346130616138383330303533353766
66643439313063653239303565383436386263633865666534636630663762376336316266343036
31373631366130326433313265333634306330633131313936633531376666396161633330393266
34656662643337313739613237326138613861306633643337386565323735303333663965623933
65343639633333633665666636663463336433383330363565363866336434613833333865313830
39356138386232303335363431633230613631353866623365663637376163373961613134343334
38313831616632396335663961363362653030663232363564643731303438666333663966316339
65353663393535623165353439643931306538623934323030333636303561343031353064656135
61613630643564313638613935643632363262616233326663323961666239383331613133376235
39663561363864656630643162333136626131353862353530353839313639653336393937616139
31386232633438626532656337326133613435393966616334396632656636646539363435653465
31633234653065326234316531306563346137313639636633393462306462323432623766313632
62366139613639343836393163303930613632313933333265336537353661333538343234653137
66396531663034623266643831363338383264336262393135396464666536356232353836356235
34653334616561636635373862343730636634636466386439376132623737366137326365636131
64376564653535346664376135653765383965303537653664366332656662353532336166643261
36336633323766343665373439613230323263656537616164386138343038333136353930623930
37633462653738323961376633303637653537363832316637323361346162626563623862646234
64623832633936633432306163653532643133333430613130366633333465393633613831386235
38366363356133343138326463626236613238333361356662633838343331623930373163386339
34663365646430353138336635626639613564303462323234393266613164663662303864376439
34396263383135383563336564306235343331383563623538353131663161353663366136643437
30613162373066353236386538616262396133643564393834346431623730656133316530626132
31666135316337653862383533333161636336303565316130393133346261653965343563613135
62613235313634323534333636663066393830613761373830323036656239353330343963346138
35373436653832646130333166636230303738383133653763343830386563316634343135393064
39663239363163643439323131646134393561336565306261313532613438663864373934343434
61376132323538336333386465316233626532313032633535313831303461313766313438613263
35653637393161383563336134633133356137643762366631636366356537366265323039303862
32653263306537636631353132316231303462303337656632383639633637626138666234656430
31343663383964393936633730616232633330343233626636373561326564393764333135316531
33323538323462363936373830613432313437303133326565633030653163386536666361363335
35366661313735386437303761613961663634373431663064323437633538396366346434656632
37396665636261376161366530373563396263613430303933616365623839396631346434323765
63356337663862383364386434323931386363623136366337343438316333326631376530386437
62336434616365316461623564393463326131636466626163323733326538323531343231303035
34616364393834623139393563376233353038623934646337643631383438623063643864353331
33646630353431323066633763653239363662373765636132336638303733336564666566346637
31376366626237326432346164633866326335386365326532643261313531333337666163623430
62663265373231323737633364616237316135666664356365376337623764353165353263346561
34613630313865633432613133623266613266653366616530316535316561623930376465653737
64363832336135363935376365366663323864636665343238373835313835376162623035386438
38336238336463633037656534323636323261383863343530333339363039333166386361333037
38323938623262623136306265333135643362656561386137356138393534613931353237323266
61646535613635303133623163646533323365636332643966323932366438623937336362653637
31383236373866323038373566643832646133396462623235356530386533613439623438636637
62383535366435616362633765376634323266613263663233303734616330363331313065396132
61393462393236656632306430326335393063326362646335623037623133623165386339646533
35353835636439306235626338646666343632383464386466613036383034363234626666336661
32363161303966393734333466666137643335646439383135313037643237643364333933343631
62623736646663326432303362373764643733663337623661653566633565333939333232636433
34323339623665346163323839333431383232636333646136336663366666396564323835646465
62643034623862383634343561336330393362383136343837633631363632393232666263373735
38333265356365393366393836356131306362626433303632393532376666633464653963306262
34343730303636656662363135373965623034393134613365336430303231643833333539316535
66313564356537616138333538343566393130663631323566363163323231663063303266393363
30313962616466323536353864616633386132326438623965633639613064396334643963353332
35643532336135386165303066343366666564663062323231663139393365653966393931393936
38363062636138303331306237323639613730396265346464643631653866656434363066313035
34373430363037303734346562663631316562326161393837316161623561313432613830386461
35643839623663303633356165646530663031663062326662643632616564633839313031393438
30613966353634323438646663396661343964353137323432666431343966303538613535373465
34656530383137353830343863313034366632626563656538643537626162336531373562306566
34336630306134636538393935303065643134376164343535336537626664616134303737306230
39393236363138303035383032343963376232356665346430356538636630343965666130656464
35666465633766623462303934636261313563666163366331636332333765353633343532346263
66343635633630393737663330636435353163633932386237613932613730626666383733636238
39333333346663613335336664303666633364393634306564366634616462353136386531656431
30666466326634353938383362383161623538336434333064633037643461646461623238313034
39326139353366316630366637653965333839643938343934356561613066623332306335373233
62306139333262653935616361666137663139663530353236653863313263303564316636316336
62383764316264353261323066323764303335323439386637316430613437613338393938313763
31303366373535383630313338393133356635366335373632306234346530663362356636343563
34356535356561303239303933303439646239613261366533666136326331336164373032656530
32643066323162373666306661373733313239663861383666643364376264623933303433633334
61316431653033303330323636366135316230343561323562396238666666323830346434313461
66396461343465366232666166353836363039396136636438343033633461373966613662323437
61353166343631646466333264343330336266386466643837633238306135313635353931663130
61386538343062336566373262343131646466633438636262633431363464646333623934646138
31653762636534613034323030663832356632656164323835663633653665666434363638646533
37363261386438326538353362353261663430626632643833633039386663613230303661333930
63356530653839656463656266373133373739333836333830646639656436343637653966313764
65353335666238373335316365353630636630633231646534323762346137353866303038626265
65353233373062383739343532353263346163343439326262636133396431303565306564366236
61636432356561646465343765356534393132363139343665313234303565343836323766346137
34383338323430653538326262616531363133643533333431303064383062393263323365373435
37343362633033343639613464363766346539626261383734626633363034366638653437353562
65376530653665313834613133303163656564633037373738353437626130663966353433333531
33663661663739313564353565323965653062666564616564656362346561346632353333383163
63303637653962313565333935356233353538353664613964353435613033333666643563626435
61393436646337363262656535313365353332373531633261656138663164393433666335653531
31333262313535383330383464646538353639383161613462346265653936393032636535383237
35633439393964303565666430376565666532313936653063616661313339626561643431656265
65636534333237643834623330653037363031386362346639666235373233386138626133336330
62313761643663613366356664333564386335376266353832343139643539663934633135326566
34303365623737386363343366376233366465366365623465373539306430656431326332663330
36633364633463343662626434643166613338376438383261633464336139626663376632633033
33633639376335383035393963316161323461616230303632383431396233636261666639656132
65306235303038643235666336353437383338353262333030626530383961386438336162343533
38396533343730643738383063656262373039636338653930663938383063623566393661323338
61333430343335363965663534303064646436656565336530346330306131663934306466303234
32383361363063323766646363636138343933373834653665653833656461656235333566653339
62393164623035643530653338326638653630306339636637346364636266626336613563623364
39336134313562623035303039303862623234633961636563663230663336363733333731326634
34356261343532376162313333636131316138626234363762363233353331316163343266633835
30666237613332326362373639363139366161333830663666626564653666656262643164393535
61653062303036383636333836316435393536343936643638373431663038646137616437643536
30613834313233643166303738343434373031336132373238383737306135386633646462636435
39376633393638623233383739386264333338363166663939633765643761303864316138373661
37306562636231623265633235373362313539663231353764643761646564363437636338303766
64316538616538663639373063623331343065626362366434353566306235393236613563663830
39663231646665303939343538353237333133623530383433656131353965366336346262656564
61323334363065396231656465393863303164373361643965323130353161323231646561343733
39646436623365393832386430366531653236613231663562353635316233326566623932386565
37343336633966643436663333623366663666613034643838636665376365393765323661653934
63323333633362393366393331623037633663653936303466666334636364396265626366623464
34303135663539333035646431616131313363333039663966643864666335303034373964663234
66616534393434333536363064643266633836653139393634323439383336393538646364643862
39636336633364393566326539353262323032646365363338636338323165376437313530643533
39376130383761633935346464343439643431653230663466666436383739643536303932333666
37653336623832393738346363383063323766653437626530363335666465313263366563623230
37666465383564613266336337366535353638373138646435373866383335326466653063636263
36323566393664643334303138623637663339323337396333653434613361306436353732363534
32326162373435343763326239653864623332356166386531316230333538376539646639316633
62616463386165313938643731303338376364623930393436363565353766663533333464653331
33386631323533636530666336356561383036316661396438636462653830666266313434316631
37643065643162623331383937396164383333616432336338663337383232373237333531353564
31646661366339346365633261326264636361373065383866326435643538356535396134393561
66653332376634323733373538313762343535616533653166333134326234306439336336626132
34356234623132306135366162663065333635303066396564336431366365613536323331643564
31613736366431306133616366316230303034313730643062663039343434343435336239323231
61386434313161303137356662383139353338656134623237663064313164666238663634326432
66323063316530616230353133643736656364306632633262653361663665376635653139323934
31393936643237353338396139663263393730373236316364383732636165366362623736306361
39383237363233356432653766663064366538366364633734353766653735383262343335373961
32333562346534656532393961393936653634333430333333626430616237303033353835353532
33376665396539326263313739356666653931313536346635303231626137346337636666633363
31363230383033626361303630333933353735633130633137643161363837613136393532383738
34383466393230663132303839343639323735393961386166643531626536616163646134323531
64393631643132346230353365356539363835326130326166383938336566396338323964383261
65303539646666346332623931643536346365356235386436336466346437613832326663366662
63346531336538313831646530636536306336666138333866383564636162386534613834353065
62656631373032396530633461303361306436613432313335356461323461363031343034396535
65633965353466323138613739663665343266366637393466316236653161366539313134643462
38303266653761343032633835323535626434396536383366633634356166613265613833383266
35373237663764373330343839306437313936336164353562333638303863343762313633336634
63613636353264373638366538363363633533313032613131366630373630333161333663636361
37666435346233623932316538356339363939346337663666306634336136303735333061363130
64313933323430393861663839303662326632346364326130353066393339363234306230663833
36376338623034353032643661666338366664306264666663333633393463376539393464353566
39616630633134306563636435653561336163663662626334643338303534383932613036333836
31323765313163356232333832316130656465396434326130633135646364336562383539333730
66333439663233363430356461323235353339663739306161363161373331333731316534373961
66643033383939623139323065303864653735333132663833356638393962333731373661396634
31643438373039613030626139393161643538633831383664326137616262663835616139613137
61623133316234656639613661363763653662303937366566616133363133303537646464383165
66643130386331616662303637303534323362356266363564306234383831346562626333366363
65626336613331663137363634396635613138343639613138623863646162383239316630353434
32336666353833376461353431653165643562663931616431643632366439626566356261313937
39356336623334383531333539643065613336353464633630396131616266613863383831353866
38636236623831313539616634363665643663656565343838653362373030333963396331383061
61363563633861653738373865656236333936373032616435393133363536636363323137643030
32393932363939663233643037376339653663303666643238316435373163636566386263333033
61336364633163366465653564653963666334326431353638323638616135323136316236316562
32623532333639393865366539346235393031373661653436636666656432336430333562313636
30663039636434633065346166343730643931376537313966663532313462613335386366653134
61653639633837336662376631633437353835393330336632343139376330646237613335376435
61383437313334383438663733663037643734313533663432663564633032363234343533303632
34326131616564656262363465353836303231613663343161653233386331383064356466376162
34643530316334633364346361633832643866333138323135393265636332323961636164663538
62353336663262366535353735333163303938313061386635633137656165663932636538633464
33346661656634303532326237653933313964633566303762373835356166346532343366353965
36636665646536333230396263313563333261366635333839613630386465333765323737613261
32626261373933653838333931666337363536613261333766326534373535393331373739643233
34386462366466366362313964313565316132356432613839633335363339316635326561356231
64636132323635333938326461326164343532356139656635616664343030363566623537343563
35653232303737356266386162343330353963633166383536313564663964643861343339303761
32396162656435326333363562663539326234323063336335323863353431326334646238613065
36613166303936303531383962623337656132373261393134626666343062633561373266643235
38346637376461346632336361383066656237643239376464376436333161656633393365376139
32306338393533323632633465373331393966316438313835313331366566623133386261353762
62353535613839613833633966656439306635303637346664636561643866636162346638336239
63333161373663383865303437376662623436643236396237373139343161356662363535316434
33633266363533303938343737623536643236653931636332643865613237666238656663623265
64613561633466633966666432663033396361376364386433643838333030663736646333323835
35313532326639623438656634333732616136316435376231336230666536373633363164653839
63366636663532346230333437313437323661373066336635353064393631653562626563303232
30373731316561643633376361626662363437343439616636366362633161373763623834373661
30633632373365306538643663623532663437653865343931326661663732326532643531373039
62333736386539343863376637646265666563306465386165636163346539393465306364653631
38633432366364336530616434303633376139623961663334336366643930386264333931626561
30333035613936366464323961323566616134396161366232363362393839366663396430396466
66396236373738343837333664633066353036333233313565646234303336616335333335386239
35393738353533386465373632353830633035626362356230653832386365623338386561646332
63346633373633666335353033393932316532383062633632623265306262316462623465653436
32343562623431663235343765363861386137653664666165643332373031616362626532333330
62376364373132396332393935656235376461363566626361396663383636613261353433626161
38646534623065656662663362616262643264346262396333653031323165306531613036623963
61313362383761633731376530353562313539653133333232336463646338323334303665333539
34383162663132343931643936636633653135356363376561356637353563623930633339373365
65643134643432653561303663323237393038323133313637376634656638663834356664333337
39303266396463373337323762666630313462333637373965316163366366636236653162393665
38353532333936343934666635646134393566326534646334333030363137343165366265623731
32393466333936366230633664653464363662333164303661306131376338323862333835353863
33336536313931383938343563373830333235376664636534393931316334623335633761396563
66346231653164656461653734306333663736633365393733336363363131363266656330613432
32313233663566376362646330396265383631303630303830323833623330613362636135313834
66393834393861643531383536353633326461326664396266356238623463666231303835343134
35663634353239663035353163393630373164333037636132663937383136383132616330626336
66336139656630643239323232616338643233626262643961363761353732623330303265356436
37343065376239366662376439613038373364653263396133343362346236663765646132613565
62616562626539356161396636316264616662396530656162396131643334366362623038646361
36353630646132353535633032346131666536363230313563643965383031366163643038643466
32626439353735313432346565363436393832363035313937366531363631626334643139396236
66636239623133323966363036343033646661323362643538326233643463326261313130376333
37306437653433613736633636356638643630666138366362336330656662373137386634323038
64353633376264336232313566353666613962306434393431306231663361353836663732373163
37626239643331376530366362386333326435663135383237636561646436343866306534333961
66383464396435663964346435323734353165343562313537393863616664363363303263393032
30393336656130303635353832363033643962313430343830303535306633373538626631323638
39643237363735373330326331396531373633383361303263656265313035353561643430623937
33613262656636363430643963343332373538376335386537656232333063623338363863396662
35636662313036666234386338326664343466323035666431626131323531383238313031306464
37306134316231383364373932663234333133393163393563366136626362663336336261383430
30633261656439396333656263623232343439656532316666363237313065353261636465383864
32343335316334626564356230666435663365643864333237316564386231613961663462316632
34333933633663353462376438643866346533633866376336303462613234383630636330636439
31346235313961363139646334663833663763303464393033666162353236353361386565646533
66393437636666363962313133646566316563313266316130633063363532646565373365386335
32376630623738376132326162653738616366626533393965653737376566626366313735646636
63336463376132303233363264373539363361373632323039386634393064633136356663303239
63613535373162666334326565306363393364313232393032383234366561653963393664316462
33613139373232663566376538343263643463343733383962353531343665326662653530663063
32643031323835316466336230316234643339313634386364316630333435376338343465633865
31616539383466353261346137376132633564383765313936333531346462356432623637323035
34613261623636636438343830643930623235326435323639313865663966393731313532623037
35336164636639356139343332356130623234356535653131636430626537353135303336336263
30376338643062643262666634346530343963643764653364656164336338353930313864336337
30356338616534396537373065333135393664623330326239353462663461363534326134666536
32616663666465616330383166363661393839656331656264313662363064303265303032373931
63316466636366643833393961316337613665333764636664666233616236303363303832623133
35373663653539303332343565653266323361393866306237306164303238653463376163653433
62393365316139636161636162626666373739343866376364333563653266633932663062303938
62346464636633343762653034323663626463356565313865613333366463366233333462306338
37613936333630633834343036623036303938383261636236333637363232313962316463343562
31353564323833336634363666393137343730383561613261373436363032353763346434346436
63346435343030386566646566343339653464383236383333346139376336343936383630656234
33343833313232336334383930663464626333633934386663343566396539306636363861303862
32306364666133396334313966303536613839626338303532636134653162346365353538623766
33363433636638393164623939333565306166623236306437646466386361383336363833343064
32333138653533366331363262393836306261333739363038326234663966386661326236633164
62306137323334363365373431313632373765383562663035663537313834343965366263363265
62346436366263326631643632366565636137363135323164386535616239306338353364623165
31346466313164666636656634616239623539313032343366393031663564323335643837323538
63616333373039376634636235646430313632623334373734376432653764623833393539376231
35663635663237336235396130376537626233306639316665636138353566333361346433633534
31663630663536366264396130363864326464363965653333613163646232343161313761636437
30633230353736393064303834363630626134656663636566393535356264646463326334393737
33643664663663346462346563623230616434656661623266353732303461666365653361613863
39323363623063386333316164353731633235313664313135363865343331353432633963323138
39313638366438383838323734386237306166303163326434346633346632313163336135333763
64663133386436333962653338633931633266396266373661633961303465343837636264643866
39393230303633393666656330613265303830626330646666363930343166323736636266393238
31373331653930643636306634356262323761383136653065326464613763393934366537646163
35343663343739376565316265356561306364336135666632303237383336653039643834366363
33646236626335346230326438353635353337336638306330333938313563623163343239626435
32623663643362623833393866343839623366643234343264336365316664373531363465383563
63346665353734353837613338666663393862363864363661663731336433633033613538663862
36653333633735343634323366363431343261613264303833303463643666613133346165373337
39633833336431646537383237356535353537656262643134393935383766386466353237643938
32646239323636353766663535393632623366396333353233366464613663303631363966653338
66653430373532633031373165393962656431663066316137373938613264333565336264333630
64333233356563656630306364316661323134346132663935646136336365643765336665663937
63336562356363303235323965393031383335333931326530306439376266396662396331313037
30316635313330383137376165303136653561623434383364643762333662313433386665376564
30386432333966616233396335366637383938646464666162373361653838383261336639326166
65316234353739613766313865336662396238353434396135653761343133643932633736636365
30373339666465393938316331663164633938626139663133303435643535663361356232383661
31306161373435396461653733633037643635653330373163303966643562373034313130643137
66663431373035363837343130386435636635353231326537373139386461356339346466363734
37643038633063353835636538366361396638663437623339353638373266303665356237353936
37663862303932356265656531346239323065613534363736353539353539316235663632663136
62306632643461333163386638613138323634383134663133363964383238393533343530323663
66366265636337623239333731306435633463323738656465383232323537663232643130386563
38326561646438663066343365663962366535366165313566326437323038643664336464643763
38366432396235396565656562383861393332366463643839636466656134346331343738316230
62613465613761663261373434636631613430396636636462313137323733393939346362353139
66393166326366373739646236366537636263663066383863353461663166303137653965303932
64363337633837666434386565306266343839303335353964333361333663353638376663616366
35383832313038646363396537393764363865323065333032383166366432393864393531393263
32613162663038323739633233356265363534633462646161646265313837373732396263386564
61383039383131623163323037666533313164626530623233616662343534643934373663613533
64343863313736373831373335323034363637316538366161666162393039353734633734656134
37383034393532316566343164616131306535613935343937323963346134303961383738336132
62383166336239393731623262636564326238383565663330343234646338376633303536303161
65353936623635623661346339623539353563323932353734323861343166313465333661366632
30316235353962326335633339663661373137396538663664323937313838353633373766366139
31393636373061633931383163636637383935316264386361663732333939636536336466363539
66663963643031643531363737313239343762376166663761363734613534313837383361363435
34316161383838333934363565313763653563316565636336663164376130383062346438323837
36386631383238626231616364626464306631343064353935313338626135656266373766623433
31336165376662666431343635393933386262316661346334646431653239393635326164333065
34353562336330373435653437663737343333633662613563353566373136643739343536363137
62336431313936333064623166646462303764626237323931393136646461613632343134613935
32653861383135663166333533653431666363626530343035343332313365653664656665393937
30343466643663396164363836306264353865366632626130323136316463313634386636613430
66376333643335613835366639353337333132303331393331613764343663323330306165633331
34393666363865616335373839383162326466386532393861636164306239393838663063313263
63653163353232626631646331646463396364643231353961366230613839323161323764316536
31366630373635376566373463666263616234653363343039306665383638373536316136323866
62396363316135356661623030303832643135633136623433333933393061303164636635623465
35313262346565633065306430313461373962633937353638653434636133653339666463306562
30613731353434373764656666346137633165306631616431393831643062666164636165613063
63633366393062653034363966353564353961636435393833383430346130626163656261663333
64316438333830626464363330613661663361323364626262303338383336363330613363323861
33643139363033613836316466386536626165623365623861353133346334393830356231376334
35646138636530393237333265356137303537313334653935633931646463323164623463356635
62323734373239303630666331316330353765346465353831303762653531333432396439666464
65306332373136626535373465333436363461653535313739396364643830316232376338623832
32316432666430356264633638373230303863616264643561616161306431363935393433633833
63373064366563333831613339383539343239643932313838653531613361326630613133343739
39353962386332313461623063313030386466333663613635663566363734336639383462613464
37613735613437363164633664623266663436316635646237633263363761393961626535653238
61653766323165656237353139656466396163343835646562343964386564336236383238353262
38653233613230303532363636613936346137653437613834646464623138633333623430303833
66313261633463346333393230356230656138376330633062663839333137333365643435633433
36343634626137383835396331663030326439626239396463363130626162656236633066633663
33343837373961366538356366333961343539633730383864663136363465653831386432303564
62623236643933343562313238333761653432396464356236343532623430623131343330626134
33343231383065313835306365383232643561303366633132396662346533663932636165316238
36663332316238623539656238653630646232383739326665333734633365383363396130383262
64323762616537643436646330373639643631323563613536663331303336343463373061613338
66646437316234363066633730343064316164396537613961653066663936626265393932363235
62376663323962356265376433326339636530633162666465346432383838643631333135343038
31616662383666393837356534353939643034343837623064616535313432386565643533303235
62633963366630653631646334353437386238656166656238653663353065626664303238633830
39666634326262393166316130626163333634306130373136663464393131336535666437623466
63613334303331653364636632313061316561663632333363626263616366366335383033646235
63616534376462316431393834373837386266306664663462386432653664653263313231666266
61373030356539353561363238326436636661306361336239656233396531316435343234346462
39383834363063653239656633383865623737393965386531613035323762343838323266393264
38376138303334313264366366303364653735653164373465663363366133306366343930623863
65336638333162346332383464373833376138393030353633613666356334353830363966633364
36363837656430303062336363313834346661323832663164383735643361633665386264373362
39393636313439613236383461313933313537303662323131333138643031356232663634663234
65666137393738633063663564353738386537666435386663643361623464383736316166366531
62643532646364383332336433373538366236623733653361353738313736336365633463343562
31326235393163336435373961626461636262396432323839656238326463666639653037666335
65373666386363613339643631323139383264393739336639666333623338646539396439303164
62376532376630666163626535636431646138623866393337306163333734663965613733666635
39663266396337376564333530383131353430326365346438656661623662346564643064653330
33623561333139313735326337376237353630643133333564653564643931353539333436393631
35376366636438336263303764663139623231336531336139653332393531313937313266343464
38616635633138316266396266643961316538353935623562643736656661613431376164663434
31396461633432376266303336333438303332343032653565386635346439396533656535393430
32616333616466376136303731643965323236663161616430656363383662396338633139366236
39303435646334386663363431343534376132396532613438376466373233633966346537646431
33393237623132656236343834346430663664386634373635323163306166663465386535323463
34646462333362373236663638663439343534633837636633323466313235313865326131333336
39393230356635326433643134386164393966383830343333633862653038336133313962343764
64356238356231636665333137353266356432666466306435643866626165303335383431353161
39336230346137646335363533623136393266333861336138396338626538366630656530636531
64373136386531383932653838633261313464363266373633626532316562653933326162353236
34373634363638383661643034303364633938666532336633653632333138613738343235363632
64363434666365333930653766386465626137306637373863376234393862306362393364353933
34343530386166303539633365663533613335386561646639656565386132356439326666316336
31333639336164366262336638326635303863303063396431623938393463623039663930633930
38663966393930663438396135323534316134623839373433306637313165313836373536333735
66353633333132323866643838313837666261306234366632356564306262313630393262613233
36346333363238656363656163386234653939313838376661346362633963313935356336653339
38616138636534313561366361646634333135326536356362376539346638396337306437663636
31643766353534303566626265663165623062363132653862306261396261336364343635626531
31323531396437313536626163316537303735306432376166336233333865323932346239653433
32353934383965316562326136653936363031666633353930323839343762393061653262336230
62663838623631366563656631626666626333616466306539613833363531303033306161393539
31343162613436613538313831353866346564353539613035366130313335336265303036323230
33356238653834303133336430303263656336616162333463343431326334636461666637306234
62376532636666396164383961313735336633363633633130386336303733303932326265623236
30373361353834363565393566356533363766373639643333303463643962363134383832643664
35646539383965353536633262653134633466363461643932643536303165393035313833336165
31643863363834306631366263366432323134313666303435316462383363666364366431316634
30646436326631353133326436356632653435313338633061333630346663626666313435656230
31373735643339303761346137386364333031313036656435663661393531643337623761306437
38326566663934326538333430373731323931353136636631386466383562633665643764616664
62376161626266356230326633636235346436303266333737353461333837333031613633313934
35636338353932333731393566396666623563363661633366356564313137336138623539383536
64303230386431373933316163646333323765363563386636636134666337396662646432303933
33346663326636373736666266326533316639313630363037623731333636366266653066396664
37333666346666323032386132636539346133376337653566663565396531316236323064363461
61623737306465316234666636666637653032363536663331323538643037396262336132333932
38323161653732353564623661343239316133303338303765313039383361363131623630393364
38613638353265396566313533313162353765353862383031643765383734383532323561626162
39623232653662333536323131336262303364326534623938343766636134393064326331633164
32343766346438646164616330626461366337356131343166366162633239383432626161333139
66633435656632313362633830626433616338356338323463313337393462356437666635316333
37396630663665646538333765346535396366303630366233633132633239663765396166656534
34303837663637643230613261346339616364383963613139376139373534356632653537396438
33626665633262353635363635616563666638663833383035636137353839663536373733636236
61653333643535656463393338393533653561343330616638376261623363613934336361613534
31623236383434613139393732643664633234346430346332616135303162623635313133393737
63383032363666376162386139346164396432633439356464663231653666376662303334343339
63333833333963656364343861386534666132643637393034323638633837366236356464313662
30663930326262356436396265623563393966393463366132626165613231393263653132613964
37653539336166336435666663626631626438363333653762643365613862633533646235643332
30626666343533393663353233313964343236663361303736373763373331666633396331366235
38343132393961326535656231303861653666303532303162386336336263316363303439363730
36616231373139303435633930376536636430373333393433666366666565316534383330666262
37383933613061393331376430343163346565326664326431626132363435633063313133313965
38396536363935396337633737383032636135393733613963353833366131353166346337313562
30313236653065666162333463333561373665623164383039383438616138303263343865336537
64363535303839623130326362656565643766623632386538316263643862313935353831633363
33333033643936393837663130396230363338323135653865366338396636623665383263313838
36386232306463323862643339373438636630303535346236373137343533346165633733306631
61323761346461616633333562383138383165343131326266636137323130323337333133306362
34306538376562373862343237366137653965623966323830646664363766666232393338323632
31643165633037386562363463613237326662663061633938383638363231353438623064386566
63353061376431373866343930373731333838353764323662393964626561636435636363613837
63353631363835346437636664386431323335333230616635353830623738316262386531613339
39386365643737353931383931383335393332633234633538356634623837643138343966613238
63656537376564633438363064336235323362383034323332376165313637633566643637633737
30323664643865653062396530656266623034663763343230386661633338343865323765656136
61623361393265343337383636623237653939303339643861363335386461336330356566323938
31363161306332666265363132623866303364633937313762623464333461383536383461313364
37613035303937646630373238626362386665386635323738313837633033666565383834386632
36643564666136363330343535313237303337356665316139396331373063393738306638653536
36363931616165313238323531386131396439623464343934373362636130346339643432353734
36313434653439356538336630363666633836633764386364626436373939646430343932616465
31313437643862353064346338633461333537393434393430313465666562353236333537666561
34616661626462623634653761313865396132313862663766663763666632386130303464626139
30336338656438613039353135383663626239643136316338653863343833623538323838666463
39383266313963353232653137353266306263363733383362343333396462393464313335393036
62616466633539356332396534663261383234326263376239323066333137393161363061396464
61616230343465633031363864383531313633656334373865653065323730373064323465323133
61646239633236346335326466633865356235393538376130373866666436653635643137633030
66623431356331313963326337653661303539393565353965336136613433313966323330303036
33303136383161383433313332643235623438623663376336343338346532366636366532343138
61396630313034373438326435636461376466393064366139336563356565346331666532383831
32613334336465363564633139363337306634343233646636616531636365616239343234366561
66346635646562396365383565313133336430306361303264656431616433373037303738313162
30636462353738313237363134653030663733323564666438613362336365356533616435353965
39643638666634316661363632396238333061353638373432383264656331643561356562643638
32353837623766646632623736376266666539616163306366363934303530636432316430353766
31366163326230356664323239623233393462316437386665326637313334633134386165373135
30643338343731653362343530343431373933376437393761373930626634626366636539313866
30623535346239646134643537346532313063653233633633356233333839356265623062633761
62356632306362626133666530616439323565616431323033326262346436363362633530336238
36306434626135663034663036626539343139306362366334366634633335363966303035336230
61313639373834333733303738623037613165656637336165336363343238623832313862353238
33323163666463656130376539633630313536626263353737316336383464666134303731656436
33393066383466393164616630613235346536323963326365306365363663303338303764353738
32366630636464643933383561363865386431613430353233396431643131616239643637353435
65653436313239636330623339353431383138326434666335313662376535623365633231386630
38353365323733343432353464366531653265633130363065653161623035336530316364623536
32353963656335653662356364376335323161383133623535353563313363303134323062306561
30653731623863653036663731623966613764366137396336656339653437656361643963303031
39656633303131633037306366366532366630353464366237643331383639303436316433383636
34666438643535613433616638353634366632356631333136623934393065383761653262666637
35623930363035326237643230656263376561356263653861656533623564303332336139376239
63376266353264366335336566366132623761646539666162633865643335383230373237343730
61373631303436363631663335383662396438306166396363373063666463623465366337386331
31343164316164393431656331373532316139636339333165343466623563326163376532336638
30663063346536333262643966333162396330383537383366303630636133613338623231313231
65346264356665303738633731343631383065633864626330663734633639303538343064643338
61663561393435393239323231316430623464343861366139383365663930643135316334383766
66663161346334323132306237623938656331353135373036366335306263326334326335646161
64326431366335363837376562333663333939363334666137653634653561373638323334653932
33303933613530663131353534653431633336376337333466383662396362663863656538323639
65633064656532386439623462343130303238653661336537613430343061623038363737333965
39393932306137393962616363346637633366303637643862346337306437633230346430613665
32663761396334353466613762616366616438393432373834333861333332353765356330323763
38663535366363386531623462396236643835666237303730633464363631663063336266666433
33313634653533333531306430383031343233306433653666373130336230656363346438313036
37613434343836643139326261646534633663316266316536636466333632636431653861346433
31343864363365616536666339366236636537306463623635336430333031353661643135313130
66303932373239636236643965373334633935346635396232383465653738653236313638323136
34646361363937386132633064623435636364373437313666363638353839303663373335643236
38613531313930633334623365656331663731366661383936373534656437343930623338663235
65626131393239386662383738373139653638386235356464313965333430666564303634653966
36313430343132313863386261343631643831636638396337663939306135343734346461346136
62366232646236333631383238626463353736383338366630646166313130313364633430613933
66393735343335353635366137336465663237383561373733366333326230656364656162663131
35326432313262313366663161383562396635363938626130356638636565626131653764363434
63386436336434383662306238656333353834313832303939393561346366343632396634366239
30383035646137336439363865336633323063376632613536346662313234376436373239353336
65336364623765346665656238363031363036313963303166623764623731636261396539666462
33323038346631363931326564353636636263376635326230633132653838656235336132323662
64333035613165353335653337346637643530353532373935333333363263323566303663323935
33333734386466663762396237363038616430663037663363383837313262396466303864613733
33663138326631616138303362636332623135386361346266363538366461393662656638646438
34326162353661363538626466323764316436346433303366343066383035396665636330373331
38643361616233383039306166666639326436366336396664316132656438616235643463356534
31613666336231623261313365626134353736376235326132353437303464646264383434383830
66306463633235636566636661636536336237623662306164313538653932326663383939326166
37353439666231613264363761376665633931323833323538333737353430383766316634663039
65636439316236316661616236323737333233643631323135323636343365636234323530623237
64633738313162303034333961613635303966306264393031663038613336343339666631393866
31343436323466306238663766393432306333386135373936656665323263656436636366656665
62313366623032623832613930343838316437363665616536663161666337613135626134613832
64353936613134306338633030313437353130383937353134613335646532656661623831653839
66323363646231313665663837333364383765616232626131373039326365656231613136376566
34393433363238343639666235316133396332356236663534373561326639316337313933386262
63333133643431666135623038373334316436303434333062323563323233326265393665623066
64616536356162663832333431366464336636326637386237613632303135653939363438366435
38313130333931656239336230376261616438643762323666306139373032663238396165386531
61303566643338353335366666653539363233333439663865323733383131646661373033303236
65656661333035393337373162653531326631333030306233343664626136393661623130336639
38646632646661633336623766643765366133363364656539623733396161333065393766373233
32616566323464353361343731393138633162663364346161656533336236643866336536356236
38663138396236393834373535353264633062613763366430306439313466623238343938363366
33633533353062373266643962316164346234623236366262626638613561623362613539323537
62386564346333326239643537383839363566303664363734366166356666663664666266373435
37303537333238653636636232386634393138613863383733376162623136633633313234663739
32656432663638633433363231353864303338303337386437356131373837333637363265373936
63393939363739323864663032623834343539663738666538353735316139376536363437613335
65656165666662346635653633643233326235616439663732356463386230386565656463666366
32633762363263343262323761386535306564636366363961396365626562383162356537646431
34643465343330363866386137366338646338663232646136346434333865666334616539663662
32646563343734333436376436386230663734656537653236393334356135326438343431396233
65363233313433393738393039393036326537663836626234613365353135393030303861633162
62386530343162663764643930643038623432313035333232363364386531383465343837366166
37356362316534636161333437343163313033393566376664323431383935663763616432303064
37623433316566616438376239626261336439363031646463336435653537316431646533613738
39353332393866393936353438393433376237393662653333326363616366336435626534616162
65373631383433643166663866393932336436336237623564663232306162666536663334373131
61356266626333663230666364356230356635653366346365383538303764376566326134366537
30323430363831383230303361306335636166393136326438636333663566316538393938323364
35336233626435343065633337613739633537346131333764656337653232343433393562396130
30666238663135616266396334366562343131656637616535303532303834396261623538663937
36653731656436393765633138356339396632336331643234626439646137333765366337336365
39336636323130353730306433336432626365663839393936666438373430303135636630633865
63653130393638323032633237653637326231363639353235646164636139663137636131363533
37613039653366376435396336366563366663663338336631643462653165626133373666333365
36343934663061303730633832333134383866383538393664636535643562623336306334663062
61386664333332623066336631663962646438303030373132393234313864323031636237646335
63626337653762323161653836363738333333343564663135333134623937623031613361326130
63313061346632386636313831346436633033623333316662656430373530623939613534363730
39626137333439663936366132666633396338633665393762656631393065396530643066666563
62366437306362396163313830323939633132356637646339373430666435353364313135643731
38393536303731393532303264646137383738383364376132346136613134623833303764303363
61353966383964333030386663396439393832336632613135623966343863653034616531376336
64386134363937373662306561326666356230393734653636356536343339656264373564383135
64633538613162396233313139366464366538616330336333353133383234363935363635336161
35376461303131343338393034643764643066343763663737653335623162376264346662613966
62313033343031616466386566393563663138333034646331636661323561346561326132623761
31393630633039653365373039376363383562326532353734643966343838366436313662653031
38333661333230643465656335636533666432336430656161313465343137393562363438363438
31616162306231393537303635393664393234653236626631653464316131346539643462356464
37323561643539643933636366313431653638623733336661346635656131653562643430653030
66646436373865353137386539663236633364616462656532323835333434643065326563356166
31373232613364396565333963396331643161313763376638623162376335393761646665323661
34313238393632313637383462386166333265643636633530623436643366376161343163633430
63343063643065626662353566323061346538336562633731346361396130366436393665346430
31366539653764636230663161653135653533333266393730303562383466643834626137326562
32636561333639336261366562363538383631333234333534313565353038623030646465626461
37343138346233393065343036643334626562323564653532393463613333623065363436616635
33643537626561383066396564366661353633633138333362646136613737363236313936396265
38636337353666666130666136336539393464626133333433356533663339386439306333626135
35613534633237313865666362623239396138656135623339633438633263373831396266623138
31363365653366383030313766366133386336316636383538303136613432343262313064636262
36343765383632653535346438393239316234343461633262313464316465343561623833626635
66353864656139323631323433323962643661306332363036303338633566303334393763666238
31393536363262303063363935663733366361343833346561613937393061376266336532646633
36346639316662643730613634366432633335613965316461646661356663373437663239363237
64613531393032653033376562346135343362336630646462666138623132666332346330373031
62326335326631303937373664663035613365383137623631356338666664633639316461643664
31623936656438343434616166623934663164353066323963313362636331653835316634613034
64363431303135623233643733376539653434343934666332373862306133636632323665363530
30303836643565353133326366343834323138393938613739303234303862393566616630643537
34643035313134666531653430656465373138623461636165303539366364356639653061303162
31316637363235613636613633396236633234306439633865373830316364396435376236393333
61386264626238386631346265343465373763633138393135366532333732666264323361373764
35616263643462353838316665623365376338386338313634616465653866623537306134363966
62613665636661613065356131653338353366613331636161613531636264656431396535633661
38333866396435336636616164663366353430636530326264643038623039346133323361616562
35643431616366663865326238313033323632313739376335393064613737363133323566306365
38383037306462633830343239383738323533373531613562336163323262626662326632316336
37636631623333663831616138646665626132633866663531663231393533613731336337623837
37386565353637386631653861333638323935333733646530633661623732653737383934666433
62666230316538633264363363386339303731616536396662616230353434623636623264623763
66396330343863323031343764623431306562373538363631366636666466373434353030333762
63353962303238326131636335643334333966373163313235366532363037343666393030373163
63633432666136326239393363336664623235666137306464616335373035643536623834323733
64386332333161336135613331323736623762393863643833356164343634386163383830653065
65373531343766363239623336323335313535376134656265393662386535363966373536393337
64383162343063393830646563336536646536316466613765646164643864326466333566316336
64653663626331353039353133663337353234313336393866333932336266373437313732623164
30316533303937316363363830643661646531333833306232333261393433343138623962393639
34393938393438343262336365323034363631306139353065383233383434343235663930623266
30323362623966316239313763643236343635653635373061323235633939616331346534656663
63626335353662383939343638363931393630343162353131646637306538616237366636623235
64313539393463363964666131373562303964643538393734343162333661323064613465356662
39326561343165353164346164313435353533623833616262613562666662626561346133613165
31663266633832633532633437643230363863306562613131636236396664333335336137663534
30303930323339616661646164623132333535393462353661393431623839306237623830353031
66653138386362336561616239346637643232646464346366353162343631373735366565663633
34626635396430613133313133373734326463623030343333396335396431323364653862343665
65373336373830373239393630366330336561346630373230306166656365616235333233616466
30333433633634636233326465333638656135323663613932613162366431643230396566373435
31333761303334313130623732366636663862646131303135333866666236373165353164383335
30396131353063393439633866343363626630393765663230366466333132303264346137653732
62363836626133333361393530363265663366323933333631373365306238346565656663663566
35663065383334656364636432393731303062636134613631346438363532653663613932393762
31346532653132373430636434653532663165646132383830613763343132356262613062653535
37363839343261303932656365376331306263643930646139616538323737306436353239623065
31356664613133656462373639613334656533386431383135313437383438616431656133336135
62633363656663316664323666366666336664613965343330333166333462656435353632393765
33643963626363373537623438366262343030636237336165663333373863356535623530613563
32633034663262316632643038616138313034336533616230343834386435363231353135313130
39306261303866323265316331323663353737316465336262643633383634303339306561646163
35373763343030343364643633343561383033346335353461633639356464353030353163333432
64386636353866323463626438303235643935396339623864396335366135363332656132353633
65353739313530313564363935663437323331616234393066336336353136323766666337353266
35623666346563366437626130396566313533646265666530393730356266393636643161363664
30653032326261656566363234376466653132343034626532363539376636383837613338313032
65656237633835323435383663353630653531303133316135323537333733393962616566363830
39623866336164343932646663666231313739666530346137636636663633646530376539363535
34316232666561353561656163316165636132343666353534363939356339303962333835396232
63383738636339643431613535666265393265396535316338393531366537316261373965653562
39373262303933306462343939633433646630643164386466633133656566323932636661313662
37323261646430616461643436373132336139363138623332663235636538353835326432356231
30323066616532636164383039333939666133343936663330373565373434616534343830366564
65336339353032623439303434393763393362353032353761623937393539346363356664656531
36626337663438633936363863633134633139353664343039613962323164336337656335383532
32306132303639323265323464366537643237313466613331633464363335646530373164303239
64623535613331363436646661363036356566616165373862666539373066646135303938376534
30393233306663346162326336633939616135363634323638653464386639623533666162643862
35663531386330613333396533663737333830376132306537633830343761383233643939376662
31346261383635383330616539613736366461343139396564343765346338363831653866666566
32336464666133396165643566623962376463393734323561623066653738366464353439616336
62633937386438363861363534616662353239373863656230356338363833383931633261343732
38396136363661626634363835393439376165633935656230363039323766303937376134373666
35366563326464323336653466313761363139373136366165326665303237383434366132346663
30333933626234633861373161323436303230323962666633396164646439306166643265316639
65663162633531353264356631633736623962616365373332633538626338383261623162356538
37343762356135653666643265323861336533393233646661656661636533633132346232396161
65613165303031373164386233363630346333343130396264373166396434326239393931396662
32356337666331663162326162303661623863643634316464393664326463306539356363656165
63656635333038653835633037666164336237396463663933656230386666643662346238356438
62346336633634396265653830333138316238326231643939663961383866653735646165663032
61636136356461366333656363666537663930653163383135343165613736666162353139383730
36636363366230623132633339306330383163666565353861623430306337393335313434663938
36613734386632343239653363303638333338333635396334393565633164663564353566313864
64316565646164333861336530363630343763343665333430346432633764613264613938643664
66653930393935616233383638373635333239306662333063656530316138363039613531313930
38356439373966633336393738613064616532393036383939663665613861653336613562366239
36336666326135386234663332316539323133616632653138303766376633363961623430653366
64316132323438633031323265303536303737643634646238326132316234323363633061333538
34356363393531616266643664313765626231343265363931613233616661623238633963356135
30643135313738386236313934643661393934633637336231386134666130623336333730363766
65396563653730363736626434323231306234363938373631386361343365643663366566656234
35323737653161646431643863336234633534313366663035383639663866666237623037313564
34353365303236656137666635623530393639326264323263343839386634336663313136383133
35653432623932653638393163393266313435323066323338323564353737663037303465373239
32643033623539383438393466326161353733623731333238633135353561633433346438356666
39623437636463336661666539653565336133333132306262363438633136623762643837383235
36393536323265626264386231396232376163633566653933333733623634663965663930313666
31336362343262313165393933356234313230656362336166383066666335623761343063663361
62633563353437316137353138346264363838303163643465393030376136626561633133393837
31623065366161306333336265633865633738633166346330316631663230323636623664303130
31363035346331633165653562343439663138393738643666316664663766336336626236643363
64303331663936616134313065313061353330346534643333333862353064643433666637306335
66303233623633383036363263653437643637323964626130616538646134643033353532313539
63386165613033623962383030343364646434303865333066616266313830653339373465613833
63383139356237636562303134613963383064376135613462653035303166303263363132386638
31636439343937373738383164313037396333646631353331663637373363653661653064613961
62333230653334393935616164316535633031656632613637636266346265356461666462396233
31336263613765666438393133383134383032323736306135613139313733343937316566626638
38356563326232626632666139376632316266353839316539343130306562643639633065623663
32613266396162623565306136666331633566356632333835666532383238623436363237383561
63373439663366623137633962636564333633653637366230373565346266383233383337653837
36303034666235356266653037363561343833643734306534373364313161383262653036323734
39356631653665653234373361633963383236363335303666353239343464323866646231346633
62613561303636633934323930373135646438343666346132306563626633646366363838623964
30353736643536646138616465633735386465386663316230346363393664666435396561633931
33303030303339633436613539336466333135326464646633613264653532653936396132623632
34323963316339643661393338323531346164323032333064373639353464653966393233636262
62363938636632323435313565353863623330643232653433306238393532376363643333353466
63376563306339656432393138366531316539386366323331626330343337346263386232383336
63326565303163643764396537353738623465343434323338396432623336623637303063626430
32643138633632363162396461323665303133326335303563313130616438633436323835633365
32343065323137353265386664363434316438613138353439343236323032373762343262383064
38363931626236623961663666653563636362393164376262666363346131313139303463363236
33616231633835353466386538363065393130313536353161656638303265663662646333326539
32656464656231383365613430356663616430313735313361623536626666626438303965303834
62366431643362633964663435336561353138343332616435373763383962383833316563353962
61666334316331626436633062643262636361333836373939326666346339633034353330343265
33326435303762336432353265393661326534356139663438663762633034326562653566333332
65616562333838306166383462383831643238323065313733356564326238353333613464623135
31393563363965326436636232623934656435373266633135663465313562623937303465373534
35613537356561343035306236663662373337346134356261613463303966373562383438383562
63623731666539343736633966326638383862333966376632343663313364373861376131366263
30373133376337323834383133666266653965393430343863653965643064633930613930666661
34373862633137326364333565363633636132353630373536643036653265323035316564373061
66653661376137333834326463393261636631383033306331666431646664303733383665643831
30376161636338306435663765346338616132316133373364656137613266386662616263626238
64333165366233323565656332343431356533613061643063663134396636326161366666356136
61373339316532353465343833356533656661653933643964386233373738326237616331353336
38396264376165626436363266613735663766663339336635383765636366336465626136363033
64386162386233663565396532333639316530666530353735376663373032386265323038303563
63393330393339313334616533613836373232336166363333326666613134343466643939626437
36656235323634316261326664303437623433353139376663303232636561636639316532653366
34656164643339326139393334623438343863643734363832333032613539366633653430626363
66313131373566386563336263353038646564386130353866383966343265323834323939343332
34663764656265336666333330303930666461363334343430636635346533633364366432383261
65633737626561383539626561623431646333386533636632353363663338663236376139356266
61626137613933323566643439343739376163333039386535303737653735323532386336346665
35373037643463663435323532356661323032313131623539643635363166363032366263336161
65666634633138616338326365386564316161333864333233366633376363613739303764343666
64396333326365633831653332373531306636316637353239613133386462633330333734313264
33346661633631366333313233363433656665653462343961383062663365383134363365373530
66323736653863336533356439333863303565313131623436323764353863383233393361323261
64626266656430343764336663656339396338643031633934613237656561346232383962353237
65303665346364336338313463653236623835653237356164326336303639346630396139363465
30313539366530346239663937356538333036663761613966636361613966396532663633383566
64313161393039356234663161376531363339356666653533396238363461316539646666663639
37616362363036663664373665346135306632373936396464636431656361643330613634313161
61336232303263626138623334306136313336363831346433336532316364353734356463616162
39653337353837666434326564613738353430363664363462366261666438356438343330326337
63633833626230373734336163386430356135376262663631666534626438386134386364626530
64376534363364616432393739303536666332313331643166333764656234356238363730323630
30666265383366336532653038633839376534373434326533653065323133656264303539616637
37646163326262616365313838363262323665373665366264613639306530333639306261316130
62393939323430626531376530356265626431326432353830346466623330643935343262336632
34326137353337663330666136363664306238623339373931363639633332633932356361383936
31373936626136623732636437303431646465383364663730633938323962333736323636643063
61646663343661323862356132616563663638656535376630383464643933643238663639343134
37666162353765313866383962316565313863306262646365393737383531643238363839343962
35313631343935333230356261316364363464323337646266633338336433663431366264656162
65336335633038626662363535353539346465663538306530393562626464303862396263363834
63363431613439346632656138353130386331653634326238656637613132623839393938653662
64613465306539633061316534343163613764633632393633373835303439643037623138653238
65313037353138366639616665633833316233613934323562366136343865393338656461336336
66323863373465376439373264333636353337303239323461313461303862323738303036383031
35666563383262323537313264383433303034643432333261376265383637663730313038393531
31313530663337353561353135613431396466303861386462313161333737336239336230303435
65336161323864323563653162366233383965366339373535623038323134356236386239386466
33363461666339386562323262326432383634303939353234393837336432336531653537333463
33663634366564323335333038396237656366666662346465306530316333303830343665303535
32393932333234396530303038326331343761363031643631313666306366316664653034653561
35383162366530666230396335656631326239323730373437303864613739613431393064333336
64363764633531656564303732343534313437363038613065643761666435633234373835333731
62646231633432323835653936326535656363383164306133313839356439343566623330333635
39613533653838356435386564393332643932663762613035636239366134366431373335306631
34666331316339623463643736656139346335356636336362316131356663653961656561623266
38303564383063333538383039346331313739646637363663383435393930346162643135326432
33363833653066326536386234646432366165663239346439373234383839643230356433363932
33306537643732303939633831663535643032666563363531346537666633353638613036636265
62396365346635316332353639343161336366363265633566323366386630303430646236303839
31316335303830326232613963373132333330353233383638316331303065313036306534626561
64663835353936343265366637373963636665386136386363663166386235333766613263303331
36313733356636666564326139663138643534353861633939303534313461353564383330323261
39313463346662306265326463633833613436303334333734376663316663393161326162363563
64323263346166653833316138626432613864336164313664323038626565663039366136393437
63636365653433356161386238343538633865316530373666366239373533633937316138386632
61653864636566656364393432346339656563326135663632653638623561666531636330303264
61653334303439373235366531366266653761326636623462613530623738623939373634643039
36643261636338636637316261363036613437636332316165306132393031336261643735303136
35306630653061383965383764393835373964343736653832656337336166323861343532333364
66643636313831333665383863623236646465346261326237333261663839393834393865333965
64306632636232376361323365346532336563633034613839636466323433666130353237303834
65383133626336626133353939343731326666313766373162386365646661613766393833383138
66333638313965336565333063343665633761346166373763333439613537333661623865383833
39663064346561376131353662663261623661346566336264646431393966316666393131353964
65383939303835616666656133626530636661303661356136313164333433326663646364346130
63373266363536633137626334643261663562663861353663623137626331323934383033643535
30626566626561376233306332323532643631623833633461376262633964343738383035333939
34326536653665366337633134316266383334373739323861643064323430376262313630343033
3261313861656365373138633266366636663538653737366234
