$ANSIBLE_VAULT;1.1;AES256
64396131396361616631376464386634353462306565616639303261353062616665356531333035
3639373131333335663566373631386532666666663461390a323736333665383661633635323233
62383538323339663036663131613138376239643961323631663861646532343137653666356139
6164363862643333310a626565333165326534636536393262623130633736313536653163616437
36343738303738316134623338666435636532623635356637313631653162653966383538303663
32313737333734623835386234633436623761336630356635323664623331393136393566626466
36613337656234353836323732356537626166653231653236643333393361333432613064373830
66613262626634373766356639623163323734393337646264373432306466623237643564386634
61663639373464373433363864313633623838323261666465316266373961666164643261663934
31383231326635623665623933353362363633633461643265633864313533623431616434383462
64363961326135666433373165313335303930666638613963333264333237353466326261313338
36386230346564373564386535383833343734663539316534353730333661663861383237646539
34633362346136366461646362623661666636383135653165316561393364303337363237353032
63326661383461363835616231383965386663336538326130363734313931323337306434396363
64363838353163616362313838393330613330373535623563386161636631316630306437623837
32363666633734663838343035366134396434646465333366323933386235306139393336356136
66356435373461666630376435653630303765666534333236303766623432393366303065626534
66656134386666666430656134653463313665373430306433643663353436653466353330393538
64653438383039643837323366666464656436393165653736636239633961653965373364653235
61646439383566353737363465323330363431613738313330333438306232353631623438383061
36363561336263396662393230366461393864326135393836633666303966643534316236376332
64366135653535653536393461366564366334393638376533636431353961323439336235343065
62376663366432363032313630663333353831323661333161396564366431666336656466343131
33613232363230313765303963663035383761356531666561613561643561386338613361623465
36666362663132386534313831643032386365643539306539663965323035646635643765646231
34343330323938616162663565353366333931643439303864333530653761326462656530333064
64646238623366373238613439366539663231346666623462623465396566343735646435653165
61633533623635396630663463636564306562336339623433373339326661343832623832613663
35383965366364316464623361323139366134373465313965333565353838336461313133373334
32396635343764633936383063633033643734353730633039663864663965333432306162656534
62613065656635383635303337633435316238363535323434356563333933646433393335326238
32626566306330353765373433343732356439353264343737633765643930623835363861663031
38656565323736323432373361366634643537353865393432393939373363336362626361323264
34376633666535653062643863313537653230303038313765653732306531393765356139623833
30663761336334393531363034316439633961323030383538336262396436653664313833373966
36333239363833353865396132393563666338353565343731343632336636653130396436663836
39653365366137353031343066613232616631363866313338396638316666366538613763633738
62316466616136636565333631313330643631383366363237653330626431653936343537333835
62643665636534653061393065643837613231643064393832366238316566323463616632643037
32323137356233613261386464313261623538326234363061316138633334393431366166393731
32633462363836333231396330393364646634386137373533633561633237363039333734396338
31313232383534336131313163643262643565616665356239373730613230313139626633393062
65346332626339353366633935373235316462643666366538323839623739326632373537616233
39623930636163666338383138356532626234336237313561643566343638383566366235383031
35356334613236333432633935323464636162366265306635356661363763396135656239633736
30343262663366366437363336303066653234353266616330623237626137343533306262323130
64356265383964396439393538346635356462653536616538336565636230666635633230306136
30643235353364653438326232616535393861333466633233656432323965333566353761616335
64653934383665366332643062346661363163383366616538613632333634363837353765343733
34353964613039366233313835336135623861393739613766323935656337376137313766326331
36323335326630333564363463363934363536663536373637656636333265653031636566353562
65643738653930396666633533396538313062353238396463333233323539343532353964353437
38666132653630653233303066613639643935336465356231373765376265613932376239323935
36363436353035383230323864626565633063636539333962663638643661323664643338653630
32343265373864313766633732643038313263633766353533326639653835613932613230616464
66643038613935313861333066303430633435376137313162326233336334393065333865376435
66313763643739383766373531346438646532633066653736666565393164633734626461303263
65333131633730343665303439356339616438656432306137303539363366376133336164346663
66336364633061396634623332343737396536323535363134313664356431636230376232326561
65363334336330643930303164366639383338326231326262623531376362333935396439373138
30336162343238323238343466623066653032363562373363396162383361643833653665343032
37323137353038386565353565393062316665323134396138313634313161626462323131613963
39353331336438623838316131653238353133653565373962343264633332343263363166633938
65633431326133326533636262663363623061333465663266343262656530656662616232353961
37656662356630323338653066396230643636356364383035376165353462343334643966346636
65366565333430383736303636376436313039323133646630633731333731373362626661316331
31336266343963656562363262646362613165306630346535363638373062323433363635633233
39326539663964383732353266636439313836383030356565373233386231343837363963366666
62653432373536613336343731376232323332393464633732303661333938333834666664656338
34383234663236376264333436633162376237393535643337386262336437633538653435306265
31383037333565373266653764643166353931623935383366353662383836626166613365636166
64393531633239626364653930623839383633356233363162303466306563333931613539363936
31626538656130636539323838313362316162383265626463333166653964333962663362383566
66333737376139646262313930383730393730366239373332313464393130303864306531383638
34616462346530366336313839376434373839663864663939366463323330613365653165313961
33623935346430633765613932626163323965613861646365666533316630646130323836623764
61393964306633346432373664306666343032333531353533306236653530636363373638353235
32356461303961336561386436306665396262373139323535623132356565393363323938336338
37303761633032666463343866626332323066613734336136616334383131633134326239353861
33633362336232393163643636636336316435306339386264366461323935383631333235653064
39653233306537346263333439306564326130333238343130366134633366643534666435333937
37373963393233303662633132383865663531613135316637636237656133356632623136336530
66356235663262623065633139346133633635663438343063373735646264396161613639363764
37303065643665356534356562313531373562333530393535643437353632643834633637616566
33623130616131366634346230646661396330663962376334633030663562353937643732363631
38613665323833376662373263353833323534333662336639333335333438313237653537373063
35343736666632356630616233346134313561353131373066623565363539366536316263623261
32333334316663643662656338663162396663393135646134303432366335353362373165353665
30383933636463653865313364373364386439343736393638633231346132393735613537383661
36343864646632336434666532663232376533646438666335333561323738623232356433326261
32323463323632656530373139623865386231333361633038613630383331633661346135616136
66356138306430636531393666346165323032333463386635373932666630663439343934623137
30336435333861616631646432313031316165356538633339376263343434356436363465353965
62353330333564343637356636373638616338663630326165306561303935653664383166633936
30613739656633623338336666376439313764666438343466356239373464613762323061373966
33643362303865313037373766306366393866313731383336366232316233333163396637666135
33323036663837326139393363633630316462336234653431363365376637323733356436386138
32643538643030396163626261666335623461653664303433343037643139613234303932323830
38373265623633646561303039303434626361356639316461613935316332633064623537396332
31323630373065653662363937336436613736643136613439343034333563636136356636666438
63633833623631303231393735333563353335643035393732366162396462666266643939333334
65316461623939613533316463373332393265303037346438663466333032396534353837633936
62653430386433316166343831313464656261383434323732326137616166363439333763363666
35663934613436366439363530396534636362303534616637303961396337326638323361333961
30653933633332316362393436316534353638666532623064323263616561643633306133616635
64636332333634333635343463613737643634366664653434646135643631643231613063333036
61363161383864333338383037623464633364353932393130373662663138376331343464346563
66373138393066323462376136353466316364613462313139336437336530353762623561643931
64613163353765613638323233306162653134633461313230616631663536313862363739313263
39343435306165346264383535396432366263383763323931353433373438306238653437333062
35383338336337616332353733366563666361383030656130633166393136643939353137653838
33663934373739353463333531633239633531653438343337663031343566316432633134623532
32643037376337373764383565616464353133383434643538353739306563303764303638336632
34303136656132323839376461343266353562336634656536363338326531353963623530613739
66376537356630653366613333353133383536316262626165343535633530663836623134663265
36346432316331376238333662373330373763396337336464393363346537316335303235653733
37303933346530366533663963336430386262646539623165346637303032383039653963373863
66383361316437643130633030633765383839646664396264626434636462613037376535383937
63316530356163373563363239346264396463653861613732653263376630383538323739353035
39356139643035373433386565623865366130346132393732336538613565656534656431643936
31343463386338313561336462623334643163313137323733353230613539316338323631653737
34356665363564383438366232303961373963636530333137666565373938333236383961386438
35313834383737366565643338653466396334643965343239653436616236333339386565356536
35613838336334376532643730306634636330313830336338333436626634633562366532306237
61646562633831366636343031663133313836363532663233643734323431613361303862303031
32653235376135313031313261633864333461376439666661313833613065623031646635643435
63646437626464383630333932373433633334353430313730653365393335616236396265636338
31613735343666663662346636386362393131373336663063653632646366313737616239306539
31306139306666343165333435626162356330623332646638613439353437316134666261393862
30333831326538373563383962316339633738373264306663313933383366323733656265323637
37623561616231316133376134616166386135393838343832393135346338373866393164363262
34333761383234376239643163656332363832313665386537643837356261633364383231616339
39346230393562646135376232333935303630613339303864353464303661393131643332393761
33303138666432653066356365363436623064366237363362316462643861306466636364336134
34393161616532316336643139656531383231376336356239373433313830303737396535616663
33626263356661343835363235636631653330653135373232353136656664626363333433643835
38333365336566393733323432353131633535613662393763623564653563326635383837373435
32333865346261653666646437626532323537633130393839373535373330623339363064636161
35346438663461316336386265666462303335356338633265666432316561356663356338373366
64376535303939643737623631323637653336303063363363313239663633393261623737313866
64363733333761326463363639323634653839393963653666353530636265383064326630383835
64353534366566646434383761356562653962623135343236363064643139656530666335323066
65396632636265346661643636303531656534313037666135656636383061333433363731356561
61613132363738613134346232646438653464333733663863393239346461353236623631376462
64636262396236353862353933623863306635366531623265353832383833356637356162386162
62383836613163316363613739373538653564323135356264376337313433333431393839316635
64643666646363346239336332633133336161623961386232326235346336613338366562363431
62663035356434383434646562653038633037316531646364373130346661376165653632303364
34626631303666343337663461306531613432363334623062616264373763366361326530653036
38303233646265633236613534386462353965636435356164666365306232633238366234333036
33613633383863386537366339636434613266633264383961326533643630333037643436313332
64323032623561383731306562363634363333346361643533333036656135383934636161663962
35303864626533343762313031306266616336393762663264306662323265646330663234353730
39306130356630646335626464653564363065376661623663316638316233666234626135616338
34303433396631663830663339333965353239656633633037663861386661343234623435353534
32303731366463356535303531333266326335616137616638326634323065383461313564373762
32633639333030343233363433353764336639613239656533623237663236356362366632653135
33313030623439636538623639636562633738656134346638363364653963633433363464373763
37303237343130333462623139626363373561653932616637306630616232616436613938376161
33653365653034326332363266386135623262366536306331393065623439366338373962356562
62363438313162373334313933383733343361386566663162633031626230646236613932363964
38306263323035633766633537336431363237353133353531633966653234346534333536666333
38636139356462333063376163373963346537626434633231306439363761346630316537653838
34373364303731313538323633616165623065313965373734386139633838336233356133313934
35316566346133656366386562353534323331643039623937643935366631363737306431383336
33393138623537346566313766613537616261646161323535663862333838386135323163653337
63366266643266363039666534636230363831383633303330323066653138383635333265393564
66626566366137653535383161303663363262306261396262636634396136653735653631306238
33666235333065613463356162326536336132656331656435616264613362613832613663313337
65646632643766376531396261386531633636376538303935666265326535323034376166383939
35613965626665353832623531353732656232313263626366346164356430333732643930666366
31666362323937386565613563663631336161363135336234303232313738666562373833353936
34373766323965623333396635343765303163323364626330633233333537656338313961323863
30663330326338303832353236353530366539623836393162333234313339373566356564333535
64666365396330653166376363386463623261313537613962363332626535306562666233623739
62666637653937366234373335343130313734616237616636386263373163303465356362646233
32373937666338333366313264336466343739373466623865323166383262366639373566666530
31336464303763303465376536376365386339363664613931356639353161613932383061656562
34656334313031396565653661613130343937313232626461653734336136393433373537313636
36326335626137353462623438633064333539303864326238366133373563383335613963363861
61316235343266306337323062386166613532393436313933326431363435303932633963666564
61356434666533363938373164376637333232363333363461363665303962303732656331303735
63393764306134333365353738373931613333393331323238613263366562613739643136643637
36383038363832346234303731646135626336383362336130333961343338613362636530333462
31373833313133346665303238373038623638633630616131393131343937303033653061663235
38303138633033346435636134623337633363303838393437383330323433303265346139376337
63383563316232636466653837616136343137353838643639633637353233303238613032643733
61396635363834646161383933623233663562656163373437653135336461336437373035623661
30346132356133303435393834363036623138656637663964373135373466363332353932333535
31623064343061353561326230393862666531313231316535386662633634346236303335336131
64633762626536666338616130313231343765666161353134616163343138333632636264646534
33616665336537373435646339636463306266396131633964656533656166666138646231633239
62393330386137393930663966666661393537346237303664313061373936666334653066663165
66636430363635646433616264333437356464646364323036656438653439346665343465666239
63376435643461366234353731376438653231663562383664376430373034386262333665613963
38343439613437346263336665313232626364363966396234313863376432396135373836323161
65326635653263633131316365633735313332323165613532656635363337653864663230306339
30313064643262313264656439383236306134623235336531666438343961333037343632623233
37393631633733353938356530353432623932316465656465313438626339636337383236313861
35666566666363613764323737333939336361616136653261343035323939613263346333346332
35393462623766306537613330373962373135316638663038346234653563306433303330313762
66356539663465386535353431323837343465333764356266663132383139336332626633326163
63353064333037383135633230663431333662633764343635313439383532386335373037353439
33396539363332303830303364643739343061313537353265336631336365633261326438333763
63316333356231383233663664316436306661626236356532356331386461666436653930666230
38636161336634363863333063346132353037656133373535663438653139326533373961653230
36376463323234333330623263646465656465643831616631306231323562306630336639663033
34313938616132616638653932643636363931363666313638396665333135363139613230363435
39386566616135626266616336303439346463353631333462636433623931666338653931373536
33326566616434356632346639626139633935376662643266333331653237383239386462396132
30633364353635366233363132656263383265643739323239326238313737363434373534383533
31373263633164663764666334393964613539383435376135313434663237323430663863336435
39633337366662636137656638386565363231386333623232333332646464613563646530663465
34616633346338636635633338323961346236663238386131646661326362343466353431633133
62343837353966373864346138363134373166633733343532356534656632386564343137633731
33623064663037323563366139336165316630353661313466646333393735383032663034383135
39333365666163623234646662366338316562303136666634666365303566653732323432316265
38396339656139653035633833353230666333386461396135336530373337306465643766653338
63366337346663346463306532373431313566393634623239323930363566393862636333363733
65336661643135663536663365303862393437316266643638393165346366633934333132373432
34333066323236643831306263386662306439363633356265316361363936646461636563376334
37323861376165653963323735346564313261313735646630303133663937333539613666613239
65346466363766323365353262363133623465393131383732646132323563353261353734393739
31313137333835666331626230373936353064623539363664656663643430303838633663396665
61326337343535353835306235313362363734633466363638623661396165333735356162626137
37313932656263613066643637373964636231306534373362373036653264396561646238323435
32323863303637613033616365363761663734313639376131633566363837653665643264636133
30366333306131653066646563653935636563386537616438613734383434366162666232346461
63643765356639326662626264363061386665633065353462363734383066306339633863613633
62633631363536336333353233343562623937613333323838323330346534613234363734346431
35633533653961623937373032656661393439656363323635666665373661303261373432663435
38333131353637346461666662633366346433373162616232333338353761376362343865373933
61323161396431623233306564313161633362623939313566343833636632333065393434323933
66323233386632376539313130376565353262336461646235363739366533313034363235326434
36663330646139643434333730306362353233303037373733306235656638326232663839373932
61323834396238383362313837386339363731356663653033303030366235613837303630333731
36616436373630383436623437336638373566306536643035356162373737613562616331373436
65303635376237613935373032373130333630373230353739386630363363643562616562663737
63393436316333616164666465646235616566323563343263313164356362656638306363323032
66656462333861323132303632313263313339666630316663323937386362636564643639646366
35303039353664353036373765316461623961343537643361653033303864386239653831613435
33396338623464393562616464386263633663633337313236656338323663643766383064303731
33636235303535303738633430306238666437656530326464303361316365353633323731646339
36356438306237663336666135366164323630303731643134393863316466663034663033613532
37333330333534363366383966323766656366383865613662356634336338303133393435643630
37386164643234633732643161616535326434346339633362306464616634663331643237333363
31316565653038303230303430316533636265653163326334303331666165623439303236303937
38656262346362383333383831383238333830303364623139386262353634306435373632396164
30323264326261666537366433393933333232366637323537633066393562393036353037366237
30373137356366396232326231326564393235623465623961373634303861376130623438346465
64616538386234613930663539623063653232313038313838636666393739353131336134633830
32613164323735303230366261356261373333643931353330303139353730393639393733373964
30393339363937313066336561306366363763383933643763373963346531383564383333313965
38663162343433343061663330363466306365626232633630333634376437653131626134636234
64373330616363663137333235333861363765366462643437306431353662333332376666326137
31343462373161666136393037613038343966646663326635303137313664313135393430376236
32626631633465363862336137653039316330663865393636303164396439306538353432303266
39303635616134666564656266356164666536333030343262666662306237646466333139303433
65343966363336643665623939393465353263616339633932363161313534303339326566626666
37633764323038306531633235373837626233356230613036346661303832653439306666643761
33656665303634393530656164326566316533323737356438623232313131333465383938623666
64653231656332323935343861663733393833643464663864613336383632386336376137613037
63623536626533396234646164333338393930663234383263316235316166616639333134376261
38333965343135623238666336333933326231373661333532643064393438383866366361373631
33666365316635653561376264306433383266376637316364663133643332616166663562396566
33643830366365393533363864646161313765303730306463343234616238386664633865326563
38383032666364633532346131346433313762633830636164613032663762633634303764623732
32353265336338393336663066396333333131616633366337333336343738636461323837623034
35646637353463333837333465303031616533313462616537643465313435306366633532643035
33653437306331623830393566353362656661363139316430663265613430666533316536383866
61313636383863303264363937346432373862316235663931616130643637613239356663376433
65333739306363616637616661653634663065643031343265326131353762323766653662326533
30333666353363353431353064313338386261303766323232313162656335333739303637353834
36623337613837306233343232343831626263363936663239363138373936653730376364353931
36363130393033333433656266343835336164653465623133366164336137663131333937333666
32353733616332636561623562393563646539363363353365613065333461306262666166633036
38393763323262303934666135626339323436356535336164633232356266353765393034356430
39303631373838643932343264663166643466386632396339353835393532383931346461383262
38346365373063656463643330376164343466633165653663613466643635636238626265626437
36383962313138613832646634336232393664346230366636663534386130613833656463623063
33653764363463343332636139336563643331393964633564666234653664663234316462393462
34306665376537383536383337633163386434666362396265653365303531366437356330383766
61346531656561353239636435636636633330666663336133623662643364656463356261633563
35363364336238663035333039393936373965343432393561313463666265323362346433326163
37623731323864386264613365643237663163356564663636653033646362303333623661613163
62613231333662646333326131383762643337356566393637376165663233333438653939396366
31316461616166656136303936333439623665643266393034353965346436666433316365643466
39316434393732356261373764646566656131633036333433656364343537343064363366626330
62323838323532663236366339636437303932306236343837373730663235303465336332386233
35666664373262353730663766353937643733343964616438623137633364356166313633373038
63663832663164633636613638383136616338313332316561366239383638656139613039626234
35666235323566343566366364393463636139343363396530633034393637343638376233383965
65313535643664313232626161363563393934653436353436396534643964663063366133393735
30316563373463626663613764626432323061623463346265663064366663396235666634373232
30333063366563633238666363633732376531636465356631653763663634366565356633313339
31373063343166613730313566316638373836396334353737383662363235383766333762373738
30363830666235643462626231623231333562653362386235353138643038316362616533393033
62306436323762626238373034336139363135633662373830643564613661663363376161383437
64356537633366306362353064313839666236643062633039366235383363303839616336346531
61636334663234313366646162663261663535353536633239383035633535363463333665646135
32336666613633326236376661663131306464333762306562363531643065366339353862363261
61613865623364343033383738636530633634386137633631666461646362356139383534373330
36373364353666333036353839666335326234343533666265666664313135323636353833373139
36663635623431393030336132663866656264323165383635626163343238343231653236653936
66316332666236313461303461623966633031633832383461343765666362316435633062396662
39653138353431343063646239656532643262636437323732346239313831363536313536653166
36626334393664323936366430353539386535303035303066393036323431663435633431626636
66623535306335303532386232313563336265643366316464333336626462613336343463646666
64653237326563366466653662333665316631336234346139383461393931393566656562346134
61376439313963373134393639323165613635393139396635363733616565316564333266633362
33343832303335353131643239643438396135343837666632353933313031383639623565373366
37363064643236373238373638616365646635326666303230383935336439656666663436653337
31376236356138373130623133616365323965666562633666613539373138393731633761353465
31343365656137343863623661336131336630316134313365306239373136376462313362306166
34326466396263383933323233373765613064643534313238666230373335663234343837353565
34613030393434393634393135353137636331323936313433613837653733616563623133353230
62383666653264396533363538393634653839396264336439653230613562353162366339303130
64303761326332616564666566666334663839306132313764663566366263636263396662663563
31643362393233663936613765373730393463653733303038613537353236623533356137383930
63313363626431666531333066326330373639313131336536656165613437386264303036393761
34613632663337363434616631646336383335386363633163313032633631333930623938363036
34326634383836633239333964613765616461373266346264313237643130363432613439636638
38373961653435616166353265663030313161353261313731326433343162306435383234646338
33656134653736643138656334623864633831303134333736333939356133666535303535346637
63636236343138306138613835356235326436343764343731393364396461353365393062313366
38653365626534396365663139313439386536653836323665323236646530623638313263303736
65333831326662636235643032353863343134393366333339663561613433306466303530353937
39383564333939396130313064323036333561353437353439343530313734633865623433653464
34616466373262613266363661396565356163313136663435396666633530343631656636313237
66346232613365616563613463363339363233623237656233336230373332616239343136643637
63643561373563616134356165663332383038616161616633366163633561373561316161663438
66613763343563326566323331303433383936346463643534343631616233633666396565633632
34643730643461336166656433343534646436323763313365623564653231333034353866646537
32333830373664623162663533623234393439646561613430643764313233323235333431303636
38353462306532616333613637346333373939663834376538626663613739306331343538326563
38316363623266623336663638386463386331666638376134633161393965363531643537636236
34643034316261663636343863333933653832613536623030303435626535633662373661393738
38656432643939383162336339616161366631353332396633663561636663663331386365636432
38613266366461343536303838316431346538363334353632663239316261373466333564363730
64303132373936303062313539323136613839363637303835626239333161396639373566373262
30313838343064626539303062386339313635613938323162316636393433343437363463383861
33333361643864393433653336376637313936373634363333303734396363613364396466643964
30306136643564353164343565643266633837366533376664396662336233656130633834353862
63353630333165613866636134646439656635343662313738653632646564666136343762303836
30613734323066323833383936643361376635666162653734386639323063666535376131333931
30653837633066663337346432663232663539363237356439666130646530363030316439646135
36353766383263393133356632333466613030366533393839343839663938393737363761376431
37623139346139323939333636333636666339303532316136386333396334373538663338326536
30663131393663636261653363623434303239613839376630613038373832363965393232363131
62653437336366393134333562643830613962326163633261376535643436633932643739653664
33313032343035373762663664363664626538623663353061373738393739616430333835623532
34316363613033333539623037643631316565336539623436623365633531623363666431383733
37666331646436303330313963633232303436343435303234353135356166313231363931656439
64313561623433323633373934363330353062306538663137653638303037313738636261333837
35306133613633323738353139383935653135656136623236643733323839653135353432653561
37616337633139366666343665303735653661383762356263663363653432376234633264613930
34303130616261666366313731353361303562633438323337623137356434626439373637623830
33616234613762626130373764646631643061346565393362626434636637326264323738333863
38663235626339383661626436323063626138373533633535383762353265303336366639626237
64366463623634326166393536656332646338393634626466323063363635643334666637396335
34333334376163343938363330353438626134303261356465653437346439646563356233303333
33616631363735633039393266386263303230656665353866303063383539616361633637396335
61363132326535383430633730616166353537643232333363333536633665363335393637333334
32303138653437643565386264623730303334633937323766353135393561343665316135636536
34323366663137356138383663366564323137363432626131666561663237656138393736626635
61346133643337383864373634356534393566633134636165643631653338343162386662346461
35373637366432366133636530303862333531363535366130656337613837373964383336336363
62613033306461613566383839623737383066386361623262383764663565313662656231336435
63633436646462383562326130323733303239353562376236366534336236363763333630346438
38663132623864666233393132386164383433386366663964363031636364326562623663646633
30653838623735363234333365323363633361343331333466613663376236646331353838313930
31666461356661623561303263626331313738316637616138376664393566353236623062616333
66343564346465336464653036346165363165643236366532653061633133643833363033633466
33303531333961623831306630623535323836636264346530626630316261356463343261643132
33633230323261373738613766363664383836313362376563363166346531313966396330333665
64643330393434356133633763623266306639393337396664323761366434616163303162393732
37303761383838623138616638646665306135393163656438643766396261373833316236323366
61613736636562393662626531643836393931303464663163323236383132653365333965373331
32396435636636633737393362313133393661623939376461633561643237396432373936376233
38346362316234313236353563303165373837636239336363333632336237353363633061363965
32643535636434373838383437653030656561316132653164636230373562376339636137373865
33303039303138633363346534306232643438333235633939376164393630306139636239333563
64313664373536346637303530653836653566303863386639323739373939343734623139363261
34346431653965356538366334303466343863363033303434366461613131323239383032643466
35666330323431396161643030316230343863613364373332626137343337386237643661306132
36633534393430346565323630353861663564626365393062393265616532323236656265663839
65383761343039663936303664316636316333393937376462323639653062383836373461376630
31306231386230613265333362346563643066653933383133363439626263613833316266636536
38373634643263313037636439653939643064356333356632613365663736623363333666663061
62396264663830653233613264393164313936353962633765323233643030636532666534666230
63633834303964656539303731616235343631626638363165633536313431326162353434363365
39333637366266656563623534653434343364663633316264353164396363633830653139613064
38383862303739353032623937346236353665646634373538363062373166616632363363373031
66383538626638393137306234636163653332316339353734626236303939613635336263663638
65393166393661663936383635326465646664306336326237393439643965616630663533363038
66383964366339663663326233613262393337613937383462386135666233363061333734326261
61326331326563383066336430656230623465613332663165343165393933623462323065346334
66303034366366383565383364323837623534333633636162646430636235353162613037666261
63343335363137653262393464633831653537336430343038633437613965636437663536613930
63613635376365386535353239336532353063313636303663393037356539306633333464653665
64373063376336636563663966343263393935313563386361636566633237313865373864316564
61653938356231383364623639376563633733346231363561623065376161336131356235353464
63303534383665336535343033643763363331373038353032633638616362336339323764663533
63396561343634623337383733333466366463353361393166333462643566663037616539663437
62313330303332333331323666656138313764666635333635623335396464303833366633363432
61336633336335353663333261343766333338366238383364346430373563613761663131656238
62663836343731313238643961303362616132396463393930616230363030303963323433316133
38653338656139616232396464396639663432363531323639633230646638643266393465303738
32383031646566313332316332326632366466633664613536663032316437623539616461363366
65333539623061353163393535313036336364636431353735376537666435383066623134656362
66656264383837346131633631306665336237613838366563353638653664656263653837333265
31613736333563386533666664356631616465663530666566653634653661393835336464346564
36323936363562646435356338353363303132353231323664306233653538653031366663353864
33393936323065323163356666613238636361363163343236376261383039303430666337356237
33383233663930393834313633623565306439643634656665353035303463346561656137383765
30393730383530636339623934653261383663303437366162343564306133373033313664396436
65383830303239366239333462386131383466353539656664383533373762333662663662313963
64343062643161633336326363333363383231373264383233373461336137613139336465393133
34633465313063376333316431306537646561613439396531636230346466666562326564356239
38663738343635663533333037623933643338613365366535623561326665306662666338653661
36366236663630373335376264353134643535393732343264383232646237323231643262363633
37356563333432326662356365666438623561383762653536316533633234303633303435653331
37356333313337623736306434353334343262333564353065646335656362396663623638363032
30373365613036396565326435326535623335323863346563353561376462613135623537666436
36356461343634636331656131613365336435333264356465656538336236663264643166363331
39346165366265653561643361396434646539363035343461623461616433303633653531643137
38396334376162373537343731336266396239386537636339616431636237333964316566666336
65336438643762373166353735623662343561323065396239653835363539633836323661636332
39366335373563393833306536346233396333623466313161376661396135393937373537376361
38656130653733613737636432626538626265353131353861373534306532636237636361646666
34636165323537396632616362623139663432303639623237656436326236626364383036663762
62353936653061663264626662613733313235653530396437656165656336396166653763633664
35646530636633306431323932353662383434316531376165653538623735643535386431306531
39363064383663373532633531653664386335353163636134646131346635366464313438653163
39326133336236616439363336653362656362613563306362663334393836373331383163633035
32643138363932303231396637643566623735663039376338626131323763303232353032363135
30633161623234333732636330646465653565313432376534653162666432346132376332396533
35303964343030343164616232386564653233373737373836376639323031663861633337383966
62633739346565373831323435646633663335373137306563386233363866636333616461323633
37343436373331373037393835303262613137616338623962666239636239353561653366643230
39373961343161303734343630613661383231326462373837383834623765663264396464383462
38333231393732303939386361333030613664323435393535626439373630616363376161636234
63316536623565656362376561386334333038353232336236646239636634376363636662313135
36616235393832373338663533616332306235323739363965366333366265353633373238643630
30363663623664666661326465373130653739636535616230306332373934356439343834363237
38616331383265373566373865373930636431663939633732303533313833376639313063666463
63356235646337663235393561386639636338376235653263336131636633383966646661303637
63383165323030663131643962653036656332313730373836393361313134653261383264616564
62356135386563343463643439396566376536653932383838376231376164353564643330306166
36346335303366303562646161643636316632616464333535356431623436336662323661623435
31386632373836343334363636623238323862613737366461366432653662613836656130656631
34613965366263363265303933623837393237306139343631333132366165376262343139376230
35633763623930313636343639636337616336343532643634336663623665646336346335326162
36383862633330303636393538653035323033333838396566316330373338393437633764663835
34326564383832663230393763366663303231323631363337653964633736303736623464626536
32613636623232643362623234633532336563373261303139363431636434303535376461626236
32663739363662363438393564356530653837313634366136326335613431653230666130356530
36363961343662646664653932376364376363393961613733636331363037666262363836626139
61306337386330303661643338303935303932326135393638343366636430366332626463326332
61666431636534613865653638366130346664656331356635656335323961363938313163356538
38646261653035623665666131636365396466326565613038343837306262393762366434656466
34316339356564666637636163333837303331656431663465353535323033383535643934323832
36613362353861663339316637353466653638393366643131666234393631613634393464383364
33316665303965366239373063646530383735666362653965316265373062653266616261383064
30613035323637633330363264323532646662363663613234663764363161326666396338346430
65323333613539623965333833313837343432356366393539313264356333396163663936303363
61663536636431323335323136653462623435396332623433326335393735633036663035326363
30633163353336373433396663363436396436323631303165363437633264613264316561613531
64383334633935333237626162633933623239366465323561316439663962666130653735393663
39643536656261333636353562366536363933343465633539316565376432323330333238356133
37346134623366653161356565306165653033646436643563656665333835306132303366663265
38383939666562643664316566353034663762333662613364383139393936636564306531626636
34396463633836363139396666363263323066396233636363643438323536383439666430383464
34303765303263646634643066316534373163643439396331613164333338303766633239316166
36376462386330353863653461333539373662383166616636373762373064643231623037336566
31616430313634386231386536383262323238383463373165346539356437396161366533623437
31313936323636343235316261386432663338393736643566633136303932623638613664316230
36626435616130313166306165353635646561643133333831643733306135623066653237343065
32346634306437353361396461643339386362343939323133366434633564666365396437613031
66393164383832343633393836626330633062633636393338613065333337363566373363313130
63636130346465343136386536393839353635393263396139353962633266643738333635633731
65336636623430376231643261646264343263346231346138303266366135373132643063313536
31643630303530346363633466306236353432306634316631336430336630326234306264306431
62383064316363316161366366303332663064373537663466623335623835663364306539663866
37653036373033396163613963356362363831393265633163316561663930656366663662366263
39306165326534643036376565333731653063626330383962333335333339613935343531396436
62376634343136613132663535386333613764326463646463616437363263656161646637656233
61636130356635326133353234336632353238396664613035326538646633363264326337376265
61356461303631343262326161313430353265623565643837376138393662366235643331643433
38663635303964363737643932373732303066303431366666376339633733336236396636663839
35333737626531333930336462633765333137343839353032613865633334666662363063333739
61316331353936303865643030313830333236313139356437376233396436306331653135633538
62336339383766343636393563346163373863366634376162303864353665663636316563653332
31303766323830626464653139303438616165306662343639663032366636656662663231613638
62613930653162323166626137303734323632663063303738333638363032623539633737376265
64356133343661626231303031653336643938623631643631616439376438623833346130633232
30353137616365613663643063333166393033323238343664663830386631306262663933356661
36343765616633343563653034376439346633363065323937336665316238336631333038333065
39326166336665633365386530636139363830336636646230313532376632663832306663326337
35666437316533623838656430303334373565343630636530336337303539613363613838316634
38316563396439333831643336343638306365356631336434663831383537666134353737656430
31633266323365333364323831356438373334396166393630306135623463353331386535316262
31633838613563633030373736666238383264616131323234396436623230333964613163316432
61633162386463333732643734363936353265336661656539356165333330366436616663396264
33353461383966623265303134656265353361386432663935636439613263353032336535356432
63343837653939363137626531386339303232393464366536323763383739653665653261393332
64656436303733613838653764666462643036306361653832626366623961613436373433303633
35363038373562333439326432356338326266326334303864343737396362656564363735643130
35396163356233363365363630306133376437336264663035326131373664316262373266633261
33363838643737363066653466636337623436333734343639626165363061323335313537323063
30333966313138343062666133346363643238333932313561346135376138646566663639646564
64653964626232613439323361376663633833353465326133363934663537393563363932343564
62646565653335656463633763346535643039363035663634333230653537323137353131636130
31353630383263373130343131646432613437643637343863626238323438616265656136643736
38636332643536343539653035303764336538613733366439353633306666313961353862613664
65316161356662623562343762306437316362393637623037616139623966356663613330396363
36643632353932343036313833306666653962376531623637653233303466656135323962366433
32613031343332356136366437396462653134326432656563303431346234373535396337363864
33363439663866346565383062323838376630616238653233613531353133633735626161386137
34653932643361383433373731383638613635306464366564653435396235356234613563363432
61313635366264616337613762343337653766366362666531356462383632663139336664653364
61623465306664353134386464643036653163326237663337363964346162386538356531393231
34333864363333646638383433393166306136363138646566366362326335326639333766666462
34336233623136376331326366343836613133373334643465326561393734623464396236373161
34646236623836363134333638363665326664643834323064633135653662636462643661313931
35343538346161333764393833386130343463663833343838313232316263656163303938343930
37313266393235353534396364306362383361356130323232386136303834656462633535356239
39663261316361313561633063373566613165643338366262396566656639373261323666663835
35393565373562366535323033653662643234386266626433663866306339313934616565373961
61353739666337346539326261663763383061383965326530303134366539363930653335336631
30393737383062316339643638373032303466326638323737633962346136656536303263643366
63363638623132623934303835393634323731626633393930336563343233653537656633616463
33323966336562343862626238376365656232363431366338376531653535303565373437393438
61656431386262656337343533646532323539303634356532383538376233623030623039623034
61343335356535363539623932646463666439316262386362636430666164373732333033383063
39333736616239353130383231623364636263626633653530366130343664333830373233396630
65373065343631656366613237343230353139636161643338333466393635363832393939386365
38316332373063636230386435623434393739323733373763626336363738643962376461383935
63363362383331373139386565336430663163663562643737313033303133643736383932633633
37393732663663636162663366653265326332356661303965323131373566393934346466636632
64326664343731326332306237353862306238396264363236386235356464396238383237323036
62343162643338643035353033333333393239316234666236306635343036363163653063333165
34306535643061636266633864643766323639623562656263336263333165323765366236323230
63653863633534326262663431323265316330646534393337333062663730633039323034636331
66616532396532326634623931333035336264303235383631613434653765333832363738303361
32323437383630386137333335326236313166653061373161613132386632333238306237363434
32316435383837373736616261333833333132396138396439656434633334303333613563393237
63393361366363653038646436613961643033396139373831613961643937353233356230373436
31303931316664383439396537313737666461393733383733306535636636316131626533356161
30343834633834626631363665613734323866313831306563393165353765613736373138353533
61313739323465323064643733666631363237653363396438343531383962626461363361613333
37636365656439326262396366313737633234346361376361383931336361373539313934613839
38363165616166386636303263383531386262663737333263653332343434626337643732613766
66663537363364323131613865386339626233343733333438343062626330343862663335313932
30323762303037643362383765336463396164366633313136356637363438663334623264626665
39643364386664616630616465306139396639373862393633326163623330316239643361386562
36363666646430643662623061666265633031383336613363363631353731306532383861336237
61333631653137663561633065663261323435623139663839633462326461653531383135393562
38383964376332316463363335393533323562343464353931313933636264633637353761373662
66393166626462653062653133383331633639386465303438343038303061306661383937376531
66323162316163616466363662393062653137626461376463356432353466653836323739386233
65336664303466363934376261306234616464323965326264306635313435653266383764316164
32323765373738383966373433323661336264396266376232363339313438346135333765346131
34376334333630653230376664373435346464393738636430333834643230323063346135306131
38316633313162343335326531616132376232336533633135323935346465326431656531643639
37303938663632393236346238626166313936323736623839383239643732323362646432323164
64353235326162343164323866316339383165373637653863666133653138306335316465636535
35343463356636363034326361643462613963346564393263333264663461373934356261373934
66313234303032373565383736663332623463363565623134376339363331623463306639333330
65356431343765383664666439616432666431316461366434633562393466646465653334653937
61326331303936666334663661353833316639326638383037373537633436646563386630346661
37333364333366666539363036646232373936396336356661646363633161333830623732316134
65366636353137653734356533336332366634353131303838396233643738373538643735373738
36613961326636393961336430383139646262336230316137626563323733363066336436353436
64396631336638323639393664616563643736616461663065393630633064633732333031383965
34333238313563316134393633663138646330336431383964303837376461316363323337366330
64323761383433643362663837313730663834386565363438383836376635666432303036313739
66613262393830343837343930366466363364366561326461333165353362633235646135353130
65336563636439623563303339663536353436353163653634633036333531323236623835643839
37623564373561643837386365613032656164366339306564383634653363666433663765663963
66333037326535393962346366373433323761626566666166346431653538666334313830316432
39633739643262646663363163316333613839323262386333346432623265633432336237333232
37303637376265333637366230613135343735303336306337663131393336323038313862386237
35353062623030316664376431333464633535386162383464343634613539303439323632346337
35633039663031336333363932323534383163323439616562653637306466353761663664653331
39316664373335313935353432313832323735333934613433653731646666323862636434633738
35303466303963623437333930663136376539396261613035316465373437393937643035373239
62383062626234343531626231316638386235653338333165646565316232323866616564326237
34306662326339373932666635393932613337623735356561613562383131393964353164356139
36613866313564303037383630616565343165613830396439343863326133363664656365336639
62366537313532373532663362616363643837613662643238303032626339646639366639646534
33386337633139346336616534333665383962363063393933646161343533366164346133633765
63303565306135386236383665366535636239326431376565373433396362626136386232656665
34383236346133623834333336633966353964336636656161656163653737616238383039363331
66626665363262623930336638376162636231613762303363363933623562633265393630613166
33656664663834643132666638393764616330383962326466633465393132346437323234666465
64623632373261333361633262653464343862656661663965323663353233343332396334376234
30303536343561623532636434373766353564323336376438393865323664616439323836646237
66323336333861333639646532353039366361316637663032383538666339643538343961383166
62613834396638646433613932363239643136636231653666653161303036613334663666373131
38316638616133353661393332613966343966656537353761353864633663336233663265386165
66623663356363353165656139316361383862343663303232306431663862363530326234353365
62623764666665626630343962373564643833623163323235663232346631373234326265396564
66346532613161383366613234613830333533653038646564663538323731343539343735383163
32633536643565343761306638623435636463353761613432323530646262623561656362383933
64323236613835383739643830326630393735666436626261383533616664643562393264393233
64383238303235306366356238653639613435343638313164363762323635626637366434326363
62356630313162613033373738343737323663353039633066363731643234396630373239333462
65383238366361303362636136616137313232316335356461323636373837633531353735326431
63326530656139356638386538323866383864313465623233313731333435346232373130626436
61343336643165653232623535633734303363663364616235323461383731363066383039356361
30636664613831373863316166663633616565616465633730363638636635376135643336626137
65646362656538373939646133353964646266373134326631353464303062316231323139633362
64386537643264373839343131316162346636353230383062373865646663383939313132623232
39313932303666313539373163373466373462303666383937663738383766333466643730643762
32316635386436386364626266303239393031623038373065383864383439636463393730323663
64353137383336313130366437326537643135383261663936323564353838656634626136303964
64373064626639663662366635393636646138343435366363626637656430353965343536613162
34623964626131393034623262396538663636623434396633613965646465386333336135323738
33383137313132323463323137336337353162353565636435353263356165643939336334393839
33636238336639653031643635323061633030376461316538356263663330333037643935636462
65326266656165323866623030623735323931663737643762353931626134646133393037623261
37656161626161363466356631343861346232633833613937333761353038343664613231313332
36383666623235643737666637393763373065323961363735653630626434383538313037633235
37326238303634376466666335373664653461333533353930663132643330646432343766333632
36323432346335323836323965396562383266656663613336313532653634663030376331616337
33356338333430633263333138323437343135346465383565613532376630633839363064373938
31633538333832363063626133653038386338373362386238313863666232613934656437666461
32383333376635626139323261336536333333633235323764333633336338613866623834393865
36336463663838636239393936663835613563663931653238393931323863613666396363313862
37393632613765353335636164323438313938656330383964643835633934646365303766616333
36393165363238346561333330643037353530663134353037666461623733343236316565643939
39653639363536383035616639623534633364666533336466353530303166323964626363373537
37616134313939343861303966623835336463666537326464393564646131313035343564306261
34386630303863616337346635356364303935616332343736393336646466666331333035666465
33646438663063383530323665333631343062366139313362653838373037356230623938336233
37646135343137386163646465616138316632303361363165633865653638656465313762353834
33633638636361373036303834313065613435343839363738666461636538616233613936306330
62383562646437643137323731333031663066316138383833373533386466616532613638383336
63363438353864303832313438393436353765316534396463393931313062303865386430616537
30656562306338333139616261326435653161646538373864393366323462373736393661353066
62303163366336666635616532653639653539366636343462633337353062373262623439353634
37303038643532356366383863333365663366306134303239666534373939363462636363373732
32373363323166633835346566323534306465643235623032653764313030396162653839623066
39633865626637343166346437653663346235353031373435393337613039643462626638313265
61303161356665633961306264613238306637313465373538323634356338656562356563653463
66303866383063323561363138346630393061326263363033636162356130303430646532393836
38666638396235363636313935666534653733376436356432346631373666313434346630303262
63333063363237303232643364323033633463653932643161343263333264623363616364323464
61393163343734313761353738313438363861306161383439306536396532633034613935353031
39303939366638363539366234656662316530643130373865613730303837653637653261346133
31323536363432306434353434353762333830326138643264653833373861626636663136376265
38386630383638343632333734633637306566636533363934303733383361623337366638616362
62656639313764303639373538363237393862373635316435653538323565303138376437313335
30393963336135393835633031376662623462623934396464643538356666623966373330666266
65333134313138373035323466636531356139646161383031343866383464343438333831643664
66373337393736313133353661303433393835656636313038363464353062643834333865646437
31616139633335313739343530373439653364616432353865313163643765343935323539613663
35363334663530363266333063663266316539633433383432383664366339363735623534633136
65643532346666383964326438633836323562633833663234376138653438653430386137633836
31346466313934616366396430633266303939333431613739646163636130656131623434306662
61353038333135313630346533646235613338663635666565656363383335623530623163646339
64356439323965366630373632616535636135663865313665343037323734353530323131666164
64663361663337666536663262663531323332353434306235333335303139626632656461343333
33633766333730663361643135376133383237613366663738306334396637313966303061626636
32613733363939346637303031323239656236373637393937356330383732386266373563613364
34333833376164356364396164613261393839366330326464633263656439386630343538663962
39343366316235343363636564343735326161323537633463306231633131623266623762353562
33303765306136656262626431646365643439633636376132306335636236353133336662373832
33303734626536326231636536343133623934653731383439636566656162393231616637363730
61343861633465393138386632353638343761333664313835643839656339636165323762313961
35366631333733343766366335303334353533623164396434373162363138363963626630646662
37313932376132623337653764363335386635666536363934303937373463326332656532343132
31356330313863663037376530336230343937306365353434343465356465303537316162376339
61336264363931376261396634323137353839663535376365633136623436383466346437653161
34326331633964363039316563303834306630616465393065373262623438646531346234333534
35383765386639643433363431326366623639393635623564336262356338363131366130343634
64663736366634306266646630646431653563646637663739376164633732653365623963366361
32306433623237313264336130623234336461346136316334376537393537373133383230613730
66643363656266306264373439653863303762653766623836366165653332353265353335323835
31306438323230613635663933626364663166303030363539353866346566383461623632353261
36643037383335336436366337623135643163653562333631396132393562643632313839383032
33623062653236636232363132306632353134343831663630646161366530316337623635346130
30373363636563396634643765353736666365636539366432653564633163626362613466646336
39353338393365386437333533386263656433626362633362323131613930313463386432323466
39326561646233343364646431646263356335633037366663353334333333393135646435393238
62663762363138643762653966663466393733363336366134336565643032393439616263306233
30393632356364396662343063306337326335323032626466613132333164633738303538373166
37613033643162396434376263326565623030633166323437323536343735363634623639303332
33373639366237623634656464376532323364356330343963353934336431303032626135323336
65336233633662366230656436633335643933386464306138386534623864353738373363663763
38656262633135626261393133353761353438613637346665646139336531633330366161313962
32623261636264653536643834323538353039636132353765323262366636343839306130363566
38626565386263646166316534616130303138333533373964336464353138353432653833653861
64303139386563373865626631363033386431663035313862623761656135363038633962373132
65653265373631373736316532353831303139326638333631636233336361333563373531336166
62653062366131643463373831666364626535323466306236316462666239383438623966613635
30383964326661366538643832633164316266396530353437663361366161323833623262376339
62623831653039343937343963363936653265316436353437626134396562633336373362303336
34353961313562363833343365643563363564313833326362626434663038353834356437613831
62386365393738653431396338616366363739336362343764393634366637336161663031396161
30613734383464313232393532383330353334623533633235323638613537643032366339303263
32613935643637333461373235313731636261613339386561356639383634396664623665323464
34646639356631303538333738313761343437323538383863363930643535383139643065653666
34333636303639306463353061363532393830376366313231396537346430623131373766323638
31313366353737383137313634303231393034626566306435356366316566323433653931633932
33663065383938636664346261333561663937313030336534623362653830653832303431376138
61396533633162313064666261656661376139636237343939623164313165663266666433353438
33646262316531663832323637663830396462643934313439653362303639346335356631653961
30303535663932653262346365363361393234306532363630666130316236653736336130396463
39323738303036366431383436343730323638663265643664346533663537306262396165616438
65656565326632623537326263333931376233313334386438613264653661303666393664616133
32333366393634386633656662373662313761386161346366623263666562333264663631343566
35363132646561656531643938353562373866386466646366326564636133656261636635663731
62336663656464343038353661623266646562343635613533373066356632386264323034303336
62373930653165626237633134613137336634663831326263363337373938623061373738326233
32653865383765313636613934333963336163666538363261313130346531666263323261396531
35366166313162316134316632633562396335333437303965323063313163363732613461623761
65373635623963303430386430393337353131356463653938366636396431343261626462343833
32616465666665633539653737643739326132316466613962633937656564366134363766373963
63656335653666653933656437643962663333323561393030653330376532353963336366356638
31643461343166376630633563366265653735663736383665623331666265343635636365323566
32346634666663303465653961363030333362363461646334393434373434346138383338376264
63373132343636353466623961626430303033303837613463363365666164303366303239363035
30396364343533353162666461353734356561313566386432333765333733353639306365396430
30366662303966616439393462313639396337656164356330383461373063376638303336303361
34653239393362343365306438303636373261323634613963613930656239383830383830636363
30633434646137313038376165653737373639313232353432383364343062323038303439336237
61393630343934636430656131616338633936666630626131346464323935656439363536663838
62656262623164663030356461396637343530373838303535613363313533356362353931613864
64306633373232336266633636326563666434366666323761653965346436653661633339613831
37373739313965653965643834383937646234336133313033346536363731333433633933356632
37373939323866326431626134343830373238353261656135313263376131666238616236616435
36633564613236383562626434626166626166376563373239313131633065363238663561323636
62376563343963663236653933653661373130656431313338383030393963323663313136643561
35316137323631356132313361663765303939663331306664613933306431383064336136306235
64363266643665326565346637393134316566373361366530343565366639386365613439343335
34656232306562346530366466623933366438633232363930356538393165623337303466333435
39306539323936623966323136396334366561333834313462376232376565633361333062373135
36643861366162653738653330666461663866303634386637333233623937343363366362373632
31653039616261386637346164393864623535313139366233616463666565616430663639653137
34326431656435626662666133303037613938393762616239306564613263363836393937386237
66363263623333366136366239383465383665633630373038343838623336353362323635616433
33393033386162303436656230336463663665333837363733613765616532393232333061626566
63363864623435306365613934353864623866633332643538353732656166636136313937663064
36343636393438346438633739313763313238616561666230313962383238623362633033656161
64343364363336336264306230373133323066353132626364353962316532376232353338343534
31353265613938623032616537326164653834323837643837633534663162313462653031366165
61393634616262346636613664353064346564353539326535313437336439613932373639366462
34353634303130353561656164343336663939316463653239363536333633356364343861326262
39306334626362373064336563346262386566656266363764633230396137313661646565616630
33646361643664653336663439386363336337323438363563623863373637323138346661666665
64303461303634323834303466623832623761373065353865393731613338343430323732323765
66663030303834613430313038363736343436373737353134363735633865353062383034623631
38366230393433373566626366396239613131663637346436656461333130393837383766346130
64393930323730616331663061666132393834656439326436643936653365306334313266306466
33363965613239386166353363376231323336333635666561393430613962643165353038663563
65366538373765643938323630333837633463663130643436666663376465346331363161303830
65346566653138346262646531646332613661303730333631623236323164613036303266653333
37646561353034626535386632666437626639343337306435663530336566663630373065356633
35303839633261646564656135356565613239303363636534393033623634366262373765653136
37633339376239343531313632383764313432636533633161316366383635343066333162663065
34386638336562323866663239313134376436353433633865356230353335636237353933663238
30353966616136326332653139373930393132313961353034643432663533626632396134323235
64373662633536653638613162366362333062303566633364303834316630663739666434666337
33666635363433356633366432376235656135313937643230366233333737356139633439363862
66643665663331386634386662303765396133373935663066626235626437383166303863633463
66663166306261363161316438646431613133663363393761636561333931373336633034613734
32343863333062623161306533366634626563643365386132323934653363343165366536643038
65396539646538663438396338343034313362393163353739636266333935656365333563346635
30383732313264386332373064656165653335386663303833363662646138343836663366386436
30333336613664636561376232303634656332343935663737626239396332633835616662323363
39323139636333306565383337326661613965316633633036323632636165323238663565656439
36353737663865313935353264363130636264346539356135376433333137613864386236636430
32313033373230323735366534623435623537383637663530353161653130643066626361383964
32616238326437323738383261636661373132646633366533306632356639346133376266623835
66653539623561373265333165386338303333653864396561363034643861313234346637326430
33636361306430616130373239303031336134653166393334346163353438393232363837366439
31653438656236383230333135633934616336303563663136333231643230383134356633616338
63346166333839613731353763623166663633626537653935393935333562393939396466396163
38373730346162643263636635313535306434393363303732383838616366366330353237326236
36363338393830383230376461323366623337366265303663333433326237383364613263643432
34656539336233383064363135313239313731396266386632643335363936643237353838366564
63373732613333306461643634336564316163616330613038366564366465323038613765373031
66363737333336643762626536313634326630623535313137623664323534666462343131366233
30383064633661633837356333366663333738616432653739373532346535666361653336613934
31303161383062616431313163656235626632616437613931363334333334316333646262393538
62353163663835663039616133663830623938306162316462353433363631633030303363336561
61383037333035653330666466356539326261666361313938663565666334363734653634363531
37653562616632383738313436363062616137306164356631646265373464613230663364356662
61393166346633356664363337666165316662636337643935643132343233376138393730363733
37633139626635623133646338636164393438343637396438626536363565383532333631306534
63366165303962376365666161333238353736326263303566343663626337353235383463323462
62633638613134313436336635333739343237376238663266373562303330383661363565653137
61303039646636393630306661663435303433663032376333353766656535636538383661363436
35393334383035333233373637306439666535363961373232373931303231326432386338653731
61346138393661646463383563353837663064636133376461313037666232636535353939626138
61393734376365663839333330303735373134333965326462396162313166313833353630333862
32346330663437316664353865383735636138363832646261383833616132333562653334613761
39386565313265323039643561633133363066643231373166626636346635316666636434666665
66356663666135613234653337396164613932643333376435623736383131323166373231356463
61313936643933326339353261396339656338313030636235376639333065323936323135316237
64353063623464626461316333323035643330346438613063653738303038356236366165633831
30613039356566396165623435306665373765663664383465316164306538326534366434653235
63363662643433353435613163303732346639653161633662373764306663343666346264333161
34333532653330633934336165363236383139306337383261393661616563323861633531636633
38386534653135666264643136373962316466626137306536346439613562313035386162333737
36356630373734356461303930623665623437666531353833663165323266316261613366323739
39346134346365383261373564373037383666306231366661633737626338633739326562373836
66343730303630663336386566663864356239623533396337626364383566356564343463653263
33333831643364376361323466366364306464643939323865363530383931633863646335363032
38663061643163356532366462383563633337323732626431343730363032303663336238633730
62626635333332653139636631346430313062353061363430323735663939623162323136633030
61323931653630383431613231636162636333346437646539333435393665373865306465393263
34653437376462333562306536376538313635306463373135333463353232363233393239356235
62376365306366303834636637306538326666353531366232326465643436653665336537626261
39616437653366323065373931366233343434653836363236656139366337346465356138646437
38366433383736393134313238623930336461656230366334393732613630383264643030346264
31643230326466316439616433346331363733303262643164316139663138396234313263363830
66306230336135303639666331353737613639353830333434326666383539613865376533343938
66666465363232643736613235326330656133656261326561323631393265306538323362326436
34383439396665386435613637373539623464383737323666663961366235613236353765613137
62316138373232646136646563366337303366323737373566613163373662323364393365303462
34633536396630656236646633346464396461353736336364663837386662313737653237666539
66353365333936353164386432636163646366346430646230663931666637356238353064373733
32393663333135356161393038643034313031363439613838323330656162363735393830386530
62383439343566623063366337353765323930333362336633633331636563323761636163633964
63336462643432376263383562613163653038326235313561373661393337356664343139653861
30333831623631653962633732376466666539306434353533353937396639666237646537306163
39306339653665353234666635623531363938366163643965613635303166363634313030316536
63623638393261616538343138393937316633643361303231613337636533653337353331353061
32616563343235636538373739333865376162646365383531303131663666303966366632313038
30373330363765356363366135666563333439303734366365396432636237366162323762623263
39646235393638626537336339306166326462303136303031623839613565643163396631343762
39363166626465336532363562323432353362623431633132373838613764613636653033636466
34646538336530626537613564303962343465633237643238633237343932323533373264363536
65653537663934636436613866666538343331393235393236643465396662393439303137613735
66353466653439633230323766623532383761336365636464623730393435393464373334336337
35323263636331333435353563636234396163653433663537383935313961653131303839373462
66383130663466653936363832656162353734326339303435636233323063303962663437393034
38313466373637633462363737336366356235616261346465316133383164616337656561643865
64306164666136303664643234326430306633343962313965623962396638373364663436633933
39646338616333333761643436306266306563363231366538653232656361623038633038313736
33336335396630663961373633623339396463643936666134343861343833393535313561656133
35346666313932373532396230353739663834346438323665343939623738376662343931393565
39333538386564353830633663383962613331366565643739643539393434303835623065666662
33666331363439386331323462363564346535626462663464656365366539393238356461396637
64616165393732653630326663616437373337306265656633333231323666666264663162326235
62326532663663373637333432636437323333316636666434633130643563616630633465386432
64633932326437633865343262383463646462356464363237623934353638393365376639363434
37656364376431353937613730353836353431316662336161326466373939363863316331366631
62373335623331343665383661626166366666343935393632396466396165373230323234613332
38333932646439313537393564386265376431653833666337313765633263666562396336656134
36303266383135333837353436336231623666326163373535303634643238366538623831393763
39643639393130323733396238666533393163393866643065393532363563646232656231373031
31383362666232393064393964633631616366306636666432356432353337303463333964353639
36356231323534396436653534356363323263356139656334396238623566363931623337656461
34653634353563386432646230323261396337396531336361353664663338353234633465643931
65663234643432346232636438396130333061336136616365663034323863376239663438343862
34306133316161343630663936306633323438336237363631323033646338643131393531316334
31373364663731393939633334323432666334373161326637323037656130666530343034633534
35623337316466383735323162613331383630366233346262303237613430306462303636643265
37616238313566333962396531366232623864316635313138663339393965653362373034333436
38383761383831656133613137633362366534303933326439323336376331323830323964373139
33366265626134353137363263633134363332626363623065636136663834383862373363626132
62653539323939316634363065346333663965316133376333316130323961316135396361653263
33613637303736393938303536373463666139643733376239303462663033356666386433363637
32306565383039623135356463653935393332623061363839656264623361373763346262336533
32343130366461323036613734326330623537633735653731313536343263623061343966313466
31623439316362393533373964666361643836663332636532633361313363346134323738353632
36303732393834353136333132613061336563323635656434353031666264396166613835303437
37323635356337363231613838356364333930336565363635346533343031323330306439356637
63303231316637626433343864666664616236636334623037376434616236613836646266353334
39653339393236306437326333383532616263386139643036623562373730376635663665333564
35316261663539613433663365663939323132616339346636323533666432623237386466373632
38313033366630643062613766306562313433363131636266616435343361653039653963613531
32623363666437303263356236633061653730393736633833323231336663643334353430666630
66396533323336353862623438326439366232646366363833326237313439373030643563383766
34393334363238383332633738626266623366326530336565313538383737636136663462623333
39653234643632383061636566656435396164653063643166316634383262373764313337303333
30373564393539616539303833636636343533323265383262373133386563633938643431636531
66623932613664356430663736393531663537346666323332616336323332366462616139366166
34663465383366393461343034306262366338633430663137303133393464346337303030313039
31633039303936656464646464313062363531323237343963343431393332633334313763383332
31386161343234653563373565363533326332333633626636646634653432646237346433373562
35653262383434386337623937383663616131636265343061613036303432383764633437656637
33616631303464656631303463303630346230636665626565653061303134303638306665643465
39396437623965396336623565336664656633646232393930393637393234666431393439663635
66396137393462376537346238646639663034633437613235353634373838643566666363643632
63316536663739333366396363353465613266383961303734383130306138386564333939333434
34643633633138653433393339646235653633623464303837306661623265623431353132666166
64303265653365316161366231666437666464633262653239623438333130656231613330323830
36313536306537343535663963636532623031333833646561303463623062626339323965623063
32313137396162363166626639353139353533636363363935303038636335326332663732333534
34633666643330346635666237343766643736666139643731323538636338626161303233336537
31653732623636613638633733643338313830636133643537343833376137373931383064316132
61653364373466386135363163346365613438663564653336393732353466346663343362306665
32316266366263306339333862653361343761356562343761333139373466396563653533333837
30316432623838353034333439336330366266313964653438333861303930646561656662323232
62383363353430663263343132613136663731396565326334373466353561616563306562326230
63623932616561663137343831646262396262663231613339666538663661343438363734636338
62303237386165666433376461626661323966323961646539643062353335656239373732373762
64643865313335623866626233393736363830326438643566623638346139353334656534346461
64333234363136653232623337303062613530356339396232383636393236333866323639343162
61356661616161633266336362666561383532643332666534643739386362383639616366643831
33666335373437643765666536616232656465313737303166383030396639316265323463366561
63623436666136336566373530626365613061326565633037366436303264616462626330623036
61396566356266636534343135626339303537386437633665343263346335316536353933306139
61663833313634396439336332383065616338326466316139393535666263373430663830623766
62363761363130613664336233373163663064323762373235326363633538613965366661623136
36333962323264323337303334333330643937343534383464336631316536393736663732333464
65313538613561303232303963353333353036626563616435343633383734393331373532363666
65663162666536623439643934633431663639666361383932353562323362393561366564623762
65346266393163386538366666393861663433656337343165343563653664623034643434626162
66633562323164633431666536656138336462633561336566346164613033646436356164393931
30323538316365336132323766366263623735663437373766333863366439373162363939316532
35666436616166663666306330633662646562646139386465356661393334393130396532353364
38636438343039666236323839313161646466616463336538623431316535633964663162356263
61343861383235663038336532386338653336663163313235653366613463356565643336323561
33366163306366306436363435393031323236626435303839323765386130303036653064393831
30313839653232633261363938613263323033623462386235363563373334363832663464336361
63633861663535633035316436323162616335616538613464336436336665653536666461366638
63383034313730646166343064336231643964623330313462393132323662616132313130323561
64376337633231323166356533316636366431666439623165303133303062343631303739623938
34303863383737373931663933393035376664653134326632386338306462633861353064366134
31653134353231393566636663616536303533646631623133623165386634333232363034613432
31363163373031333038356138323231396361656362663562326232643435353939383834396566
32383064653033666366643230303862313032653637323733646333373136616630623731343932
34393264653531623532636161386234343233336536383561356637616239633436313063313137
36383938666639613231626534383065666231356539363130623434326663653035643365663933
66386232346539353866373831653130343932336464313038303333353565653965623833383436
38306538333666663762663635353835386339663637633938346162323163393162336362623265
34393063373835383766643839643637353934386666353538313936393565326465383530386266
36613266613339303363646138363266383564386336636531376330616136393932633963316134
36386333393938346563313665313236653466656662346266366331386335656264303938396435
63363832313235306438353537616530646662306466613133343337343563663762336235343661
62373636666136656337386430623832336566663434663666653731333134633138663161336664
33393336633536633432346461656634386436653330336130343137623338366465363036386639
64313939656666343733336364386664326534656230393731643463343737346339363534366263
32646166636238373734373032313930353434333439633737656237373730353731643564613436
34323531336364386230303764333639383864656230366462376664396136376539373630663132
34623663623563366639643064316533636232643738326534373761333338303532356432623036
31343565653131626230313735613235383536653061646531333838353733356631386630356534
64646634353966656636303639373035383065623634333835353666643837303437643732633139
37653663633161333432373966613465383639623966643735613333663961333731646237346263
35313061353837313032346138666334376434333662663064303333396436343763363934376632
39643461646365366436613232626361323933343566303037613732623065316363373335366239
63356533653534396534626262343933643733616565306138313864653636363462656634373339
38313335353962313536663664393537623763666330343239386534323436333430633237363832
30653433653135633634383264643065303533356630396537633666353530363430656165613032
37613666643133363262643738653164646639396237353130646464623431613331353434313336
63313134633835393735663939343130656564366135383466656431313262643030643434363734
33633830623362393730623232653730343637326338646334346530646333653730666439636333
66343964326462356431643934393437383064633162363964623635333534636531346433343836
63663239633639623666653164333933626334663135646533336131393931303162366333316230
36653835313031323837373163663234643735343861346563306662623535656163333563303764
36666639646134346565663930393831396565666130313331373335306338643936626533623664
33373763623464616164633063366663333861633039666165636339336432366434323563313962
33303430396632373830666437346633653630616531346230303666323265353737653265643866
65336566376431303561356538303039346435396635646162356364643037613230616430366261
35363466353032666330373131336663346562316262356432356663653363343361643161356336
31313863363033353630396233636633343061326630346131616163666363636361613236343735
61353138313666313863666133653932623166633230346661363139316130343062643630626366
30666363343934613035386435306239613136386261646161393361366639646565386463646234
30623164356131323564356561656564626535396438356335303838323130356266373465343235
33353539353239306433643361666130623835623836386164633235666138623863353634613836
35386366333962336133306330623835333039326437316461646332383232626533663735656535
34623238316234343736313636356564653230643936363239636263313561653962616264626432
63643833396265623763333462336363623934363862373931396333356538316163666461326464
63386230663831333733663039346265383933343030623238613265376232633262383066353930
61343562393766353864363031303630303037393263303735656563613233633964363031633663
63646366343763646533363332346561373936366334663964316431376165636161653364636636
64616166336561636461343036336365623537303832646237306131303763326339646465646665
37363330363630316530663862393932616131636430386262393739343163663039313834653862
30313431633866663539373935353566616165613361336235613933353037346366626335343339
34656337636661303162633265623466623962376437653265623236393438343563366164366135
63613763336137323866633362323632396466363335633964346561326636663330616564666164
34633864316133633838323631653866346230616239663938346636383664356131393733333832
61373437623864326562316435396435393130633635323330653336393239366134313265336538
32326561393638363064306231356663376339646662333465363761303931666438646538656138
31376636613365616131373966353166323931353130643634333762306434323934633534393633
35636665323334613361396634623765346662396163653434393032653137643161383139666130
39303566396164376236353435323237613937363232616464373465633235363565333064333631
32356263353963643163313530663762353665373563346433356362613139633431373033623061
64313631653431643962376335306363626335656565383661303737626336636562333963333330
39643862396539663932613166643433373832653330363438626164336232386538653338343636
65636330623436633134353030633835633736656532356238666236653635303830323834623866
62336132393834303932323962666131643838303132646563383631303839643430323865653630
62623338623932373136323835363637613737356633636130373663643535346336363237326439
63376666376236343735333635313763326566303861313539343833666263666264323532326131
62373261396335346631623862333135643235373061366333646162646662306238373633353864
61636562343432633738343463333934663539313733393164353437343561323137303433643033
62613936663535353165663636646632623031363963346538643131396337316639313464383532
63656464616532313033353930396136366163393733373039643639343363356435636635626162
39396438663934643865386433613337366430393433333837663861323537336231323263346336
33386364393636643263336230393738613738323135366465376634316238313331323061653665
37633237316133383030366261643635626433396237316637393134613234326532316465633339
63653432326639616532633130623832636430383939376630613338653939353730346331356462
33373034313861663136663331336139306361666662633961376337633833316531356335336335
37366462306139383666306630323466313566633735656663663735386430343061363131383365
39646336623332636434396231386638613637353564363337326563383063623330396439646232
63643633396662623364323466373835623565373139643964636236393665346437353134393537
31396463373039353630353262303866353363323065613634343633333038346530316261656461
36623832323738373164386539306538623633313366636235616234386161623636393430386262
64396464376538623861663762303563666639623863626630383661313737383263663833313164
35663565383533313632616332663965643331386332353736366161343838333062323965336430
34303238336632353232363233323639306162646334386365363266633665336538353263353761
66663436636664323661333863663733323162393864376463396534366438323130336232316330
65373234613131623664643765356431343230326435303537613030363434306532376539373963
66396562653732393263366665393765316333313230306663653564656638343665393163383538
63636462383933316533663138303861346434623230393765636531333662303033646632656361
64373235316639633664343838323034326137383337336433396330373231393333376664323138
62393465656538306232366163376564653630666462363530653237626563356366316539653462
33313762653333333566643738633965366333366633366561323434393162616364653837313966
64396662643133643565393334636130386433333433646334316666376534356466313636616337
36313639393665393436316530326563326663326461336638626136363133356562616137633339
33636337383335343239633437656266366362316564373931373736613734323565626135356131
34633365636239336431366437643539393838646365333630333666653635643032383331383565
64356430633963373337316530643134613064623030333661616437323166346332316330333565
33373737356134363961346437633534373063313239356539656634333535396134663231326632
64656464623435663866396265396437373261353563373639633166323539666461373865333365
32353563663334343432633737373236613635313031666565383566333631323534386639313033
36653165326564386637643263613663623266643237633938336462613435376236383961363033
61336665323131333435323665313132653666613635623666646137653131633162643431396535
61636161653137313234663065633039316161343432613639373634366338393762393064613239
63316361613238616331323962643862313763353462656363613036316363373136636336313232
34343638316161623331646531393438313964656237363837393665306130613831366635636433
39373462643461616165653635323466666336333334393532363661633761316234666261343630
33313932373835323761326166343338306361376366393037346362373135333061356534383964
65316262666633316531356438356637313162313836313837643537346335313164363739633734
38656434373033353139363539323532353031333437643039626262633831643064303738613634
66373861373936363732663337316533623461643361303833363639313263626263333032396138
32623533633430613334366433383232383537633130343162666165393636316536643030326439
36343464663533306237356133636135663732393735633232353839353031643134656431316564
36323964396435636336343964613765353634306637343036653237393734326131396166376435
33313335333066346133346563316635643761346665353833666336626331386238646432316538
35333864336461613438346565376239303366326163663038636365643736356534376330373666
31623636393163636438356136646438646231633061343164653964626236326561303163366661
37613431313964383635353262626438653264306161623664353536376633303830646437396233
35613635313334303135343466623665643734656265306637373465383862303739636137613566
37663039343539633461383130616365633536666435363363313035353763666531353539326232
61326231653335383966313034376534326535353234366661643038363532663338623064646166
61326633376166393064643731633936353935376433396664373965353464343662316638333036
65653666343836386235316538663264653663313737373462656530376139303935313032306534
62316465303661623132643931336139303461373231633136353637386638616138613661313139
63643532313965313834636635623666633863393332613230343137636566643162323162623566
31623738613762663232373865613335613662623561316332346463343230633337626537316432
64343333353239643665653964613234613365396362376261653438643837373162626539353839
66643163666536316239663233343931356133336331666235336138366364363664356562306236
62326365636137316133653361393961653438313434613365633162316537393436313531633237
33653864336236363430393235373566316133653639303434343165333364633330316337656462
31663933393465303864666130663165313232376436393965646332373935306565653566653430
36343963326166653530623938646665353264663738373933663733636435306338366637346661
66656532633031366438663438383332386261653662626264613263636231313136323432626337
33656161316539633131336162663236616634666463383337343431653461656134313934393932
35323835353931386566653735353461623034363932643638343161626365386664613665663662
38333433306336616666613738633965633638373634316232396338336630336665323337386637
34353939323836626232356565313065666163656166363433303736346262323137343730373736
31363833643266353361353535303864363363333433333635373134663965383237653835363037
66636233313935346661613033343339333165633063633634306663323661366166613334346132
65393932346631363035313762643436353534623661383865343438333635373664323332613131
30343336333639333466623539623064613237333562373939643534333535376433303733626162
37313266663233656136393765636632393564636262346439306634333134353136306238366263
64386239386435663237343732353432396165306239396336396437373131633036303233623738
31386665643036333264396261343262623763613266623130363437396639616666643235623031
66313736386139313833383939333564313035336634376437643363373830363036323466323461
39653039346635373564636437343434353466343763363433643164383366653830316539353065
39313861336239316634333931393538626666396637336531633664636630396537343735356334
31346333613938353964323765623736303562666164393864306432666233653135383664653163
61373938383638303336386462656361616335303731613832326463363366616162613465663561
34366433633030656137613033313930316333346638323432626437656133613235653435653434
38306135386134646464323062356638316239316266343361343464386366666162366663303763
38313134323363663531326262623138383539663030303930363739356130613731336633643162
39656635363861386563363232623166663561653539373066653230646165383033313766353064
31643862666463646232623936323531653431393263636166363035626565613565633663323838
63613461386433646437376563336163366537306339353532316163313139633531616133623361
63396362633963386139376165623535366637663134306333623063643131363030613738623762
65633430613237656532633465356433643530626133666263343130353366653936396433323934
32323432663665613733383530656530303231316664393766613632303262656363353537656166
39333931626136353533633735376430303230666166366231663833643134613536653631626161
36373232663163386432323130346563366161636435633531396561663836353265346362616563
30313533656463663437346430313662363165373834303435363364373932366263663262363061
39366435343736316665663866393536613038346664313830613136356337366239623234343064
65313835613830633865643835656463663465313638643666626339316632626264303061636361
32303562633961346666383439393763653438353766313435343737326561373966373432333635
61383836346666336230333963626436626332393834323264363335386536336665313965633830
30353766373531646466353061306462633163643330643239633339336438373061353530613033
66376130353865393430643632313566656465663236386130393262656431373531353930393364
39383734333965353931353163326164363435623735326163366334646261303161343634626561
33366632303337343737613235663931343961336331316233396365323637656535666132356438
38636630333161636634656461653261303831623336636561393936313930653564356139303764
36303738376633396537383066306638383530306265653638373661303562363533666463653335
35663166333735343463373831633934373865386530353433326562343536373333353531346436
64393664303638316464613365363764633335366637656238373736666439633930326439623763
61303761333331646666646562303032613265363836346361616639623439373061383736626566
38356662303566386265663665326439303063616466323161396436343530386232333037663263
66323939373737376465323034643763383465323834613933623065393538623636343137353737
63643631623134323737613432633831613531663939623938343463383264313930343735626532
66646265633661306239316434326265373339373766643134643064633561633230343035316331
32306236376234396131663830626265646663393764386531376161613432656162323237616666
64643961363239346436613239623333663235656434363635623837626532303830616639333532
31363238303339373730616532656638343363333664623433643865613934353566313665656636
34653566613433623934633436383235623334663461323964383537343766623635363738653931
36343864656263323339646430626364393937623430663131616233366330353964353463623338
32306533313463633833326333366533663964663235306432383233353365366665343432633033
38353037373036626337393236323435343136633134356234643862613036346562333536643461
33626338396137353138363130356463393836323135613636383861663037366265383139303237
38653930613939323765626532326134386361313734346164636262633137663165656635383063
63376339613062626338613533343730663364313236633566333930353537636239656532363931
39636139643264343934623338366438623261666234633266366136353934373562653266336438
63663266656239666666306536326235376561653538653233313039653934346538656632316334
34343231336430383634326633356466356465316331323738346164636238666463393232356466
36636632383063366664623830363666636562666231666634633932313134316532626262633931
37366636616262356366313138353535343734373461306431613230373634336561366634383238
66373431353137633134343762666239393130316437316666373739363134666433386432616531
61643938356233363331636135613530336136373430613836643662356134663034346434373030
33383133373363376562626233643631653961306330353565393933663064346636346338313930
35306461613064386131303437303433323061626230623631313661313734353265386139333935
38343536336333353937396466356337336132656166333132353566663566396138653064376436
36353762373862633839383036363338663665616433326637623638303762663937623838393636
62373333356136623937386138663461613736373834663435363965666565663737383539313064
32336465333864353264366264356635383339343664656263643836623766383262396238396537
39313363616534366132366139613935383832616136383337643464343761373464336266303163
31393961613263313166363837633966393236356230326438303338396464656463316663613830
35636330353530643366663933373931643431333530313038663964363763343133306239643834
62323036356266633239323863343530386664343164346335613635353136653362613962363766
65613837643361356331636233383936623934663932373561613338353965313262313234313931
64356162323534343865333061643164303032653164643264313138636437646236616661303139
39383265616438653032623964343638326565343132616238353166316335386632313238643238
63643434666539346431376164376230323239333432383035316434353666666366366431303936
39623634333966646539373134316265343764613637396362613632623834636234623564633161
38656164336132313635323664396230656533306536623730373361343161393065623961303234
61306437396530653064653431343134356662373538613862303133643866626130383030326161
63336637393230306633393066363039636461353439336161663065313234393438653131616231
61386535633761636231336666633566323664613461633236323363643763613237346238313432
36383237613032623135656365383038643163373264396563643238333733626632313636626439
33333361653963376261643961303933633938633163633263663665653638303830616438383731
36363461646236396461326664333038643035306335363234616138633538626634633365366363
63663131333234326531393036306330663437303130306139373662626436363030383230333066
39666461636431633232393537323734306332616663613333646561353164666136386534336364
31343066303230393161323836323030616665653634356365313831323035333963643337636265
63313034643835666564383665636336343662643936343533663933643764623430643837353635
64343733626535633262663030313338333163633838383339376633346463323039306465363030
66396432613631623035396338316234613633636539656366333761356131623632646333633963
36386134353738656363383963353565653833333930353838303066653030333764663764363230
32626563626466393538346134663132636237333731383066373035346131626638343137393866
37326430376362313236353533646432383731366632376435333534363330343533663937373662
31613935646563356636323065633934616566343738633764636264636236316339613735663832
66643631313633663530363835323362626139353332623934356463363363386537376139646236
31643466373237626533633739396366323564633766316162386363643037333430356261363061
35336666666463373435636332323463613137393931333734653066373030393938653033616463
66306435323963373062303836313737386134386536616537326364353765623763396536666638
34383830653661613137323033343161633934623038323439616537666137643534316636323338
39363963393966356139363763333762656664663331383236393662623334353964323463363434
37323961636138656332616538656266343864613532356635393465663965633739356331616634
38636537316364653062306630393933383330333263663334656664353039336163666638316133
34326639643738623837303965623133316166393132666137363365333236373435383063303036
34323439363337363661653237343561653966353131613033316533333433643132393837366139
63646163613761353165303231626237323336333266376134393030653930313935663131396636
33626534383439373264386238363130636264376434386335336362343731343034356137633130
38316638373434613632626430623433366435306230633536633031366461653165666135373063
39336532363636313233383764356530376632356263363065643931363262306631356661643632
37313037316666646431353463346661303565623362336661656265363030653237333632613061
65393363613539373533306262336238363439356532303733336363393938316438633963353034
32653330306436613833366161343261393863336163333638616432353863386162636334393565
33356631326332633034633135353535386430353637626636663037363966343030323564343430
31663532346639323131626634633633323534313334613336633262613865343334306333616366
61663366336362646432346430623466613336356238613665396638343535383638303433643437
33613865376134376134383664626437636639313736623933316166636165326663643264326135
39653932376463396230353435343537313064343464376432356335643535323133653966663261
30653333313861666131303164626438386534323366353065633332383136376638623762313431
35303765373331396235386433643137353765323464626664653538666337333863653137396639
30393834393233306531333161333835343933343866666262353234663866356334343562656161
30343266336332393030316332303330623037616535656433636565363036613531396336316664
33333263323666633538323063326232386265333830616339373537336238656533633338316636
37383739343132326335653232623330626461333863626535333736393134643032393131323237
65366639623233636138343766383634643438626563666431303834643366386261636538623437
35323639323366326336316336633139306131333530643836333134656133346363326638383065
62316534653864376635313539643135646533353836346134616366333766376266323137613737
64633761363239626664336661666462623232393036623737623830353631393330363934613166
63613563373166353038313532313861333937616230393066323736383565303363363561333737
66373937306434366138323534356234373333363333373064633735656132653566623638303734
66373361366431653363386231643162633534373338356338356530623133363734623463646637
34396334623437643461633261356463323063333564336662323931393364336531646364306237
63366665626661336361343239323631633163393034323831666330333438656362343535646564
64376539383732343566333061633662636634323634366236386237633731366238383636323037
36353736373538343263383635306439393431616532373739346337373365303138316539383465
62376433376561323130
