$ANSIBLE_VAULT;1.1;AES256
30353866373566663766616262626263646136653832656466626138633737306631303535336533
3834306139306134653333623439653238306434663765640a356533336535653932616335653233
65353839373137656132313237396631373739636238393232316265386563663836366337626534
3132613765666530380a313130383565613730306532396562396632633662323230626630353038
66636465663361373139303235313836613032623935313061383037376265333537363763623166
64646634373366386166336564393839373933313161386233626433666561616334346338646135
61633562613365666563326535336338356162383838303238643565316463346230376161343336
66343235653061633837616465373437653162313762306233653563356264376465333063613261
66613635653730663232393535626466303934623833316564366564323131656631353833666639
33646535366266623266636434613631646464626437383335663237313738616463303735643966
36353433396233656463633762316566616137623539333262643835623365373439313435633533
62653365333334643531376535396236343838313561303037376539306131316230323633373366
33316666353264616532636463653137356166376461313432323934663534623764326530346639
35643139333266306137666465333964666263626431643661663663666665636137613066373837
37356634633563383235383437613965356530396664373230613230636437303162336534666435
66313361313531316238623536623065303238666536623536643038656338373230646661353439
61346231376663313134623164393737333837643439653566373936373038636638393063353735
30383962643331356164666639636562353161363832356564646464313466356638666337653930
30613936383636653533623462646465663561643266633864666665343661313563336637396231
30396134363963386265653332316637663430353832303632323361636663383334623563346465
65346333633430386164356565333732613666623464623836666533346435303132633136393936
64376639656665663534383132633731363239386631373737663266333838373662613432356130
33303837626439653337303663313135636238373339343564356639346238623936306538323866
64663437633739646164306230356561386664633236313361633230363930623262306666373739
61636331386565323333663533343537646630326364313662383561383131656237646133336336
63343763303163383836646236636166663534383533646532356134356666353637363363636463
65393664636666616537643237613863323131373466353830346363343936383565363832313731
61346230623161343562616130333431633661656433323065316339643738323963363432346262
33663864636536366631303330343362373338336236373332663262363464383334613535376630
39666139633837373264613439626133636535656134386364303862653039633262613861316634
30303465616335393835386531346639396564343335633162333864313566663734353130616463
32326565663563316431353536623135363563303661613164613132333738626465383537376331
34323362313532386665636239643735376565653337666236666130356339396332376632363931
34636330333838613334663137653136393336323030313732666139383231396436326233356664
66353633313330346634633363653763643162303663636138393439656139633166313430383238
62353265356538336363636361313330626534643461653739633132636465303639666236373833
65333538643439653531383432303239383762633665316537336232623030303663313538316362
30383461643333653436376434636132666239396138323239303639376566346262336536333234
64313763633434386461326331326161333865653164626137326432663264333937633538383232
36636434396335646439663235396533346135383931613264373563353264346466616434353863
66366562326665313535623265646266363237363035653236386465663231346535666132646461
63613164636438333465666433623638373862623832346639613561376639663362323036653834
63626638613635303431663165626264366331613065326233363765316233623466623461663665
64383262616164323661346661663932356432393838656439623062656637366564623038323834
31653035643364623962636565663561396661303362366266656338316662613234306461323366
62613539393038303838353435366361303237663862653030653734303833363732363966343632
65646636616564323966323762383738376366663834333363353138666633366464386432363636
30393339623432363035623138616261326638636132626265336537363565623330663337633433
38633665626336333231353838373539353031353930316263633230383964643330373364316138
62363230656634333331363439396139336237663265663334323464613338613264366335633261
33316331373936636165383436653738643530616338373730383338353739386530343366636266
30386264306264623334373634656564313566363533373762653538393036616265306232383965
37646231326562343333333539643234613766313861393838323834633835626463653438356331
32626565396637626266373630613862326136633664613231356261303761376237373064323832
38646235303136663430633032626165383364643137396337356535366639356433363563306164
65316634653562663561333562666237343837666461316236376261626639343339356165656338
30313962383766306337613838303564343932383236653831643539303838383932636566666536
38626364336662343863663331643462373161666432323432346532306166316536373538646338
32623039336239633664316261663638623036303866323538313034356562643139356235393931
63343739343062626636346332306135353131323062346362353032663337626164656535326430
62663831323133666133336337633661623433353162623463323030366562306134393637643364
37613765633064353765653565303363363231316564336234386134613265353230643339313136
35623261626632666362313834386664633334616465323031643938336638356135653634666265
37633239636238343361333235373137333931376364373362386334616437626263343235343664
32653333643464653335396562343732336362336265373938653939353938313237666233613935
62396462396637393839306461656435653661366231663030393231336662323737353737326536
30383432336161386133393038383162373732356137323538343664616135306633346433356463
33646164393963306133303864346636353661643436383736346237353661376264646565333731
34643462303834356134393066353462633961616566653638663231663064633239383034363265
35663636336136323461373563333233386338333339313066383633636565306662653234363233
62326565316365656333376365616635376239393734656337363334373763323139346465396361
62366333396634396366353262353065316362623662376264316335666661656339356136353836
35316236353539343463326266343232666432373630303936653834336436633134393932663666
61333833343163626130643065643363653438306363316138383137306630376232373563313163
31343061303861353639396534333530656539613436373131343334356661643365613665376136
34643537336136346431663931356165333033613836393138303063643832636261663931616634
64303063663836396139616434623332393262643933613234306162616439333036616132656437
62313566656264646364636431346161623165623636346439303037633539623236636466383664
31323064633964303535636464626138383161313866633764316462306436326438623734313034
66333131626236333764613337326236626565306534633739626336323533653931336263663539
34396635393332643666613432643732616238613564656433303830303438313063623164333935
32356566396339303339623965393533666165393838346133623835383663396565663331666631
66656164393438336638626363663431326663356230376636383537656263313962336663333434
34663136333134373639396336623539653561666634393565613437633961623631373130653734
64373866376339323535346365613732636331393739383364333563346633656463356666316337
30333437353337303031643166643131653239326131613861343233616531633032396466393935
64646132633139663466353138313032316661363865646539613461383237626361656435383938
37326664343038663164316638616565643663343330353031646461336162356135353530356361
63383237356131386161653335343566626164653339613763383336643663323761643932393731
64336466373063363534386663633035313665336361326162383735663963653334313333366463
38336432303966353039336162313037363630373534383163323165613261343664353033326636
30333766663933643261383565313435313539633433316565373934666632363031623333666561
34663861616135633239383334393534303835663439333563646362366266633830643962353636
62366163623337323635373435343565633730663435363834666531383066366662393661383862
36373936633334336565313037336131346361633932646337656235373536663833633564643534
64616235326536663436363535636366633265306665363362363665343231393763313334343266
31343530613737393033613565396434653164383933353163333636326533313135393464653234
34373365366336633162616538363936663562636261663938333866633435366639363164383931
31393134653030393662393434663535393264373761326637306637346434666431373233306632
39666462323838663734343537626662303834626633653863363234613334633436323138393666
39366332633531393637376362623662326134373831666162383637363939383330396630323938
30386136323930663664373333323935633462356535373331376430383966323737663462326233
63353236663933663833336535633535633962333361343463633934656162646463643936646132
64326336393665346435353862666630633136643864313637653438343436343832393236353861
64326366653133393066316365623566383265336137636339636463613939656136613163326363
65353735616538623466383231646663346561323965656533613635343534346336343563323434
36353832336638653663656432653833356164303566333562393665313963326331636336626334
35613562373764373237383931373735383537663230386136326632333831303432343563386564
39306536643736616265396333366430653864306161623032346235663831303139353331646536
66363962626231626566323835346538656664613737653230386634663562353065386339663031
61663139336336333962336665333866383662613939376233633065643764616662376334613364
30656164643431333932656439326536623631643338373031646465326233643438363233636338
38353839313939353332626139666335326463303433306431633565323066353434653730386232
38656538396333626535623930333837353962656234616238396132316636653633643862643866
62373433386331316434636366333666336432336562376261343933636430636638373432643736
62373863623461366136306133373136336239343863323533323534653136666534316666623039
66323332376630623537383563636639623733373432336561633534303865653232363837316562
30306261633732653762323862343363663363653731613962636530366531613135636138346532
61653432336261393230646633623437333463346161663836376263353935656139323830613631
32643031373766633138356266313634646235373736626537623331613065303436393065333937
30383465396236613262316563363663646365346464323635646637356337643536396365363862
65616562393332393933303638313261633761623838316433623536326164643431353234623163
37666665386534613862363165353661623837653463636562623838663038626433623038666637
37353465386536303962353837653035333237666632643138613265613332306239333737336166
39633366333063363061313933383333613130323434636336663933663938663663306166376534
35373534386237346565646538633138356136623331333535346465646331346461636261366566
39383433323437306432393463393731386366346432616464636139336162373561303764666563
34633531316561643433623762363466396633656664616462396633613538353961616538393966
34363038333732313434316634326430363662326138326432363262633862356332663038323364
39656163393430313230333164313031623239386636396161396561346535333561653066323661
34633438356138343430393036303339356364356163613838383038663864373034333962383066
31666131366462653964376330633264323337343437636462393265623135663735313639316365
62396465366462343935336363393432353764396330346335346434373761366264373933313734
30313236303165613239636361356638363036653235646236666461623161366436373462343233
39393265313561343938363966613163353338623936353135636366336666373965363761316439
62643663376231656462303730663934313963613438643034326661333232626230643133396661
65366266633062633430386135613833663931333961623364326632646466666634633931356536
66666534326362306664356663336465633432306464623563333834376236363330383836343864
63353036613031643438366531656530336364656163623932323566373031656661653935366166
38363166356632376237656332386363633965633433396664333735353636376432363638373032
37313436626431326436373236656632303532313232383734633266393737616332356364333635
65386634363034333337353832636333343864653433613637633336636266373738316365663831
63363335383564363864346264613032636364393366663730613431646635353163613437303362
65396137313936313838633338396262306635393962356632373765383735316538323661323634
63336539356638616364636361663366653464353439633036386238653639333939323235646532
65616238303764353834363566393233313135376262623137333234316632323436326361306163
66666435336134303037326532383863353132356334373464613536623634376664393332386163
38313739663631303361323537326631303965643834626138343131656261353539383238376166
31353339623834336230363533373134356334666365393439303864303133383063643239383864
34376662643861323037373131656363653161623539333934386238386532316435666333323237
61653863386137326236366162616362616632623061663363393965336365386361333937653132
65313433373537393536666139343464613566353237643934383133373233363931633861373336
33383365373034656131383534313132393634626231383665313666356365623435646362353365
33343961383439333936373735393962386337333839613461396533373965346464663637633266
63333936613833383032343433363966356565316533623266653936376466643830396566366630
34383439373837366236623365636139613236636266643465616163653637633136343065623834
34353961633961633063326339326666303062366333666639326136346232303936643038323536
66386239356663343630313330363732623731303139306535636430323265336230393230303630
34646466636132613061656231383833356261633538333463626531316434303839373335373032
37306434626234323662396264363034613832323935373065616262656161316331656463343330
38613039366631613438616332313838643835663965383436353366326266336636316263633062
63313632613836623361373633393465383762396537316130376336306131373038333162313262
38346132666638306634616366333137386565663265643134393534653863636133386331626666
61663235396234653961353364343337333237333364623534646266643165656564633838623832
30393962356435356238363232316263373537376633326263333261666635643032616366326564
38616337316266396330333035633261646538376362656534363430633732313831663135633466
64623836383734656163353435633963363037656662643938366131346432633631383363626337
61363463633733326330653030633732643465376131336663663631383333383731323336643466
37353664633764366563396537643134653130363336313966323665366539646138306536613138
61626537633962333537303834643165396635636436623430353130623865653037613632396666
32373034303936626231626238643834323937366261303662333639323433373666346132386438
35346231306139323938633964626230363331386431396263363465663963373037623430363236
63373839396562656165656436353138373535306631666562656436336639346539613135366634
62373735343634343839616632616166396338326462373834633030666365343637323462666162
39653933316463316161316435323466336463656661616331643136336462663539396162386436
32316535326665306236386537663466616462633530323538393831623736386538623462353734
61616431613266393134336464303336393234303238376665356235393666336334646665343962
37633265346334363930386537373432653931396261353836303862313664633066393866323263
61633364656530663833313535336262333233666630643933653562653263653437636634343738
37633435363233666631663833356464373435353864643330653837346633646338623863653232
63386234313937373531613632303230373834363461626630373364353132303839303738303436
33313565373036346432356161376263326431613236643138393833333735393233633465653265
36646263663966386231363339323166626431303039663234383765393337653339626263333533
34616233323633343465313837656561336465656138323461626237383861663462653132316235
31663533383064316234393630656331353362643739333936323430303865343561383530623661
61656564313338343064363130343161643830303033376336666137383634303238336333343566
36613839643362656334616633333638356235653032343337613537616237353761643338363662
35336636313764343564383864326130333266656562646465663635363732373133393566316662
66663865343564303735633165313464333461333938326631646162346531376432346637616362
32363064653565363830386139333238386438633766376331303565316131323663623335666164
64633030613461613463353265613138373037646463333839376361333036623763303837623966
62633130376666623939653231643630666632353137656434333237326561366534653538333339
37633163313364626436393866333861363336366535393837353363643438643162393463643865
39326166376539336634356566313263616237363364643736646439666163373335653332393535
64653337633638386265346662353330633535363666326636616164623935633661666632626464
34643261303139623063333761303035333063623339323434653936333164353533646232306236
65633039343862633134306437323961363739353332363839653162333530313333333162633066
30383265626162613035356335363535343930336439396634656531663062353936353834393831
32643539643836616661343664613335336164383531346231613433636161653333643161323565
35633239386661313130316362386163303238333635393464333463323336653763633533366339
65353231386466623762393264623130663237643863363437333664613731393961326331313837
65386135336235363435313461376637393163656332326534636364633334616261303266313166
35363937323663306632613761356432363638636237633366356139323830643362326333323437
33396438613066643833323665303361643362353663643464663930373936363636346265383437
33643361313434306466613966313634353035383365363331333738336664653334336637346638
35356638653364653364616532313239373238343430393666376565316634313663363561393765
39383465376536636636613836313266373332393664386334333963316531396133333962646465
30653637633437386239376535353265616639343634653331343535633037616636383962306465
61346261643864633036346166366432313533396530323662646438666633656435343461353136
65616264353963653934353430653834333537616239386563643037303431353534356138333533
61346263313137633339656163386336383263393833343535343864653439393937313131643162
32313061366564316133643466363536653163333935356130363434323633383366366436346334
64616530633535326636303135303033346139656533343233633062623962306533666261613038
61303831623065633337333366353264333030353462663762346465356237383938373766613662
34613837396461653230663232393466663135316565313437363330626363663030613830333236
35343539316461303665366435306532353132653465623163333738626637303033353239326336
33626532643430653964366666353336643863386536303038633435646162366336633132356135
30386365356433373166376439333964656235326138653239333064383964333765656664656232
36613363613331373132616639613237343538396431353035353862626662316436333635656632
36633038643938373634333064376365636361633462366430623130376634333066393136613038
37626564396335323339636630343566393036656635663061386139636563373962353839316134
61343931326335613837666538373434343737383030393631633039326232386137656532316636
62313634313961613432636666373035653437613636353065343034373836303037333262616430
39383837333536383031373563346232386639303664363635323964616663613637636663616331
64643734323762616365373663326331333666636663306161363637623436666332623465306664
32333838373266653530333461386434313036333236386161653832383939653833373736373532
37643437323464313139343764313461323563366338353862393565396435346266633566393430
64663034646131343163303761336663386338363463373736376233316238356463346331353031
33663738333331643563623831666435666339386130363961313834626439306435326234333232
64313535383830393435646431353835323037303534373330353461643036636533356365326631
36333233313831643866343564613033663830323861363862636331633535313137393465356635
64313961373661663965366366353639383531363232363861396266646535623965396331313135
65336534383934313463356534323332643530393039636133393533306130626462663563346637
65613837623162303039333431616666346231616136323237343137656331613035313931643238
31303662376430303236316365343864383630386635333633623039383039313464326537643938
34653239336338326163373038326636626136303264363266396530373930643264646536613437
38363964343735616631323838393635306361303237333535666165373639613962393439386137
36386164333034386461353433646235663532623933306337656331616365363839626366643164
32613531346164353663363633313235393930636464373466363266373435663332643364633166
33623031663362336338363563383633353432376334363265366165323762396331373764623165
37633336376338353663646534346236346564326465306566653564306531633261663435326266
34396166376637633638626235383332623033373761613639306562343034623763646662646566
64336165363136656138326635393233363239393332633635663432333430643235393938373237
38653062366137613064643738656238366435626237653432623135613839663962336634333564
66313533663061323833393135393737353735633632313162323334643464343563383237626162
62303634376632626631393965363335386637303930336566313563353630383239333533303461
30646461666465616539313664346436626262633664653337323161333130656161326430663638
33306435653439643139363239346561363666643732616430626636306663303237333731653333
37616430333033663132373164653361326433393663343931353432646135646266303934643730
39313232623635346135376364666630353861326239636531303465353561623566373034356238
30306161666365326637666536383964646264643063363265333235663334626361333138656538
32343237393066326633333634643266613661323838616133346435643630383231316265316565
34353764363331333365666333353164356265316336636337343265336365336364363739663462
31376365623566646561333636656237636662376336626531663438306632613062336163663837
63323066336338303066303130633338633832666564383035323264326533336333356566356237
34313463613462363834323265653730663431306235373738666236353939316562653532653762
33313033666330346530623935356438633230333136366138663965663062333264353363656138
37353034356534386561393039356334646563393865663439343330303834656261616437643466
32323839363332336463653464313761356337633132656536316164366436346538383938386262
62626261613163636238333331376638336264333137613964386261666130663539613930396164
34623635663134613536353938373261363635353163626132643835373265653561323663663664
39333339613236646637356136393936636661633230636238626437643963616336356465313961
39343937353737306363333834343865626232363930363836383165393663396461366638646561
66303235656633333366646533623835323838313164336436373533643563613461356239356633
32343832343435653431613261653563653836363736306262323861343031356534336663626462
35636265343932313361353735363437373036643861336236643631373964383132313838306533
61363363393666626661653064663530636665323736373030336533346331313130356265326635
63623564366261356539323662656637336338346134316231616639306666656661363430666162
61366430316532336665643966306636616436396264353066316462333530643332393234653362
33313235303966373735303531633338323834653130333161366165353135663532366633373036
39303161663630313064653838343133643432356539663365633162646336333533353535373231
64613033373431613839373931623738333237623931653934316366336432663937663136323964
62623264646437386139626562333961303534383335393766396634623163386235343165393735
38613064643739623932643066623335306635653466643232363665366134303137323332323230
33366264336563333333323563353630326461663132303431323939376562303130623034636133
32346564663665353564376464346162373266663338626331306165303862313538356662623461
36313337316266386161363966386239396331363362393237333862383130333464393438323933
39303836393766666631353036613535303438383835343136303361353132386238626163323833
65346566306263666136323763373664373362373531396239393035333432626261336138636162
64623432333561333032633537353461303662303762323438343563396162333131356530323237
63346130343332383238653264636164323834616662316163306262653665343062393230326665
31646435326335343030623539643932303464393230656432326330663532626331313131366561
37316163356334393838386632326137663861636238343931316566343737303631616634396665
34326532666537393035646238666466313833373232363738356666653933366532386366643865
37633135346465393063623464636337386664323737363630613465393133373162343732393266
64646630353937323437393633393764633232663361656330613837383065356630633364613361
64346231383861663838343330346564363538643865623533376131653866386534663264666539
36303437393333656266623434623364336362373666323866663064376438336263303462396361
38663063383066643034373836346435373166616638383865366361323130323661373065616562
33626462383031303966656534376437336532353266653566326532386263626637386337323334
32666237316462393035363634333535306334613763313863393631313634353762373231333936
35373739353830613333383935323933366634623532396338666333623064303831366464373735
31626332646235343930343163303062336534616139646538333534383733373534303039383663
32333838383236386661396664653836636465346631346638363034666663353235623633656139
36363264343839326562653439323839383261323763333737303065643737326662366233346363
35316338343732323333313435313735303964643765366636636231623839616365333835313366
30633839393166623131333737353964613164316136393065643137353535623563663131363231
33363232616466633331346665663934373461366461333036633162353130313464363162316461
39383362613764303535313166343065326637643732373064376661656134636532326538623461
65616662626334356238653431636636353765306538323835636362346365613461613332313233
39623661323430623435353731663663623833633635363430656239373231373135653861656265
37653631333330303865366532613533376435336332333563633338303066323465333235343232
30653333393637666237653836663565356338323330333132663635656638623736616535383638
61386132336237623734316535306637373635396638363333373635336166616334663532666636
39656133363361373763303763643435653963383330393536326232346264643466363161666166
66333339653432326665313435333964323336333936346533316538356161366166663765633561
34656531336530393835393934303462636261363665396331303965326563646661663963336531
63323335396539653365353138636430383532313536643731393431663034303366653135393830
37653335376539633464663933653664373266353265346563353666343637336361336163316166
63393537623162353839336661616564386562663162316361393339356266323431346632353530
38316436616130353561313230313333643332646264343135343163316438663161346466316364
33346165613832336635626130366635306264396631613361353332663761353230383531386339
32353134376637383430333566363934373837323231373337653564653430633266633065343239
62623930636161353164373835386530616266633066643437353033326239366236363362393233
30616233346535623937323234303136663566656637323162356538633335616365633732663237
61383435336534303065653761623436343238626261383638393238313466383730646466623334
66313530393235633836366666643836346666356361636132613934366339323166626539643231
66356137613430313162333034383732643733363533383264343830626136353434663131366564
63346331646538623533346539346537386131373734343432333365383434623666616462313133
65313531626538653232613237373665646231666563363966626235393336623932643962643563
38303931396562323364306339393636613333343563643534633437636462346665353437616138
37393663306165653130613933323532643839303836396233306231343034326239623331663531
33326261356232623438373965386166646462323461343561336261633538303133633834373866
34373630393366633131343562663438313632376636663636386562616333633063393562343434
65656432376263343263396363613164633632653830653131386534653961333330393363316633
32356165333133383437633035336265653139306632323735363366343265373830306565663430
31623465633966653930323464616430313538353261656634386539656361663939376332376238
62623662323731613765626265663234313162353261376639396164383262336233663964383239
38396163333939333563346233653439366631326239663562373161326365383239396664616236
31366662343361333736633465343134313435366634663362323430333534663666626338633963
38323430656630653839316637643266323131383763343863313962616235333730363933653462
34623639376434626531336463353834343839633464656630386164373930623334653865376135
31616234356535313563623133623833613163633233343761613634303138363665653638623938
31623739343762386333323537336334666537643565636166323464636465376662326462636361
35633436386565646531303732366166326437626462333537336336353164353739356234663734
37313562646239326634636566316639663633376439356231653232626332306138653962313136
66366634326633326561353063333033396434353532393838323734373065393831613738636231
39373434343633373731316338373235353938323962313138363936333262663834343037363634
39653837613834306266386562663066633366636662336535663232343966363130333533323337
62383331393461313266353431376464356662633032313365616536626666313662643637373561
33633130656430393939636463613764356665323265613535353066393434346562353130623137
30313432636164636538366562366233353832393234663237646634373634353036356261636332
62303066303834663633326437626564653238653562313061336135313130323736396132656261
65396638336332626131613835383937306662386230333239613334316362623630356139643138
61326464343830623533366636346266663635323262656639643230373834353864376136643562
35663161646361356234646635383565393032666635353334306565653337653565643737616236
64383264383961396363343961396666356166663234356163633536646461346565633638653563
38363265363264336137633466353130613765643733666466376363396635643766383338633337
31353536343038623630633663336638343366373839373932643933386536353936623732626233
63366363663835663034373864376333663161393164346531343234313831656330353732666134
66613366376363336338356534366338393366333333656363306264656637376533643633393333
30346564306666323535306164643938393737663331646632333364633363306239303665313031
33653634313436643231353462623131393936306633303837313038393933643364316564626466
62333838616262343162376431636465363138313834353538363331376561633738663134386663
62356531383732616337376638363433653066623962373830366438663664373934356462626232
36366562623263653938643462303862616132653662393462373231303136653134353266626231
38333334636136653565373833306234373236623266336538313265323835316565616138626333
37323434313266366536303538356162633730313931626230353166323837323164373666383735
35626466613537356633616234373761303063363339343835633336393931643463313335353037
62653832653764623536643637653532623861356535663866646665396134346466316137656563
34646435383233386433613235626537333263396566343062323338363131646239326462653831
30383730343035333438353565306362633064393237303538366566613939633830656463313563
63323034323132306465663364646662316466396131633034366538323865643830346133386635
66353862343336616637373863623137303939386164643237623963366663326230616463333839
66333735333765336436373230343432333032626233313032353366313463663031626231626138
36666338323835353863373765376237636633343031376535623538663166366262343336303435
33653932393830346261343562303536633238663662326535343262346439333337623066623936
39623965386430656333613264363263306435623930613035653832363334383464396330313864
36643237663235343439373065613361333037636137363230356532353239363263353435336662
35636662303236343362366433623638643433643062393538666361663830626334663436643236
36313933313934636563323432636131386236633834383065306363623932323434336537356465
34636366633432343964323938376437373239643061313232393439636534393231363435313762
37333837616138386633333439323933376537616166633565353336396163346263323431653936
30643961346661366534393836383730643936313161383431353932383464336537633430346236
39393937323534306464323865313739363037383731353861303263636634623966616637346632
61383738323834366130326236666132323130316561623962396464393335346236363837653064
35616566616664376135306361396631363466643131386138373337393534386432376236626131
38386263643164613936346636366131613937656335386234383462636334313937313230326166
34636563333765656331326565383163303137626238653033353038396163373835366236373938
63643338323562303064353166393661343438363838346563626562383333333231346163393738
34373661363937323535373533343437663638323530353862356534613166336132623761366438
33663464633130633536623139383465653566383630353239393462363535623430636433626538
39373361383339653232386131613436336231663538333436313935333536633835623934393661
63636535653734323732363438663733333064396166356438353563363662613335376332623233
30383230333437666633333539303634396631363736353638393165383434366235306232613934
36346239356635383738396434323332316233346532366431663661383066363463306232626539
37346233343063346431363262303365323235343338343161346265336663626562333334623736
35663137383166376361613264323461316236313930363466363464653635356339623530336136
30653330383231343765373737346531373265323038653230656364353865306332653365636563
33663863353162346230316564396638323062353436396364393361643730313564363136616636
37666635656635303531656434633434623237313330323134343530396436613266373562313663
61303963346233393065323862613664393166623538396139613064633035396134656665393563
66316539666665623637383464663634646566646130643162333832313531313164626262323863
37346532616362353534623066653866346439623035393366376162333564386665383466303866
64363032393063663032653564626135303530356635666236656464663037616339396466316565
34663962323337346233323863636439346231333263326365366137666233376461666231633461
31643036653330326437626532623231633133613234376634353037316233643734393731333762
63326536626434316539616531303564313461326237626639326430653734653261386564306635
30396235376332616461356135636434643764393762646533613861383761653738346265316630
35343837373837656333633461386561386564626265636238396263353865616430376366303663
35653139333363313331613832373231656664373337356465353934313333646432393934316434
38386562653037386231376438326164663761323736366663623066383832663331666238646461
37653165396332376266306336343062373864303165346163643638643335656335343365363931
31646635643339656632366539346266336636656531313438356465336335326262323961623163
61396165363763666437643963336235303036383565353063613937373063306539613765323034
63633161646339363536643764366565336439363863393439313536633666653261623462376534
65616366626237636265633631383336636435343666363465656462353537326262313038663065
37303731623633313963323536363539663335363065366637396361326163333235303564636230
39363134626661653862386466333466326362643130616363383263633565393561623933356431
30376233316239663031383632363538373466333937316633636233633337396662313335653832
31623635346563303566646663306364646265343431616662393733343766666431383532663430
30343932353531376366333763346331353536356131643333353365396262633266396534393662
34323138326430616364383835333135353165343961643138316434653964363231303134323438
63333961383537633764643531336562313530626435386361393436653330653434623466363530
39316561623264383232356137653834356462333035623638633061313561323964643736393366
61343262623336303130343332376661613638666538326633383931653566353031373265393332
38346534313065353234663466343337323362343036616236313665383564336264623964623362
32623033613064373936376635623832666164363763613533366462656633643931303264666437
36313239663661373539653566633532666136656563303436613839356230666364633934376232
38653635303730396663623361326135353064633730616638393834633365333833336237343361
63366663323066353234656661323934666631663135373835336639383537323034616134343230
63343966626230346331366632336338636161363764313934333738333930366561396566343065
38646562623439386439653663386637316132363265613034326135373263313639396262306564
35323636353737383433306130376664306531633831616239613438313036313235383238313132
63353537393832313035323038303438336335393561386361373362323433613538326238336661
61306164333262643233643935313562333434636665626462323262613537373034626435373161
34626633393434666530376637646134323338663639333764353038613763626639623637636666
37636236306538653135633539363831346339346238333964613430323066336438633832383665
66323931316233343164333665346233386665383765363932313663356231656336306137616265
64656265663466356230303634386163336462313738663731346366643438643061636565353234
62646231636464373532623335393639663431343331383762366538373361393662343536336439
61373061633833393536353836336539626362326134646362323230343534363638343136386639
35306161316536386533336635633838386165613566646462343935313231613762326163356433
62623935303963643636323733393431656136636338353533393466646338663637353265316538
64613237633864396264326461663834633065366439366261653736343930343561666539653535
37373663643365333733323131653238356164306234613038623732613034393966656338343234
30623432366663323363663437653961656231303236373866343131326366363330323062636566
61623339323338373935383339363731643365356361333762316535666636613535633466333664
65373133663864323362363235393730343136316331336365666461646435656332633163313930
63663935306133393935613666343236323634353137316536376439386630653663623761616232
66316466373738666164306362613934363438393065626162306564306466656134343462333139
37396261306463363435393937333833373234366435316364643663366231663561343066646234
63306137323963373133343762626263643062636537393437313333306132646530303134656161
31343933333863306464613864316434373561346534636535313437346132643633303633366139
61356265633863636265363732303561353436376336383930383131376466353437306436353739
31346236316331623131383362663537376364333864303332313934353862393164346136303333
38356432373762643735613061623530323432316265626237363937313534363032376537393535
63313132666635336564633431363732303761343330353036373737366138656231306461363663
34373733313335646366643533323030383538373264353232353065646135333030643836303132
65666262313836663064333836326330333266366663666236363363643732306431386435636534
33626661333965353761626434633938653339356339346434623735393735663437343231303732
66336462303237616338346330643266356665356565653037633861323939626463396265663666
65613932653964333862376563343263633665613331366536333665653630343333373364663437
36323034633637303562323737613838353166623131373331623934313132306666396133613766
36346266326139376261613964323330323338666531613530373663326131626539313638353736
32326633323235623636396638333630636330326564633233383864626131616530323836653365
30343432363331353862653065656565656439323030666166656266303164613263396661306530
39323237616565396634383839336231396335326132626162666364323431643234376637383864
38326236326638323433386461303162386435356239643164373536316663323130346135343138
63653730323930323936376633373634356537643439333334363737383935393761663664623331
61663462373364663030373263386162636130316531396336346636613966386631666335333961
36363561353064366431386565626435623533393461353730386262363032376439653830333730
66306133356433363535613232363263616663656237396238356639616639326430633639303864
31326266633662343739666439643065663934613865656231646434356533396634613239336134
31666663303638313335313133643563633935316631346262623839303237306162643462326563
66386633333735636138646565656432643637386566376463306536313564386265363534336665
39353030633066636662626164653762316639663337326335633638306364396464386263353563
36613736306264316333636139626361613563353661376662666531623831616235363639636464
38373862336432373039326165383862393131316138393538303664666538306137663536323933
37326333663163303939326137643438643939646435643531373936303064623538323731343538
64383932666139386135623230323862393662393432663331663435343932346637346162393036
34623637623834323261383266323736363236326366333662613139323031613433623361623536
31363530376238393233313866326363386263653336313836346135306330613430653333666132
30393931666339356534346532656163626462646638616439393734646133373833616135626432
35663163313333303939663630383039356161343439623030336435343664316433663938613335
36666162373565386438306464646464316134306637366439363663396332643130393837303938
64646434326434613966646138633161373339343135633463376231353235393332373431633763
36633966306363396564656239646336343932646661613762613030316131623830303039623934
31326337313964313432343330316635656565306639396430656363336235303266373831613133
32303131646334346430653738386535613437336165323261373862613633383337646164303464
66653763363432383564383431393532343534376361623963656335633465313932373638653733
61363364613131396432303862326534636533383162316265653761313130623931363932396465
30333032393665373265373331346365383133653766383738323132643532346565326162353765
35386138336630346236653531306135363566633039346539336565356534363030316464303361
36356463333730613330303066373162643163336535303239653963343639623238636363346536
36373762333430646663396434363931333932356565663162326362653666303734613339663062
33623863393736623832343833353736373738323733363439363764363537333733386539663737
34616532303735393032333335373532356563326365623031633862343639353731386133623661
33336465393462323034633261373766363038313636393231333537393632346431633733653034
30353035316433316161646165613163343462623139366661356164316336383733366232343464
66393834393130643165613430383966346161396362393362623537356231623334633564363033
34316261353138613737633732613530313264366166353936343139623861396461303932323630
65373338323865333065663961323437346161636237313537613933653431373831346365323434
61393530316632393331316563363131616431313333313761316366383532356537343962653937
64376230383162393035636539386237663134313836646138373331656331333965323133623932
61623331366438653939613761343063633639633231613430323732613362386664313533323739
64633864316135343665343035646461346363343035386161376531396464623764616137626636
37353963303933313233326632323135646565393537653634383936656462353831356631616331
36616130626665653866366337306335383233666633313934643437363938323661643936323235
33396630643734623632343364323865633734363863623332623763316535623363323833373639
34396632643538613539326537336266636562616631386134643065656131363734333564613330
33363062653062633137313764333032316335646330646339653866373333316566633737393132
30633437646363656438383863363138643132353164663464303939623439613337303239323138
64303730373332376533383838306135373038343238356332333232656431393039393465633137
31666163623732306230616531303365366138373239333132653030333532656134613238366666
64333333386230393964386135356232326236623063353565343135386438366661353937623332
31336562383964373736316631346130396238366631393031363762393763393632313233393236
65653366376330633334303035303039343330626366396438323731323332373761366336393366
37393432666163666439356532656461303239626466323739663633303261306532323231633561
33336161373862373033376132343132303836663962636639383236663531343063366130643830
61343030323036613361363065343636346338336339653066653337326536366136336438626233
33383561623462306466616430303666313365363433313564613330356239353162653662353863
61653364653062646266373862346432626661643661313434646433343066386635326162303338
33666436313232656139623263303966326566626638633162616562313764623433363433306131
37663863333934626563383531633237363932613437393461646534656666383736633062376533
66303761346233366236656363363633353631323437663838356131656565663630333537346636
34636166346362336638336234626130346365346131336439373433636139383762653635643231
38353530373033373133623663623333653064626431343361326533376232353431613066353932
64616163346165353836323336653336646464373831383539623136393739613666376134663336
33333833373435333133666539373132666531393565396162613964353832393261386330643861
31613937663732313639363938333438323361366239623666633431366530383865346663353661
36646539363530313164333438633435363630643330383231396366613761626361313332376231
66393138613132663566633439316234363836656535306433353361323538363436643837326633
65313761623638363834313032353132633639643538613063396134313532626163356363633038
39393534646139663163386435333136336361353832343963373066356235633466363235343962
34656662386161363164396131333234393732313161313037366636313463666536383061313239
66323634376663383833666235306233643539363335393032356162303061653938333462383763
31633238323135656135343562386432633431383164353239383336356536653666363561623866
61643361376465373230313339653838353434333338653837323931663938323064336565616264
63643461313732303137636365326361636635663462626562653365333132613933353761316664
63636564633737616266303538633039633630636134653433386466633539626539663034386634
33393362356233366565623834616263323038666333303932393439383839623662313562613634
37343163313462643334303833663562333533653932343162393666623339363165626162626265
64633936643135356537303332613766653163663139373561346162636533323637623335343665
37346664643262373536343232623634336531336338383739623038363639373539346535663939
34336161626238323238616265356637353061313532623762656631623433633338383336366163
65316263323064316633653762313130623331623561383433376539343466626561336261333838
36643862653738616162306362333930353930646265623537663965306131373231656234623762
39393362666666343436373862383766613839633631643132366434303863653635356332643435
65386165623239613361326133636661353133336462326533323462313738393138353239363865
63383333363631386533336334316237623764626366653334303633303262356162666333636132
63613465373565616238323863613863366138353431633562363538666264366431376263373239
34393762613738376231303531303863383766313633613263313339333862666135356530623362
61366133363330343431323266306464333234613731616334383438616539363630613630653263
66613731653731613138636533333432623835326263346362376266643337626632346361336335
64636366353565623666623237376434353830616163363536343566306665633732343764663161
34373836386133336435376631303631313131643961666366623832386334663233363562636365
30393637613732303863636430303431353666646431366136313734646266653632396532383961
64313063316361323434343862313637616462626462373130303233363962663138623239363266
64336565363933643865666163623164633735666235653565323264323035376635313236393332
39666663626138306538656361393937313338333965636536656264316165336636613263333461
38656539303638656239653066613738336165623564623761376466323034356164646466626136
37333238343835383139633863386433663665653038373531626330646133386535303236373362
61646666333130646365336434616339393131663231393763386637636630383837336437656635
39633630373130366139356561633230383163333839363535313764626139393265653034616166
34373462646138336233376634326130626561666265626530376139393164653138343263333732
62313665343132303831666465663134396134353264333136636537316236663566346366363331
36626531633362353631306637303865396239626137613836353463373339306638646163346239
33303036363132383034633661356262323136376562356664623837393530386432303438636130
65333264316565626230336564303232623938363539626263316266656131303939373930623964
38626630313135353965666162323339376262656635646262353066343864623965636437323735
36353234326362666338303265396165636431313863643439333630333262623134333439376634
35353537613038636366353036386337376535636139336137306562373639613536656664373538
36336635343834366535623861373736656339393930333439333866396238613330613334383830
30343362323831376635613666643530643865373636383563356637666232643239356234373565
32653530373836646131343638343637333131313337666365623632303830616337363461643035
61313239383839343932663165656536303863386432383663393364323037383562303336616463
61393836353838656133333334616631346363306264313364366265343566333466396631323837
30333166323739333035623061306533663133633461363734336565633864306338626130366162
34343935386539343032653433363563633364316533336661633933643133643761613737313363
31643164363466663534306363663330386334393162346433633662363866333830653833343062
38633161633462613831313666666539663665393937323964353339313163313031333635303533
37636564343939366235626662396638383337356530386363626230633635633765366263653465
35393463636232386630306462386265363839386137353034336565326263303831616434653139
39323236376561333261386230373932383333373266616631623333346333336338393163646531
66366664323733633431356661356635363532306239366362306566353665383937353139646262
64643164643065626462656439343564356537316165646635663664356162633662323431643239
35653461383230323039386134653465336233663832636532373439353237396335666637366434
37636536343864336462383935373230663330326636646364643433346433616534343037363364
63626431643066316336396433363133656633303662623030326433323830663730636537366565
36373464333636663165313262313663343538616533653366386434623961633931333861303737
30643338393838663434333863623533386332383735646237316237303661396631303265646238
31353861653461616136383565396162333362383836653339653564386561633837356239396537
61636538643835626364323362663762356262396431636162633830323730353866303465663462
39316430663937333261363130383534663337343838373239656135313934623030386162396533
62663530336463653062356134333938346364653033643731393836316135626137393236333338
62653461613633396430643961316664356434393765323862383164626437633765373861656461
38623839323261613639323366666334303836336532333739376566613435313332613635633766
33356161636265626538366435313266636661383132363763666131663434643761656130663938
63353134613165366432643532643033636537646433303662626137626236303931646466336634
65343031373431636363623039336237663665306563306563666364633063346434333863623639
35383465313264373537393633363863626463336330663339326637363938643539653365646433
31616433306263613166376565336638643637326131343433336635396563333230386130376563
30643566316565396664393538666561636361306139626630333862383465333766303164353133
32643863393231613533396338643663373839376232613162646566336365633130373235303563
33346662383166366132633365333334396639346438633365366639333237336566333230396432
31626237623032636138616130323532393033306665353932626561366633363364393932306362
30326435313061653566313639396361363839353565663666356233313466333536303732366630
64643832393835333237666462373333663862373339643166303631663761333035633036633335
36633063343831303465623163356165316238343530633331343332303936333263633735306134
35653737343630633839646538306636326335323838656564313165353564326164646437333164
36313133383133663735653563333734373362636665386232626637363962373638323361326466
39353837373634383837376166346266616130336434653065313339303663623030616263366661
31343166643536303235303264633530353339326632353266666637356335626466383662313665
66343734663465383631626539393762346565303562663034343231663839323130353832656332
66373661313432623939396336353239366565386435643237346263623131646332643866356533
35386561383539316334336566383931366134356131633732316163663137633837343239396364
37653263313937393539393032623737396137346664313832383538633438396364383565613633
38383034313734343534633362623136383539326535663438383339633333656330386331373138
61353036633334643136303439333738646337366563643933313363346537373761616461336561
61653433656439306566653335373534636335383130616265336631383961396164643135316132
65653137303938393766373539376166393861633866326634383238633534656532646464623138
66323530653965616561343535363933396130643037396436333639643864663461336134353065
34643935663031656238623263656465306136383838613665323037363733663163333437613065
64313561623636663137343536373836373761363730363461653031363664313134663230323439
33646464643836626432333633323164333230323362616130623233333861353431656661653936
38626637313633363739303664663263613233313661343138353134303562396635393765366537
63393066316433646564383361383164653361333562323137376165373063303564643538343864
62373336396436393130376637663864303533613934316266643763336239323735336261373739
32376537646664626666343433656334663865623962393838376164363262303735613435393938
33633565333832326461366262303135636266633838396130373766363338666630306365623038
65356664376437336463363761376461353466386235613666643764383930336634366433653861
33353034373961633931393239646530613339333065353336363062323730343631306634323661
38613734333730346661633461663036633635333662373266323230356430343565343663383038
30306633663864323665656634636662666139303733643835643937636133613034626435303966
64356437383266373130333032343830306432323030316532306532343433636332346636663961
36633039346163653362613135663464326461316665336530363839356436396263316637626562
63666235353332396162636464353730353463316231626330303437653531353138333432316231
30343463626163663933383966656138323561303839633464623631313935303938316535663562
39393235343832636438343861373533333238373439646366303065323366636535376337666437
61343663393334316236333033313232663538623933666435643035333134663365343638653961
61376666393163366562653166306665303764343531323561396633363665663433303838333338
37353836616464323866613166373332303537383530666466363333383731353731636630626539
64633337613631313134343536623264333334633739643734353866323433303639303737643036
65356133626661623234313837393936646434333737383863346239666236356639336437623765
39333334323930383938616661653236393930643733326433623438376266363765646231633030
63623937653731383330363535383831356464646334386161306164343932303937333233396339
36613639613562346464363431616438346364393761616163626237643262643439313038363638
31303434323565613462376261363736393933316535346366386136356266383534303332383631
65636164336265343733336232346638656563333834356330363136346132356661386336326138
31316537653363366564393930346635303936626431616661336264353666633538343566616536
65643037663435303435303033313266623531303665373362323830333931383366336631383634
31643563343330626535303662623237626561343161633535396530366436336562336431646139
35333536656132356664313034306161393065636237303938343262353739333235663937626463
61343461376539323864323038313138623936636663613265343061663962306134343930333833
31343765623932326164343333303362353466636234363464386239313763663361373062383334
66386265643334656636643738353032363335346361323363303334656265623733303866313834
65613437313062306533373932326235643364353035663638643461323761316637633232313435
66343663343961363036306530333734373632343335326132646630633638613539383361303439
35343135343262373838633834633138343933303434616165353039343630343331623564636132
33303839613065313832636533303563343336383032396535353039336632373763373966633562
65616334336539633234373236616163333331343563353433373939316364373436656333383232
64313232653462306262636131303433636463633534623166386464636535353134383139626463
66303666653735633034363062313239613661333736343363393661653835303239396335316435
36363463323539376166326232393061653937353231666362336661386631633938393132333032
35313764623861613536616633353339393335616564333235376536376161353533353533323464
33396666616263666531636335366136663365656335646533373661313639363130313462313339
66343765653035616237363964363335656161656232306262633135616234626430376162373230
63623663376630373036323139353831373232346235336235343166626163353739356631313936
63373730303362333031313336663165666437313430653836353861333731333061366663353830
35623239626565633062336562636239356639313361643134303235613463643039643231663239
32396236353266346562393933626634363732353138623265633264653738383736643832666435
34656232353765396338353434333938393861633534303237623038353136363138643134333837
31663565356439623963306532353864386331363061353139313536613961326636313264376638
31646563613833396364643566366332353563313364623431636333616531643065356231333932
64396162663333333264663961633038653264353032666665333262336366383933353131306539
36323362373335653731623763656438626436636335396465623038323637336136646235613234
64356438623365333635363936316531666662633365343037393531646266326561613031323737
61336636363237346431343961326330636430623838373237353835623161393330323533353838
64313238323434653136346566656662333234376363373962353434343064653436663337613861
36616534646631346463343938336266343333313938633764396164323262326634663239313638
30336439633731366561613233306634373166303164393866303966653138323436636332626334
66356132313362333439663266333338376336366431626562623365376635303662666164663262
63323133363436616238333164313463353034323461646636303364613364353736626434323866
63303330643235383234323763356434303235343663373661363638313239383663666230646535
62626665333038366634623232353733623838316232383031656639313434663962363337643363
31613531633366633431366230626231343163666361323632336663313033343734363136646534
34363830633532386139303663383362633633316434353665343164343661643935653738623732
66313965383961613734376530356532386234613130393836656136336262636332613539363734
64373764386234613736336234303039343831363839613037313763393933616664363131303736
30313436303761643730646331643134666530626635653535613435323439393434633561323262
66646364613237373531363162636230303663373065316337353839393463396534363566636632
38633135643664373839373866366135336462306638393130336234383466666131353266396330
62326533653766353161616634346436623165356538633531363864366662366631623931323238
33656161343734626439656362323762306265663938383035633836623461363038613335396130
39316165316230333034353837313763343864626332363964393037363431356634373033663639
33643163386334343533643538343738393162396331313966363561373765323933356337636637
66366561613363323135376565613837383162383435633832373433393836353638336631316562
61356438396461323731306531646136653565373063643535373764313830373232353736303034
63343030663437313562633137653632313831353934313631636137303961353737323765393166
33366162653833373034653037633338623531313533663733613832663066653831323137353633
64316564383932623862346261346338336433383263363034323031613861323738643164363563
32336532343937396330343563653433386138336430393338666239616363646663363966643339
63396639633638653866653862373930326636396339623864326564346136613063646330646336
35386630323831303863376530333831333438633161303939646337353430663664326639643130
36633066343633323338306339613936646164383039646132313638663934366665373562333034
65323834633336306363656533333437626535363336363539336632653832646262303234353661
36663266646237356439336334626565613530373137633439373230356235343063613531303037
36356562376463643562326238356330366334613263343163666532653533613031353037333338
31393336396362623165306366653833623937333165326536613738316162633737323930313737
63383732373763343430373262623031643864353336313762633762633861346334326237356131
33633264336162643033373136373965663266626230313338643235633531303935366437386230
33366431333035343164303239363638616336653265376537633364343130623039393866326162
65303931646133323730656239306430623336626666616635376230316430333238383837333138
63653033366662633438306632616136323231653131613630396666373263373966393934616537
36393637653138313764626634373432656162646135323235353233626630373863623432393366
64363131616562643061383231373339333134663939646465303232656166656263336363376562
64626636323730373138656436396632643562633961353333646132306465323439336636363061
30326564623331656363373565666137623032323035656634376164373161383835353064656566
39623166303935343531323439383833386561313762646362343166376237323066386131653533
65343663643966393838353737653633663532316464326265383761666361643034656634623533
61383665326438616431393866626564666366333035613531643131333130393464366265303532
36623936393165363930316638386664623163333037343737336435356537613133636234323165
30626665313162326338306434336137613962613566663238383836306535373764343262333662
39373434343434663934616266333263636633623131376232303263633935623737666565346339
38643034666437373437626562323237633934323063646665663130326462336339323038326362
38643866656438313335643332613031373331313536373630386366396161313561343036393131
64623162646565303539656263306132366331373265646532623831303262353166353037343733
34376334636636363630663138363762653439386536323135333366386534386235313931363131
30333335656266643539626665623739646536333430343665343536323539313864613332386637
38306437356236333430336362303337343339623830326533313563646135663636366239313965
32383033646534386666646331393963633962303365636436306432336636303733356161326234
63393332333338613738653562363864636136376232373034363163346634613031373335643739
30326565323032623066343761306337353461303434373661333631386662323536386361653738
64356435343634663134353130653666373835653339656462316164663463623236666463646239
66303037623537306430623436333934613431373034646163663539303234343631313730666232
30356462633766633433383732623136363632626533623731663565326630386634636630653965
63316635336538356539643063306430653734643965313339353231623035643737633265336439
39386462393733623163383937626438303066663766326631656536653133353636613266353636
62363432633766373136633635373831336263363530623761653666323738363462323832346463
63646631383932313134393532633132343833356566333166333564323532336339623463666231
64643332356335323038636539656138356333646535613336383864346366623332333065343330
30653834373961663939353035643961646536376134393232666639656630623732363738353064
36646166333638643634326434626630633063303730383237643136373335663731396135373835
30333331356637613232376639383863303036343330643961393530333762326565326339373861
62346538303938383064313134663933313632306538386131303766626433616336393736393162
64346435366465303562613363386333336439313934303030363737333661663531613031393337
38616639366465366430653433393133303363363935323939363865383762373230353231656239
63373134666662646562333536373733613931646536616463363331613030343961616164626238
33313238366237336237623830303263643630336435666434343761616266393132383434306163
64626364323936313964383066356534326461656337326664356566643361653563646638393539
33343861653864366664333839623138643031316666306161316336373335373030386363616666
36346434303865613839386237633438373737343336383337323166383936616439376231303639
37396663333836376633316632313165303136306466303738643062303832613562643464346630
39316635323863326332663732333334306430363137383466616533633464313235666336336136
35393364356531393332383966373764643737643631343865313463373062623737366266333935
64343530333137306338646232376263363562653231636565613232643461313133646266633530
64633266386432313832613238376630333633653433656337303639646162376265393937323935
30383532316235393764636536363738323939626535633264373165616665643339323135663264
65343163643261626235366635626166386134323537346131336362653531346361346334313465
37376561306439623466383237326631343530306232346238383961613637363835366261353663
34633030343832376330333637366434633665373566336438376364383365393165326365616233
65366663643031363839656539323534383735373334396636333639363533383262653664346662
65636438373636626537366664313135376434356362393061353362653230333036316664633135
63303237613038656632373862393034653330626632386530323431383939353861323936643639
35323630636632623863363638656236356337346636663730386565323338306131653232313232
31313733303130643736616165613764613732326431376132653134316665326634616365393463
66626530313237356631656636323635326331326431306264393834343466333335356638386635
38616563373064366334656165326233306162353837383234643130333232333762353464643863
30383231303930626535393465656437393735626634633064333131393730386430393933313537
35396266613930646265653262613434636462383863623139313730373364386337326637633439
63316236636163323333343330326231303631613837313137363061303065373063323734333365
35303463363138363936393633323030636436643766666134316330356634633166353962383630
31386139623164326439383132323638613032636535383035346163646661356566636530666563
34636330396333383036323233333439336166333034613163313761326362663231616161646632
66666335633466373030303263643132653536623434663432373532383961356333646666613036
66653539323230396433323132376138363737636439366665363264326663303937376666373433
36343561643731386135363634346237616431386238303063336265366533316130363233613233
30363336653637336638613939333034396436306133613665323131313364373961343361363034
63616532613962303535653331323339303932623035326334616662326231643264633031316461
37636239353136633265343762633333343266303336613338373934356435393738373539613863
35343736363235336565373763313765356661616564373364393734663537663937623938646631
32366366633364373761356433316134356263623633383133353665656332396231646465633938
32613266383335393033383438646135643736313865323235623638623033333736343034356234
38363363663261343137393632656135333430323566343363343836383339363135323233633265
65373230663262383361366435376266303330623035623535663938323362353934313837313634
65393538326633323362393532323066623264626234646338343935623437636630326639656330
62643134326563656137333761323062393936373836636530396131373063663738383335643434
34336137313138363966656238656366363834663161363061393936383830613162663561643063
31386566663638343730363861383366336531646432336235646137363433653763396138306432
64333064313935633439636533323064363735383966396431373034633037336437323334336536
64383738313063366131613536376339393934613964643835616430623436653730393734663263
63396262663564613837313739653966363635386133326239336537626633383735383063363832
36633138316463333037646366383861633262306165333738333138636239303762633138613663
61333532393430326634383066653437376335666638363065306531346162663139313130373566
32663333643863366437316564383766663133316332323563633437643064613030326431626664
66626535386666393062643831646338343938323335623930313166323431386362326136633039
63633330313761316261336130326131636262313330323962353463653335613437636135363232
36623230316639616531663330393864626661616430616162306663633263343765623730623931
34373230393531313237653635333463646661663339616665386232333530316231373162326531
34663430363033383530306539626431653435653531663162373437336533353132653139326334
62313731376561353832613636313266663032393937656234343838373164663633653538633131
63353663613038633631356435636231333463363134303065386664393832363137613931623439
32643330653635386332653230656435306266613261636533653466373138633964643462616435
32323831656332323534306339366633643861363762303132313733633963323163366637343731
35393639626163633364356561356139663565393436653838333633653938633965393035353837
35306236323236663163656666356361386233373730633161313535363331353732303538326462
34333566323938646533366232613638613862616231333230333763353265623134633166616164
31366565663730613436306362623532343638313763343332386132653662336234663864353635
61333832313939363233316337616462356532643466323834393736633631343137323739613662
62326161363363333438646661366263356162663337323163323138383066633063393731373563
33396132626665623036333031643266613131663265646531346261343663366430343932643830
36383161316263616465386231353530633330333237343038346231393238643465376464663235
39363165653430373831633964333330373561623538366430613230336266363538323438653233
39353531306563643163643632333766366462636533393264666633663866616232653937373763
66383334636136613662353664666630663762396237643639643933313338343437346463313731
33653132376237663338643138303838343038643634613731363262356366353833623063333265
36356137623935303637633965336535343833633437623663353330646539346661656437376136
62616362646463383230616266633238663538326330323533333666363336653238326533363634
65333531356131393263316638653062643834353733393061333362616131373338356435356532
31363865343966376662653966343837316438363639336130643838656639616465616163333130
65363232386364323031366363303633633933326435646636333436373034626132623337613665
65303861373662613933353134663133306434633962656330666231366539623939666130303263
30316364366138326236326465613361626130343662643130383666613139353564343262383232
65306162303538346165336636613964643032373961663764336534303064303738326132393734
64343363613663663236653265623364366663633264666236383562346562353430363336333463
32333464396436643435313030623937306463323138633864356361613063323838306661326338
64666331646431326231376530343536306232373633333663333233386338303834333864323335
34313437656137623162666136383561633632666634333537336561356563613566393237303230
37346136333931313466373762373130623335616238343666616166303334656664656637623964
39633735306638666434326632313636386263323337373034393134303135643936313334303835
35623733396665303264656232646661333138616337333032653530393537656364616237643162
38646333333937313237353530383137623435386265623131356662306632313865386430316461
63383437303130346633643332656132366166323263373635353735343366643664306233376565
64623438306361663935656137393131643338383065326665353464663031323036313063343662
39376338383266323236656138383265386234323032346633613830393466316161396631366561
37363963663637373966646134623334326465346539346661636130616337346238643639386437
32633137313066383533656136303663323932326334633864346237623530326235333635366564
62336331393831366466396436613230393963626631336363656630393735643264353439343734
63663938386336346335633832383931663637613866613238313861323131343335356337393533
62666237323037363938633837303263633365306331373830386437626437633562613433383961
34303535383562666136373434646463363962376266616635333266636533633464373735396636
31313632313663643263636331663936663231623266333736646130303335623766353731306566
37343537346434336462356636383562373139323832363662366561376237303530616534333363
65363031666230366437353434386166636634636236616331383037393133306561303231313930
37616336653661613038366265386339396337383337623065616363363237633934313534383538
66353734346136613266393834653838373361636430323939346663643834383164616561623535
30343964623832333637383938346162313830343930653036663430656333363930666139303830
39363237666464333461323738356138356338323365653362666434303531663531343237626539
30626534396363396466343363313531313730666439663265656364346535393962366262346563
66616232643830336635623437376462393234383033396634633932316535633039363637323863
37616233646334633430376161653335663362353364393565366138353461303131316437393463
33336464633666646230383434316361653133383862313736666165303635633564663862333836
34643461646231313136333265643431613230333439343735653439643537343236663933346632
63303030633835356262636432393861653232373161643131346136643061323231373266333734
66303139323433306338646330396661326138366433653938633466336439396234303431316137
34356131646135646531643764636662393161666230666336396631353539646339326364636566
30366564376330663162663265353537386535333231663665386331343866346535323064393361
63616431313866623665633264653566306366653939353132643564336661353033386562633661
63646535346130343762336465633034326262666335386262306530653461633665333031353339
32353035306636306462626362636162626135396265613264366462303966313831373532623664
37396463366566643030393932336465393734376364623638646532323664363333633461643434
30656130616432313133663038323463616663393235663734313665616362376163393136653562
37343331313163336230326365333862396230643561633837393139363835363035313134353263
63393063633565326464333535653361306537623064333066646266376331386631643966386431
38323332323766653262616263646437653539336163376466636464393637393231323732376134
39323564313538636433336566363161393462373330343835643239343738666236346530353462
38323665393731653037383935373461363165363461383262393534393464383162373435623439
31393062333436366431646430633937323837363032333335336561653834663138386531636165
39633462383938656534633531343336336535636531306261343738663436643730623739323137
64376338666139306361613466636435396536623039346338383463343566613261393465363463
66323635303138666139633632353163653964626431646165346261643165666162303535643037
36323335613735643133343539316237626431393236356331383363383937333463336162613434
32373934313735323935643039346333643163646337623361333537313463346238646662326232
32633437613432366564393337336137373639616531646634343234386636666363653065326664
63303635313266376563313536653662366138386234353537306639613864396533633431313939
32396231653039316164306437336339303132383131646463396137356161313034636265366436
65343864333835376537326166333438613037623639323134616434323331636237383263633530
64636331623234313732316365323338383661363836376331383733633831383961316363323261
39666434393738646334316632616132366361303839313863303230656638303334393266653962
35366161646330383631353962613839376530643032373261373030303231323135666435346637
35373638663266633732356438323530326631316539626364643535656130356262323737373461
65613665373865643461323335346230366262363832323936643064376362666362336166336332
39343665396263646663386666303237313138323736306532343637366437353739663634343063
64643263313038366161393932393265663836313236393933383961376535646430336266663131
30643136653261666366393036326638316261626464636233326165623361656631316566396633
38646461623161306132643961353266363162633735393961623930653164636165356638643466
63393363663433303939376632346464386236393462323732393664393235623536336232643364
66333638653463636366646335643537613261633732623436333064353165653531326134663666
36663336633633666636343563326266643435646363363736366662313261336534626238396439
30656563306230666463363162396238336339303937313634333961313662366462383232363937
31303061393134336165326130666366376663653935633037343862666263353961303132666233
36323431623739383130373534316432313930653234326338613964336636336330353539656564
63376631393865363637333139383137306138393437623461643364646536666136353562303661
31613830306431386233303138646433613232356530326434363462636331316264343262383931
31363232306465633234333230393130656332333836393138306263653562656166633363623766
62343331316665373364323633643431333164376130363563306136633364346631633336643365
39363363376330383333663534316337393035396262326530396663613338373932333236623362
63313364306165336534613832633762376364356363656436343066626134336331646565316237
34353338366330333465396630306230613465376132656362633061313466643563366137633833
39363435306530323362653934666234303332353465356534366639656633353638653466316164
66633134336235363364333839343064376539663235386530313063653030643231303236333034
63346436343239323130613863613736666466626566613530336561306437386536616338346561
37313866366136373164616461333931356535326666316265656435326465356430303464613866
36623832383830326463366164343238396130646336636462653534656336633761343731336532
66666335333137616230336537623836316535313132666131626165333230373361663863346361
35396334653864356461633361643565353132306535303963353330613062653838643535386634
63623537306434306166626366636365363862363030336362353735346233626330633433323933
35373732373731643364323033336137383336313133326337326639663566313235643937643263
30383566353139343736366637383662346634396665323866313135393366353763326139396535
33346636333935343638323439306664633731653830373539653330643761343633643761653861
30653462646233333338316464393666313963303939316463313239373761333933383837303864
33643432383361613835303133373636343366636132616463663638666333623432633133353138
34633665666134316266386132633732316362366236306639393366386166653864383733336238
65633265396563663861633734613039353134653465353638303561373530313634616535356537
61353163386332393539373831373261326564396161653034613166626130656431653131303330
64336330646662393035336666353739643132623131353264383964323637336662313366646434
36333165356364633965633738653063636433313735653433653034333934323937383738663431
66306233383966373232613761373666666534316566353436613834383638396136366236333831
36353135343733316161613735383066393465633763303362376166356637343338626439666266
30616139376463396638333733306632353236653062623962343136316337303036363462333032
66333962373839323831633065626532323537376430643830303464663564356166386137366539
37383065633962336266643461313135613535636234366362343364353237613862353936613864
62313163343566313431373234343361366264313530393265633734666434306437343734306665
66333130626162343561383761633433646162633033653363643065343930666461353161656136
37303237613036393664326166626466353662353137323133356161653966626635656266646635
34343661633436336337643262613832373439376630343039373336323066326232663564633338
66386139653737346265303764393463396532666463356163363332326436303939636462663439
62396464366161623631366631663837656233343331653965396238376538653937313736636664
33313733633736373535316237663361616661363337383865613830373335333263303137643166
36636261336334333138613737373037366666396431343234613063303633306361633533393430
62613562363634663537376136396261376637306330373964623232643331636164346234323036
66353937373835376662323338303436353763613162653535616134366263323336303837363265
36653733393039363463326438636334346534346661373931306461363238613434313631663238
31656337633165643032363137343335373734323634343731353436396265356666393535663932
64343465353230366334386231616161313836323730306330363038633136333133346536333036
66323566333831336231633730663732303564303561646537316664363631353739656439376138
61623866656230353634343963633962616264666638623339353736653637333239333135353832
33656531656332646432613666613137616664346462323136333633303439333766333133336533
31343064343431373066356438386133313362666439663035383965393763666364376133646639
32383934363263363637383830616666623038383132373061623730336364323966383932653563
62626437646135643565663032626463326565393364376461363932383332306539656134316530
31373331333838373266336231663164663936653461633961363965393364323537326539613536
34353038326230663961616339363032306439383733643236363934373463656633633630393237
34393034316165313066646664623736663036383664613462666634313530643965373234376637
33373762343964666537623166623266333032396539353136636266316636313664393932623835
38333861306533303630316362663630613631313438356366633238333930323565393966323230
61313165626165323466393631353536313930306638643563633732626238393836303631353531
32656463393534363731333630346636623435393131336565643534656363303235356335343738
31333732643839376633633330323135346265636335623862376132306532363639666138316330
65613331386132363234353562336138623466333236343961353430623433646436613139376231
34306439613330303063396131376163393337376265323864613666663362373537363461336539
61646666623133656365636166363939333231323464643865663035386639616161353332346265
32323230656234383634646164653537636432353261383633323061396337383930663939393335
33346162333061303865633430616631646361636335343335643865303535633561316630613730
61376534393030626136653664303336636630353939623037346437613062663665333936386464
65316164366335373633313539346265613363333864356561333062653539313637636137363665
61636166646163333131346637616331653834366238373765386532643630316138313033396131
63306535666365646132373438633931363736633439323939626437643865363063663766353134
65396563336637396666306238373366626566663162373136313939383735633632356338666464
31366464633837623663323663386634613333363566633035323464623263633065333231303863
66346633653431383238306430343662643466346137333932393665326133616562323530666266
62356364373962363532333061343737386334313830643835653965636437653137363239356361
37313766623831656664633233373539623137616635313133393039373864643664633162343765
64643831376363646164633630323630663830616336333836376535333731653334303736363633
35376136353264383836666438343534316466383261313865346531343738353531633830386661
64363464333764623365613762346232636335623065343138666566626465663433303863326538
66616636383262336138633635383132623535626465386561663733363936303531323766383634
61666431653663653662653366623637653233313035333934306530303534633764363731376636
64663734626632326165316163366332613337326437663030613663346364616262393865353934
30343631376430343666366163373631396535616331393332656531333033356562663161356233
65303763356165623435643238643366363962333237386464393936333363313163633863353738
63393062333465623263656230656137353836633633333534313831623431623132663538656636
61643534303239346630663036613330376235643263366566643639663939356261323866613562
61313963356565343964386465366434396636373038303631626564653661613931323739383563
33626534323139386536396263303764363331616664613133333962646536373065643830386131
38623238633634373334636239626461363733316366376134306536653566303362353831656334
35623531306264333364346563313831626431323865666637336239623534326463616565626231
66663066633338656139643561303035336437653164323564383334366138633631656238383435
63323663333438373764393366333563393131363139366332663434616336386164306232303835
36653730653566663535333363343861303131663830343964316530383636636364626435666365
35356263373539353039313366626133353738346161363039643035666238313230383461396163
66646464323666643766346231393039386632613865393134373437393034623731383835333434
30313732313032613432323763336536653066333239313865333866383631386163373032656531
66653531656464623261653231353863373037303164356266343762303831373662353337346664
33613036363735613230333731343631383934666463383834616661623839323366646635336231
63323831666632343632663466393064356338353932356335323738626231643733326161663738
31666564666335646335353766363639636533623765653735383863333361356332373065366136
31633534623266383465643035366432356365643066363161343064323961383532393632323135
33616261623238323166353532613631633961353037653263306162356132366261363538653231
35306333643232303737303233306665393163383331633031383764303138386263636630616237
63353434653336336337303233336437336165386235663663656134323435393662646639356366
33343630363864643631663038313361326634343965333166383831346166633530656362323266
31303739646131373537366330386238336633353164383031323830633638643330313230636434
64396332306631303361613237303961393731316630633861663235393234633639353935646632
39373430386634653237353730393366306435303033353462356138326563356266363865323133
33386362336465336265643535653335366166643062303437376431383662363833663036383061
32613035383434616430366362653262316430306335633861323763613232656331343631373638
65386131336238343964636530326431303866383363313663316530316639616666323037646236
63363863333165383761656161396539323738613437663139393838353061376461336165376639
37616433396161653563663533383132656234376264396638383265393562316365653234636162
62313830646233323433383934353161303235646231646563616231353761323136666335623536
34333266326533346362333566316634346161663536636539333136376432386336656336663438
39323835393962373262306336386566643664373765666331646531643939333034633433303232
62306635633235643962393936633239396537643835653066313561613135623832323035366634
62663664373933393932323866636230326435646333323365656537356139323562636463636338
31366264363934363132346565343531393766633032633061613139616134373462653936643537
36366538363538626434356335383563643330363033336437353432636530313239626461633665
31393765343331616336616562316263613530633265616332363962646163336466616234356434
31663735393061643164373132613332663163313766636537663532386533633562343230623335
33383032323665623465626539633839633035623732386637646334343734333033623262663431
35633537333630623336353965653065623337383836323064363934383532393434353736363263
33623639346465623230343065373338666666636534323536663432623061323733323730653133
66663235613965626130336132356362313234633661636162633839646139306131643562643266
66643531373561316237656563623363313361666137343861613265616336326565396335303032
31383833376638353162333832346433373038373064353236636535313438653634653865373233
63373166383766306364663535373865313835363364396366346537323361363361396464663835
65346237343633366265633032616238653838633437356266303236616566303938333832653438
61616233313137386337623863343332336332376561333336333136306130663663646536393433
63383166346634393830663966663237366633373532333038386263336265666434313966613337
30396162336634366433373635353463393835376537343766363064333630616464653065376165
61396263373261393461353435656239623438373366616136336163353664323430366532303061
31356161623237326264346339666235636462356633333566353032353066663663633332366538
66353836303431616235333034333663373763393365666435656230636336633866623361636536
35636232383237636634343136643731303732366433303562383662653630363338643365396532
61316236393539363436393834363861343836376137633132613438303666663761623739383263
63303962623537633430643935353937393563613135353136346332663833383962333432346432
63663138353036623435623037346430313566336635333232616365663335386165393238383137
35333061326264396636313434646639343163326235313233363234653965316664326363646535
30346666373034393466623735396561393666656431616430616362353032396437633765633631
30363639643138633439633732663664623866643065326364626261306135653061303462373266
63646333663062323831663935383763363632396364363662633537386136353939343261613066
35333933623830656431663031336163613434363336343332636638623231613831326138643139
39376362386666613432303733383931626635346632393461616232656632353230646161616238
63646136363236376530313164636236363061353631633965383433623031323635306337633232
62313566363134626138376237633738303037363462616433306637323739666436613338373639
35633162393931626639396438653139313961336264346234383139366334623666636266323930
61376530366564373135383864656266303364663134613064356464653465353530306135383932
62306636396665396163313766323562333964343461623863393463376361336639663036386164
30646461616462353536383566646464613638326436326161633039656564336634373436663464
61353665306661323861656537383562343864663938306263376239303332396633663139663931
30613937393639653632393232316336356339636230613036626565336138333838353833383865
63383765313962656164633435633736623032323365326264653465656338643964386234333136
63346431303966306665656662623236366230623231643434643333386663383166376662396337
36323966396566386439663136343431633335333838316636343233303266313532386434303432
37633362623339393735653265306138366566353832346464306538376137333437616166323735
31376236353866396132373032633736633635323736316438323433386161333763626631396562
36393533383437323763376337316365346134303434306664326335383966373365376532316632
39326539326432653965336635373839343265626231663039346133343739373032616637633536
36353062636162633134663034366562343532666230353965323933323464333235656361386466
63616537393338373330323465353533633462313137333666316137626535326562636261633938
31393934366434316535663436346535323834326636613632393139353066376635623135353366
65323735336433623734393131313630613365326438376330393165396539326332373064653265
30343364636332316366663831356539366435386266326130363034363037383763383434656133
34363336626238336464313864373936353762326532393763383939376530646131643063633437
66623630636135306666353838336165353165323538323431313861346639326661616634663630
30656539643338356635363263396432316530616561326430306134373637363335663838373534
65306539666532643433393536336364643265383366643965653534623236643832336361656364
37656538303736316437623766346330363365633465623539336431343261613963633537396234
36663562346231616138373431303730613764306433356130653963613262656461363062356338
36633432326137643336393931653365626561326237653836303538323362653763646436663165
31363264663838653638306465383734383635623163373832396431376661393733623566356562
36373466363530386666616537643331623766313330313035303338306238333038323462346134
63373432643437323335356332353936346535303732336631393561636138383066656137663232
30653836353564386262313237323738353134326331343632626635363433656532396336323361
33323266643261313963633736336439653736636661663833393763323839643462396538383834
32346164323264393464643235363436373866643233326362353962303266356430303632383134
62396164646337393738646136316563323361356334653636643566646331346131323263386462
30653737303035376664636331326663343537333837356364333333653132383234363133626135
30303831666632386632343066316661353962636262303835333862346231346164613131333039
37643462633664633930646465303466306565663237333332326432353337343339303162656431
30656434353261346661336433306632656534313662613661333035346238306536623230363932
61643664613761633764333032306561336365323736393662386365633664353235623363353965
33653331333766383634666663663030613335353035333933373863633533343434396631393063
64393030366133646164626432666162393437626333383435323431333864326432623339656138
62633363613731366666313638383839396161396331373436373464626462633966383838396165
39643238353732366230633530326161343363376135666632333765613866333036356464623035
39323737333862613061396463643836396435353033636337323131316235643639626263313264
65626563363565656532656430643539653965333033373735653262633639386334663165363862
38643237623933386662653839656664353365626365386661323830356565636137356330386666
37313932383637636366396537613365626163656131313165306636656232373931316130656637
65613631383539656537653030653764363134373961646435323537313534303664626330393835
37323661393833396562613937643639316363633438343962636562393964666138373839653737
37646334313334323066313639353935396264373539396330663432616235316435353264346166
37363734316430346437343765626139366165626633326236343165666239653538343536616365
31373930373437306165653961363939663733653064616166356535666539313930643536333134
31633736396239313436656466386162613735306332306130303031666365366365303662303466
63323863363834333562383839626135623230386262666138396439653764313366646564326436
66306264666236306639383931373136326539343665373564666131623362653866656264666661
37636132376235346437306431623562633766373231393937303565373434636335303065366561
66336134653336613565633232343965393836666536643664393839303730666532363439303833
32656334323563653837666665633133333762383238343834353363383931393164336432633038
61616565373265383830613538636635623038333563386334313962336639666362383430653330
38363034656365646537363634653135353433376336656266376162613161343865356636643164
61643937613361616133663965343565303163633432613666363637396466646463316637333666
31366565376362663632633765353633636365326462646263343335636339653237336338656539
62306339666262636563653637343535376232373765353533636362333461343230373639366264
30623739643466366161343162643533363838653938366665636364353661613535373863666265
30326332613630613238393631393135306161383831653837373866343130663638646665313462
30366431313532393365306463623538303966653265613362666132356264653865666438663165
35653066383933353134623930313639633236633032356561633038666130396431353861333962
36363133376535333464636133336664646666333530663138383130666232363336353735326166
31396263343233636564626338326237323537306636623464666332303737376662363236643236
36643932396638333334663263313736656335353237656137323330643430316138306635646434
37313937333831383331626130386362323966393065383032316530386434646236376162353332
62663639666537376464626466643034356466626664353336613533613566343965366131626166
61656238313961313966393938306463623232343566646666383239353537396362643164633466
38353564636138323565653331396237356437386436623231323563653338646137623839643131
37313166353439306233353865373461323433313666643838383166386666616334323363303637
35636564306363333164333036666162653265336263346230613363653163393735313531383961
65343231363362633263633161363132393464643862396661363237613764353637636330663434
66393534663164653665653933646533386461376662326438303430303439346262353338656337
33376333653833366539393035316435626337353236346461623335626633646332646361336339
64663934633138316432636330643263323233383830323665363261353966353766616663643138
62363439353630636465643634666439376561666439343562656430653639303264316239663030
36396266343237373533616362636438646262343764333765616362326233386163626233333861
30373930346265363933663039643932393431666134326232336533316232613833316163616438
63303938646436343264346631303535333730643863393030366633376137386632326533643331
66323664333163373966333933636162646435646363346430636234666364666430666366653839
31636635326564363764396431373234303435393134623631393830396538383534383066373461
61333339636438656465353830303463616264653261656363383164633064646531356262636162
38623163663662353136333935636339643865393931653764646362653031386566356639303338
66396566326238326432653735633239656239393961626566656236663563326639633835653262
30613634653665633063333036626261646437396430313237323665353962343362633762373763
66303962623363346136313337333736313232636635336236633063383538666438373937353530
61336264356130386463316637376137653136666538363762326631373435313765336362333637
39353230663032363735643439316535373139333065316235356537626536343863303833326331
34626238363263353434613332313030323533393165393263633238326233343839393035663533
36343633326334343937363964363035666330383165643135653561343638666330623137306162
32666138376231333263643462303330306361343065306434306336656264393165343561623433
37306137653865613637333634303332383134626336333863356537306261313431303231356435
66313731656366383435303363363561623264313165343330663337633032333535386433363234
61343961666265613333623462396535336163383862313034303038653561636634663231313231
34616261376664396563386266646366356534623836656232336338383831336134643263333161
64313232353634373032613962616331386463336330376334613231336639666230613738383065
65393431306432636237393736616465396233316163383735373330343532373335313130333665
30383339363834383965616265626635313862373733643362636336346433363133343031633430
37326339663562336461653332643537303733326532306261353066636139666364323131386434
65373663366162656231363638633766383731306535346262313137323265393332663435626338
30643239363032303363636662383961386337653238353064393136636462623630616263343432
63613964616362323133313166303938383762333061613864616263636137633831366535363338
34373337336265313366663463376236333431653162316363343965623033333362343130396263
62373033313830363766303335393830616435653062346235633431313039613065653065636130
61393438323063623734383465366138643062643932353536353430373830326666653932663736
63313838613130353662383965346630663232623763363532636237353964383939383336303038
35393032643030303638396364323665366337386638643837336166316561356436653438663236
31373930393133353639353636303566323732353235346235393833383338393534386163646537
38383530653832633734373338623035653833313366333837653265376365343462353033316437
33343562383633663362616339626565613232623365346432386664386432383761643431353634
61653530323438363230386239383439623165313231623332313433353539393565313237343337
61643266303931623833663932643631383263626465303735653033363266323738353630336634
61646331376162616536336166303936353066393865363266353032333133653737323434666632
63393439373932306161356134633762643536653964306563353034313763323566633431323137
35373461356436323633393430323137313831303033333664383461616534663165626266346431
39363263633663363161633139663032363166343236376562366233373638613738336339393566
32613462393432323264323534386261646431363832333631633930646639633435303064383937
38643465386133636664353932663235636633393063353161343061653830363963306238326361
38653538373161653932373864376433363463623863383033323562306630623964303739323464
30353332626563616565333461353636613034343432643963616139376435653762323864336361
66343532393966363838353935333731393531303962643833353766343333653764306466613165
33393134346266636537646634333063326165653530343063636366363037666537306234393962
30663439373235386537386663356566633437346330636135633632343038383861376132333265
35326230616263616336613362376466643165616539643464353063663861636366643366626132
39313662316462316231656562666134626636666466613538636433643162356136613466366364
31653834396132376365336664303063303563333239383936363034306538663966353766633637
32656630366664613164333163363535333761363932366633353237616637636632666136323139
36383963333631323161396466336138346539393762353830383736333234376534376262333936
63623737393132386537383530353762616162303831303266626437616238326435373136613231
31656439343137643939663263623339303738356164653032313733363064356536653330333561
63663136323439613834623038386263613036373937313062343964373835346463343331376664
62396566663835356439663736643834643130656534656136643962643532363236333738363033
32656161343132643764363732656332376333323830623132393163393631393838316639386235
62373466653134373438663831613965393837376530303037326232626630646437316235396239
30623666623930303866323464383539346564323638313462633830643132333663363264313365
32346137393032623365663738363636393865623632393337353163613033396435373762313738
35343864636235303330303035656637356238613964383639353566633164326561333436656565
64333933343866343964346434343633346563373738376362363661323361653364313263636161
39386539663663376538656139313364376539646366313062303936653634393564616335353535
31316434633664363834656330613266333435343138316565393135333365336235
