$ANSIBLE_VAULT;1.1;AES256
64653434366663663931376230353534613066373732653934346139373237393431343833613261
6166306364626566363866376436623732666364356131390a373638353464376561343431383430
36383532623964336639656237376234346366313933616165356133326136383833356463323663
3938376430373162390a623734353864616161356264346664323033653238383137303831373261
30663435303834303732316331326561313534373139326261653833353663323135666566663534
39396533663130383861303034303865373232303430356233626634666332303137663234666333
34363665333639663965353135646565353061396437333035646437633432383335633461383237
36306163323734363439336335666437316333356435636135666134636436303161353637363336
39306132336134666638363331326532613164396537656666396665393236356538343231343739
38313930323032656139356530326534663032376133306238303632663436396665653432303338
36356538306537353562653039653330303637633338663862646166386662333761666461313263
32373561633830636337343738356339316165376130336138336463323463366237316237336336
62363236343963613437316535333133323964393037353834383833316161353134353064303734
65373237656663313435373833303161613664343366386561366136633231366330346461366131
34626435313763363635346632623830303765306436633131383362633735616263333266373730
61393835343037623962343161336430633030636237643636656562633639323537353766356462
35326366646435353838316633633664306635326565313064393136663833356330616163393935
66653538663836343762323431363133313234323666316331356237303230306635653630353537
65336638643139343663396266383237393863306230313336303039356336386438646661346435
38306162633933303437346365373939666639303336323530366638363132303066626634653863
34323264633930633536636366663461393065643665633664653836346531383837346132323630
32653366386237383864366362313134636565316433626263313964666536306263363535396233
63386564333665623361363837633165316534643763626162303530623735363331363863313134
33626537643062323330303063636662326639356163376332613866356138376336313566313631
36363733336639336630613131346665343737663839356132396137333134666433366265323735
63373938613932613233316563386135303865303232323934666331326465626637383532313639
33636164306533326430356334616531386166636334366337633634636233363638653730316434
30386539363233653539386332353361366531323134613730346366393537653762643464383434
34666132383464383761616332643264353438356133346631366138383766303930316435376364
63386134383738633437306139336462306137393032313232353137393039356634366139323735
64333535333834663263336536623438316666633435383065346535633864623965386139653936
62616666363132383631636330343263363238363631363439346432623134383366626335353033
66306436323734663366313235393161636635646536303634653837386537636636663533626435
62373830666565623361383666666566323734393433363762346337656339353630363861303530
35323631353530623865656630613364363537396335316562633433333065376463656530306163
30646236326634663431636363396436363537613735313838386430333230666439393834326534
61373832653962623433373863316136653939646662393132653765323135303336666635356439
31343235323838383462323138356633363561363136323062363833326664383631643463366439
35666664623962353532383130626161623861323361626164653339376334633661333162383863
64323962666265373638396436643239373635666631626435336335353430663065303437313463
38626530366330643833303234633932623662616237653565323831333435646336396334336566
64316638643639363635383831393761653634376335363339663231346463333835366662653932
35333738353864633335396639303735363335313639653061393364333766366538346361646634
39333539396538393662383531613833653466306365333232643933316263656665626134313864
62363532363332663364623433313239336164613634653161613936303462663934326330663765
33646362303539323131353661326532323963363732386233623462303233323365633133613061
30383130353831613930613266336433383631343164353535613539643866666633383134633264
64393661316663616564326335613833376335366339316533626165663564616264643464383637
30373161383762633563393732646361623331306436363033316262363132353762396538363736
31333465653431383861626264306235323334663636336338363666326134383164643537643233
30616565636534613264653734346165353062326631653435333230633462346339336637306135
33656361343234383835306539383863643535333837336332613764376235646231356562366136
65323566653234373931643766633938663863643631333437643434303833656365316263396134
63353831646130373034633339653836336265316538623331643335393261653937306433343531
30336130343663313734393162626539316239653533333236376533316365626530363034663331
35343163623764633137363835373661613739356436663633383866373935383731333039343764
31393338333732613165663331373734353734316661303338393064643933356663303833303834
38326565356139383635313565353062313534613632356531613238373435316138353736663336
66323131636333366439386234633430653735633333396630643561323466636434353963343336
36343932343034386239613064633537346262613765346237643333366135333531376232336130
36366138333065393333383761653435633664303830633637323538363133326263303665643936
39343564306563636665306564623033633639626236303737393638663962643863316265326337
62633362643832393863323338346134313033393062646232656139376634323936613235633139
31653664383634313339363631626666343837336366643833383566393130313162623562343739
39313333323064643561303633623565383366353463636632653631646163323335646362316238
61356139366261373633383363383433643136643533616633306439616362613737323966353963
64396466613734663263666436323538336461633861316536666161643064636562313533616138
66383265396530386432393934346137613639316435623338313336356631366132333235613262
61363730616632333766623065313233613662373366363764666263663535616261396663316533
37633731393666633336303661396262326336653838353837383966383035303938383139313431
30383365333765663664393461396635313736386135386634633361633437393831376265373665
64383131326661363131323665623134623639386331396336343531643461646366333661616636
63363636396663356439663331643065366135626335373434633637363866636266313662333665
62373930353866326635313736616533306332333132383637666464653338643138303866343061
62666131383539643165616236656561373835346330303162356261333961373838643939336365
64383833353165613935336661316266623933333836656136663133623063396239366633366364
64646531623262396334636136643661666536666131623666666637636464343530616265346338
62313064623961373163376566343536333362656135373161616530613462353766653339633361
31316635616139373861383838343939346561343062333863323936643864666430316335626232
66363861653238633036353934313361323430656337643563313833656664393635353334383238
32326465633230626664346137323639643961373036656562643130376638626561623039323337
62653738623365356338346638626532393334373463383935343663386632646537333931616666
31646663376131343166616330393966336364353237623530323836396132376662656462643037
36613937393639653334306437336466613232356537613936633432386339646332396532643662
30313066326235303864663665303230376439623635363861366130653131356336643566616539
30383263643062376339316363353634613736663733316336303931303338653832303033326638
62346532666563356432313835333764373137346664353763623330313662393232346164303432
30356465326133396264353566363938383437393063323363643439616130643534316531373964
31333764366135623635653966656363393239653839633863346565393830393261633237616134
35376536303636643633616635643961313938343631386239653561386534326166383035346261
63663563393533623062663732353632376363326134346532333036666366636232356263343834
34303437613965353439376363666135336138326163653530663839396465623636626537356335
63656331646330613965383734643066303832346564326366616163653763646633393961623262
63643166643763383031303862333237383034636465326437393563306565626337616366656436
33313364656137393438653566626661343237663562356163343536386231356233363035366264
32653136333062366363393133393637383964373265633066653932343139393962396462323462
37386131616536346239323439366331373631376437623233363636316464316339376539306265
30616331353938643963663062356537656631616435343836646164623065626261663065613236
66646665653132313166346430373366313261396635663063363365386130663464343366343530
37663930653730613934373465383239313038396338656135356464356231343935306139663933
34323839353132356230333832303063663661346537343630353635363933313065623731353062
38333638386231643236643062666239393831626132653336343933333936323531373639653633
36643932336536646265626266363663633037393737343638313636383166333466353835653831
35626362653266353133353135313562353539653938623136613062613135383162303330346432
66313866333433653464653764623064306135643736613935633333613232326338363963626232
32323836383037303138633037376238633136396235643031336266643237636362333366396333
35313132363566656466323532663337353534353066366634383537336465373932646538353439
65336530633136623666373136396265353436323034316136626330303135663337623732303930
38353937393531616563653362373362343033646338623534313063353631313135366134366237
62376236356264336262613262653535373262616634353636333034343163363631623964306437
31363334343933636166363866323662376237386131396331343765633833383838613731346233
34376231303565333834333130333830623830666637313637633135643832623132383937633636
36313464376138313439623864636235653262343366656562386334646134623439386661623661
32396239343534323864303764633833356566653365363630313463353062383033326134663530
61333463653337663338653433616138393632303261356566636332393166316265323566616565
36646561323534633666653834306538326564356164323261656439333363353538646236383563
30393766633436376333363739363338636638303035373639363339396536393662613637316232
38383961383061643130353532393464333436366266616331303334656661613339366435373038
30383966646339646432646663663838306234663338363035343263643662353961623436323561
32353630643161306337626333383466346565626130373736656230396339303537326535623665
32316562343334333733653536643537623837306565313033303338666662356365373237616462
32346164666538656662663036326638323863626430343939323863353164636461616631303230
66633262663165333836646435616131333066613138346461613237366535386232323362646263
66373663336366346431373537343233636137346637613931633237666265613632663534636435
62656134383361653531366631393333633232633931363636653033616636363536366162666366
65353062363766643039666436373137323630633231346536323563613432303034326131346436
38383034623733373432643633636333626563316566393366303461313836383432303138663033
64316334396431313866396638386433316265343734353633623333376466383435393634346331
64363731626532613536323266376361653338313131643834303766653465373832323339333834
35653736356464343837336462616165636435393839356235356332363164663061366631323165
32323061636561373630636366343464373539353065653361356436623433306537643261333163
33306361623961373436323265323830396263663664313030333233653932643438373934663636
61333936316636353934393231373565396462386162323435336565656561656235393362653434
32623438316336326437623436613166393333323838663931373164643566306263313534306634
36343766653565383065393163326134323236626337366234326538616362656231623165353236
62656263656661666531626438633131303331396232303737343732666365613939333834313334
38323365396639373634366238626630303136646662666265356432646465316436643735653134
39336530343531363664363062643032306563386365633862353439616130373936633438646535
34313866616631306336626465306362316133633630626136316262386332386565633737333833
36366465313965373431366437313632353339636133613161373131636663323162323266393865
36393331346461343237376462343461633835313433376266393461633866343431643434346636
37396239386266623231366431303361336364396630333932326339363363636463353635313561
33363238366437343162616533663435623464363833346131376338633534353838383735396633
36376631663539346636393064613233383336646464613361613463376164663538393237356237
37656632613465663834653436643938646334323933376539376666326234346334323238363538
32646533303161346663323239306134626331366432356637313562613964326164636438613832
65306537616432656336373438326636303362663134616166663465626266616461616266313564
34343165623535386165343066616262626336323230333135343039336235343734656634663133
36356165323333646235356462356166623963323033333930356362326630393535383333613136
39666663353532643037343934373135376233613362626131353662323763363538643365313531
64663036313630313838336663633266653566363066663136393966633335643163343632336633
32333136663265633834313566663239636164333338386364346334393835396533336331613265
66666365363537393561383739613738303134303361326235616335316666366465653135363339
36383539653530646235643538316535386531356439636334316332343733626466386261643263
31396262393131313965393365386565623335366535356232333234313634346662303131336363
34356132636630306238386530393834373833646639376564356233623664643961306136663562
62626635363932333733376336373634616136663533343662316361336461613638643236393661
36303162656239333063316338643266386561343366613764653464633435346632636333643734
35383061356439326535356534316566393063666331306130623963393132363764303232326161
64613062386464643634656333666336616232653037653833636561333363633234356434656462
61613830323736623738333738626363323462386433343834666235333035633261353766306430
39333165336365376564343431343266346637306536323831623435656434303635316232326131
34326237646432373430323136633261306231383166616637363632383032303534643866313966
32633939303863376231623139373737653937633635363332346532386131623065393264393262
30613035636632313435646364323434396331636666343133363834333536396635393332356366
37336630323766333339393961656362323935613732316336396537666565643364353462383937
61653731313439653534653666393733376662363130616265616465393162336332643463613534
62353830643336373364323063346562306363623863623961663237393237323262373163383333
62343338663538623139393562363839633434636134663035343031313233363564653532336335
36366233353566313539336264666163663734356535323736646630353832646563663436633335
37333536393863656236316139613638356133326161636663376162323338383266333162633732
30623064633766323334333033613330376139633738333961353731393366326262323162393964
30623664306431353638386633316636616266633263643866333039643536626332393164633134
33326364363937653466643364376630343336663963316165353439663031366130346333653631
62333231313932373838383030326264666165386430393461373731353132323930626331626636
36643430383130363461353566373638346361336239346538656439646466393235353761376364
62363837366537636566626636396137636163383035333761633130363436303566653863616437
63623637316663666538656634626530396231316161653435303863306237656535356566373262
36343666663230666362643366393632663330626230653536393731323138376131643739666330
63353636303635396663316266656139653137323364646463326131623564323064323062393439
62626236373239373434623466343562653734306665393230333237363565376138373839303363
31666634646438643764343534346164306438366664303266623135323361613833336537373031
35656439663961326636396662346362653263383762343333396333626661373838663165383234
37653039663334373532653666656632626538646339336238396530336136373261373334366136
34663634303163636438396239353731306138366236326531613665313662623937323437343338
36363337653635626364313634666439643731393063323834313233633165323131346536643664
33383232373533303835313432623639326232316238336363333563383866643363316365323937
61646562613439653934643461366562393864393464616137623461303736616432363038316265
66313838303032653932656131653161306464646436363166616236323165313437376234396137
65373033383663656261343438666130643661663730363263366331383436666561303463303861
65316633306338646237393231323337613461306561633561636436646465396164373535346532
37623937613265393266336130346164643333363038373936346662666161363130656633383162
38346536663264303630653538633230646365343230346661383935626664383030373332656265
62326230306365303561343662663233646330623338326536306433623762656532386137396134
33336436343532383830313366636563633831376162353962623866313732313363346266323665
64373165333165306333326161666563393035613034393461663032633164366638303532643331
66376536313939626666363535353962643036383238356463353861346334663432353864383139
31613634393230636234386339643531346132653236643934303461313235633364366163343862
61313563363337316163646537386261653434363765346432303839303733303038656332633433
65646439383338346564633730643132653166643038373538643030383664363639303164346665
30353162353964666466316566313164376638303165373132643632646161343566363734356562
30333436646239643834363336653533643261656263366563316130336263343133363966646431
35396631356330656362353934616361333662623562643963656530376332653661633939636135
30336634333164343365336232303939306566653739666531313733646566376632316564393163
62623965393430336366633563623362393761303264653632643131323737666364323136313736
39656436373233313433653966376663626566303464666566313937643933323361313565316661
61323439366332373533643733613464653631323339613837353735373137343737343038353166
38383162396437366531306361363831323763336661643139323561383731663530363862373362
63336430633233303638326666336136623536393436386663326431323139316639353764663262
34656238306432643430323333326336656531343631336437323134326330336536636537636463
62326161646461663238316365626463663738623163343865616165653265643034383932306362
64356366306265383830376330313938643537643636333464663738383236636666336539656463
33363534653835373234376239333231323137366536336538373966383338373737643531313537
64653734323839353238643332353765623631643366313130303865333930356436386638323666
61393230306630646638663234613661353035626235366566303163333632666334633866633938
37353864653161366633376361656531653365343163323735656366386339393366333864613566
66313537326261613631393239363139353964643263353262626430613364343439386437623035
32343738396232383866353837343162313864303065356164393165343937396163363635636662
39393532643066393530383366383332373532353963303933633730636136343662316365353763
61323738663835323864356330393431363336313339393863383261343866636137643731303463
65333166323363666365653936623933393135643166633733356335323432336438383265396637
34373333353739306365303063373566316438663739366133376538636438393030653034373230
33626463393231353530396466656237616533613135336231363435646131643834343037326635
38316237623132363134333566636435303939346536623036663365636263303133353439633465
61386338363334306436663666666130353865386330656230306133383339353934643135663664
30376364356230636334333564346262333863343339306431303934656336396461633466346361
30323330613939643965653365303137623234383932363063353130366431316363666237326566
34653066303736626237616434633237353564646561623532313263323362636361653134653131
63663739653435663330363235656633333661386336636635336364316433653935353862316264
31616535646239613336343337356438623965383036646165353661326363653264393032396336
34613432623965363665386663643637343236616165396464333038666137393139313338306135
30643535613035316464623530353864363163616135626365663936346362396336346635313862
63653631353264343130396163613562643936306230646430636564393166653730303163363533
36616661393937623637653434653838643631623563376632646630626536633439373138353638
64346231323564656365323130393731343264623631633764623965373430323330656236643834
38376530316432623838373632353864393930396431333537333661373734316363343265633762
33346134346136313339386561623461303837623665333739333734396234633638656461303964
39383662336436366437636133643338393662383835613865646537343931633031613762343038
62613262613831626232363037626132653833616131646361333639643139666162616338356436
37613266303738656165313539366533633133303637396366313738636439333130396232636262
65386266636436333639333536643739656535333862343236616231383233653939353530323033
31323333326337363431663436363535346630633230383933336432616638663934343663373734
30326665373861363836326365326333313736616532353636346163323331633566343235316466
61306561626334336536366231663230616136343339636361623666383438646534313665393163
37386330346363366365643562343532373136653232646633323436336336623566386630396234
34303362383265633536356538316337613361626232613364386235336336376139653238653839
39343662313436313430616130303939666235643164373532383633303564343963343866373737
30353339336236303639633037323330636263646264636238303431326638623163663233333761
35663237393237373339313861396630646461363134623230316462393134653333623334666536
33353861656238386537633930313433386435663435326436383238613866333138643463373833
30653361393238323532336437656364383863363564343433316565333262666361333361643536
65326336653636313036663963336431633439393435666139323364346134653939373165326438
36343461383765663838313531613037386435343835396266353030346437666564666339343734
32656437333763616332343566646463386263363435303931666161323836653636633338333735
32393236366166393738626666313630626662323666366264636366613366653937303938616538
66636436616561623238633362653737316162616338343033646232353337383666663262313539
30646231346339646564666438386236616635313439363762613334386362363965656132326132
33356636393431303131343635653536353632383732373832386234616566633964323737393862
34373036316666636639303039393762333930613737343231353132303731626561646263613335
36616439396233326565333663353461313132336261353139323962663065633563356137663665
35353935623764646164323463613738356236333232613236393936643737356564383737303531
37333236613665633337343733653766323732396261666636626234303863623038646333653637
66393530363361316531396466323533396133313531356330636364633061386235306532303739
65386564396137623737353936396263633738666138613633626131333637373262346166643263
63313766356664353666666165643766373335356436323137336565343530613666646562656139
37343535323130636666343638306664666633623230353866353132316433373365336539393963
66646663633532353561653334333466326164613130626633663138666431373739336564373133
62386535316332663663356537623734343564306230653138613366643130313733373637346134
62373061343964633433366539623064383535643130313937646461313361656133303264343163
36623432653936343837303166356438346266643337653262616234386434666536343232313563
36313766613231366165626138366362663135663761616136663733393863633230636533653737
38646665313835616361343366313430383665363537383635633461653364656231346437303235
33356230323839663538666566336364346231373834313963343537363238646466656532613030
64646538386330643334663163666532333432313662613964366334303838346161393863616439
30363232326336613264313331323734646439613334613530333738626339356462363662396661
36623431333262393063336130656530376361393161373831333938613562363934646630363039
63323031306562356564333237623637323861326566353334353532376566323766353064653536
33666665313764316331666430643139613138333366623661356139386162646162356438643234
65663638666235316166643562396437616662343330646430376665343732663161626133366338
65666132333363326666336462623434346536616263626564323563346561303161386130376162
62353433323331366335373966323434383636303061363039313665356232643064353734633561
66393163333033383964663866623735616566336664656562316639393332333239343730303538
36633038653330653132313637656237386530383839393665383731646262323132373636356534
34366533306331653634393161613334643335373533346362363831313339313465303361353432
33306230393861656331393435316634646336383231616364356432626462343130633964303539
34326264613239303237363637646332373561303939363665303937653932366233666234343834
64633234303461623739393035653137383730303931353537653331626463313236636638666438
30383565623765393731643731306362376663356438633965343266663137303130373739323331
62383533346165303032663334323930323666313531386664363835383266326239376562376566
30326561386561666637353462643166613063326662623937343465336664393861326266393965
38336336326362303237653862326261663537616565663663316232626131393362656634653733
39323437363366366164636531373961623939353137313539383338313431633836343961666562
63613938393034383335393364663430303862383761353239633534363637356134303565323966
34316134393436313832663433616664343739383262336165316461373533623635303735343232
64303465373831623461346437303230643831333066393236643963376635383535363330346339
37373438653839623962623831663230633637313236383566356562336339653239663461636364
66343438383832633265616639623836386234386239616431383762623031303232316334333766
34653963363937363537663730646463333863643333346533393562366361366339376537353730
38343931323462346463353234616663663937313036376435343334633237373564313566643938
66303264323230643339333962666635636636336265366133393239353837353264363863343135
66663032306435313730326263353831666364613636326435336263623762396635616463313637
36623734623362313531666634346433303063643864383636346431373435343030613537353662
34303733313736303564326666613439363663326233643663373935313865663836613937656536
36386130653632373030393663313332323965643730326135633762306539663730656332333531
62666263613633616434316333396565336465386436633162633631633039633931666131393432
31613938393237313665613161653330303532663261613366363937303039313732646463666432
34616561346336623664343435663230306235386231353337613838353832333361613738663437
66636536303938616466306132626461353839383538323561303439333638373433323031666336
33306566373361303132303531326532303331373136366633376631336138636133326262336365
34353865366137303837666664326133633261343433396531363332343064633534323865303738
39306137643534303134333932346463643732316564636539646637316439303339643765653937
35356564316332653966633431666362323965666336313962336434663733373837316437333538
34346638346237636239303933653164646432636338323938653030326232393631656466353336
30373137363834323663633434353366366664326138626238376539393061626565396364323230
65623239626461386238643832633534326662373737633830333233323936633766646465343861
65303234386633613534303234636265636665373937623935666238376334653636613837333936
66323862303238646438663032386633356132313564343634386566373734376263343463633334
64383063303731363337333133623838633330303264343331396233383833316561616235313662
37373730643933383265343665663030646338396161356136313138363832373466306361313630
32333233323939656131323732373964616462333638643634373363376561393461373538336231
38353738636630623063653362653565373035353736323338643233303763363734613662623231
64646366663536656337373966386234353234623334663733366235626232333633646435313034
62626565323937396530613161653633373934643932303664643433366266393165383365623333
38373834613234353530393237383730636339303363383365333133353061616239613336323830
31346530656634643733633033653338653738376339316666363532653362653362396635613863
62323233336233626330653132326631346533346231386632303036663938643964386130656539
32356431363237363562376261623465303930343237396263316231353936303936663262653330
34343231663234353636316433386264313638626137653230313637633866343834643866626261
61353666373264376237636562666565613566613437353838646133633132666265333136393735
34323766346230613762326237346464396331663634383431646435323065306436303933383266
66366134666637356332363139613130663762666465306362623235616330323163643239623230
61653766666531306537643136303134306539666138616461326561363131353565313235363736
61376563363036343832306433653936616263396366666166326235643038643835646166626665
32336566633431373266336264656237313438616637666434393732643133656232303336633230
33616334663837383136626463356533343465616639633039616666366132313365366364363732
39343964366465626130656666656663386265626565373237303364343364346161636532623733
65353738626661356561353838343639323035643963353233616163633961343539333231646332
32353037373936663263343835623261313034633238623833383035356636336537623933646236
32643030346262363135646235313630396132343233376538323337626532353236306461386561
64333631656539316335616162613935633839386361613633313064303564383334303634393437
32386563393965303262313432613332333535306237626636653132663931303034613636373336
65353932343062396532616438633637623238393939633763363635666438363966646366616539
31383434623730336363633964303332306162386362663333663832373035373938346332393565
64616262326561623833636163313564353537366365643735353061333666323831643666383931
64336163646330333931626138313136363431313465613265613861303865353538633935613037
35663935373766646233316431646239666633646536343764363731323030633833633062633137
61616266343061326630646532303135633132643839643338353266383938373830396430343138
65346431303662393864373538343066316235646230363365316662653261666438663832663932
64323932363963623462663438313437323265366132613131336362636564313962613837646439
30643835306338393264306435643661646232616161373839393363333639313135376461326639
66623662633732363663633831633933313835623139316561313739373631383437653632316462
32366662613364316134313534643962643439313032323334616633313962336463623738633934
32353730386161653461333966653632613365643265323131323133373234333064626162396662
31303461383637383239303062646266396236653466653365633038353466323439646565613232
33303263653137366131383064666439393834326439666233643165633131346365653736663738
63643932393736393035393861346335353861646638646364326531333564396238373135363732
61653439643936333564393338386462303861363635653935363165323331373839343137656438
35303831396362653762636636646264346332393337656566393461333966656636663134636263
34373135643565316162313434346333656632316436613566343432333964633937633961393132
64303632336130356266633635616535323764313735656563613439393465653937613766663535
31306239633466613363623633663938613639333261633237633963383261333339313861383066
65393837653438393634313361616232613561633164666637633337376162356263346138343063
65633530313131313139356435373833383837353836313339323438363433353735643163616630
35306239356138326638343166613462623331623036386464303262643838333765343561646134
34373536333566626662373063646433643735383062333030356136373864313036663566306438
34636234663332616466373965643635306631386636386435396638616139396134346465323563
30663830353063303163336266343131346561663433303732383364376337643633343662643034
64653062626239366330306266633631336164643031643137623330306665316436633932313532
37363438393432623566366436653964656137383330653936316335636562623833343964613639
33653235626531613336633535326161373862363265376664363032373439333561386163636261
35663564343736313633316663376133363737356666373333663239346435366434313437356537
37373162626239386332653430363465376337666138366539656464326534623330663737616433
38636465633732376633373363323763363261643963346235353136636138633265636366336536
36363331613638633436646661396537373164383664353735386236353964626262363531636337
31313139633738616434623438663538326237363464643231303334303535373164356134346438
32336639663366633265323464336566323663646163396533616230616433323337386434386366
36626363663665306536613166326564386661333830393235373437313962643834623062616530
33633233306436646439303934653230336663653063393433616230613364323231613535646264
32353639643965613837396539343630346434336636366162613131623433363332666238613130
39323038303761663261623731626466666635646231656136653362653730333735636365353064
33653437373663616636643861303664636134343139336561643435363062633363313736346130
33303165303139616333636234356532363666343062323130383661616633373832363665303739
63653966363062363966623061643066316431616163333465376235346236343138313235646234
34393032333465316234626563646162653365376132613337343363633766633335326436666336
66616131363932316430626264653065333134373665643235376262613064623239313834313834
30656363323734363738323466353430383565343566646639326239623835343330383364383631
33306364303961373163363466656138363034613236393133613837373438303034323134333233
30653130663233353161643864336136313339323035323564383430313336353439613234653138
65393334323138393734306133343863393835333435656230613466646131306430643139326434
61386336666134316661346664376561303236366435663562663263393635616365363165626232
34313562393231383662623465323737383536613863306563336135656164613033356538333835
62393137303232613036393365333937386266633061666361623738343035653463353737626439
37653734653964623061656632333435326132373839656561386334303362643336326266336434
35393138653438616439306632376664646438393566373065386638643231313434663538666261
39343233663334636136633236366234353734343532653336343238643464363935303533623031
31333665653037336435366439333339386661613263333339353966383734336637623830373737
65353931663732333032626438656130613063663538633534653434386364323835376235663864
33343530326333316538363039396630646139346638623636396663333432663035646636393230
32336437633434386666616363323339303666323562623464666436383564363438636133383130
32396639386434386136373032303339636435356231376533613962383131336335363530636561
66633132306462386534633536333865363465303439383731313861353438666562333230613130
37393938376338363936613339613430653231353839663635336531373137663833366539666536
32313064326637383434653862336237633363323138633539386363663439643362323338316361
32373935376236366636666238633032393964626262643432313932623930343739636563626265
37376162643536626337656433353038346433396530306465336337386531343064303035666439
36363666656164313263383936653761363063643261376565663539376664633230333764393433
36613538626565363233353262626266643466373634393166663935383766343734306632356432
34363932613332346137343939363530623763656265346531653032393536616237623938383466
62303138663239363536333134363365316133396462326262666361656239363266303831353236
64373236373135343963663234643030656632303535653162343130636430666336306332356431
64323133623733656632653131393864633861303764326361353037653162343836653866393933
37666433353639653035616637393633666265366133326264333337343361376563613638333632
36623435646461663838376431353866633963366663623238323536663339633434323961613338
39386437323362353930336561366530366338366465623832343663336661353538393861333261
63623737373233316230653266326330613832663466396332343538663831663937613466643164
64383337373937343964646131373063316531666163393134346563346531663134326532356165
32373337333465666263626439643637616336653739343630643734616632343432663766653335
34303934366133666135343539396332373564376137356635633233373361313866356363656462
36396437313033366136643263376439313231393338306237376238653039336531323437633330
65396362633963373962373363353766383264646362636131376135633030303635363534356239
36653730386434613061643138396461333333663534326436373031333964643935643630333764
61643233666530356634363864383436656436613035636534353762353730666662323965363762
31613132316232666366313364336139316535333038316430643766663031653133346165313431
39633066396336303165303062656639336231323265666363363963373863386239343161613836
30636131393234363664303863653634393361626137626636303335666236383762316531666266
37616431653638383634616335613633306630316430623039613334643530326164326335356434
37343933323034646565326430326362646364363462643561393534636266366634363738663964
39356434376231623339623962323336626430326439363236656333373066343661636365663264
63366261633237666335316162666533663761336430396164383362663231323761633031356466
65376561396534393662643361626661363739663864633531313136656632623037616635646132
64333863316438303934306362363536656635616666323666616239656533303761643538323531
32333730343234306563623931346162626432303532306135656562386530323735363565623464
30386162646337636439303635616463333034306631373437623636353639343063336162666136
32313335353262386539373037373238643062376665313434363237373036666538333962616465
36653234303664326366396233333132613365363334353063313931363435343639616130343065
61666361386239396130613139333635663038643432306239373864353639396165666562326630
39633662633034303464396237373138656131373935393734386663383734646164613632383530
35653566366235623938636638363966343333643337326532303337376665396633373665313863
61353666336531336636356561653434356130396237663932396262373631616165353663333736
34356664653638653466326133373361353839396366363463303237306636353662323162353863
65363932333731396264366130303531313333656566303335363834353139383136376234663062
63306661313931353135663734653361303130316337383734313261636235616637636439653838
35653839643562386262663666616331376464396537326462383063633964313136623131663037
61326438383137336561323464313631303565376339393339336333383638343166326138653037
61303266303437376637386136666339656133383336373738386132636438323335653534303737
39393734616261323561346533316664316233333362343564366335376330663531323531306630
39346466626533363531663436643238323038653064393233336361356131626365363730303030
65363130383738373162373335633531646335616538396435343334623239653937653064623462
32616464616262303161633962626335623265366261316365643961323466663262343563333063
39313936313032383536633765623839323137396430366536326664326332323934363862343039
64376332656631343361653764313762313633306436653732383636373936343065313835363762
38383734633765376262626564386561633030366162323739306337363562303362333261343364
38623135666364303434393537316635386465343936613035326331613832616130653736323366
35393063353565386463616362383931303362666666623935303835373734626635303330663135
63353931623936383264666137613263313864653532623232386466323432343735626363393739
37663163623566643761366430666461623234343030663637306135626635336432643465363866
64333134643262356335333035633834396536653033643563663736306337623534636263306666
35313162303266656661653138343862663830623437393166313230656263306264386662366362
38613738666338336637613531643637613764626234396135373732333130313832393134346539
61373038663961663264346661316339653334313236346132306633623532353638323134666566
64343839366138623733386539386264356339346366646435646237623838663537613362326235
64366662636436363630373365333633313733336239653763613932333832666338663765666633
33663439333932356636626537313331653534323239303038343335623631346163333361326462
64303262626466643036333939326632626136393137373731316431636364616362653035353930
32653030373432643165343463346432356234303238393438663861613837613033333334623335
63643835376234646336363463303838633737643538366538656465393463666366316632323564
30333766636338353861643438396633353464626165383763393437313339343931336538663738
35636434386634383764303336613839623964623638303437376331383162383633383034353031
35343136386261376462386461396137303934383930356330316636376263616436643763666466
39386134316635616237323037643839626563306562636330396462613730343663373436396638
66633230623265363238333366646335666339643839343437616534376262303333656664616635
39326465343230636636333035313264643531366638343032373539623936303330376238353464
33333939626661336164386330303564613262633136356539333731396466333331663439306463
37326439376563633364353965373162346266343662643563613838626161636333376334316236
36646661313965623463363936316539663330366265363238313430316261346130353264613963
31333964663166373234353235633766626236623231336361396230393932346366366363306466
65646631383164653464343333616138623466663861623062366637653462333338396531346138
34396662663339333736363963326166663166633263343565313764633932396433616434386436
66353766393237323734653235393139626364363466616165333134376666353835353639653130
30646334363864616266346431353266356565353737393732393361336639383438313439636361
36616536613866386663646562303830316537636664666662326536383035396638346139313133
38363164653265623437306631373961376339663935633865623034336138313834393962613638
36353765336438613264303262336139346262623538316536643931333233656166633335353131
39636464363265623030353532356532393337356164376238376263313835616431613362646563
33613233363362306562323832396434636338393637616239376562333562323962363461363732
66393730343766626339663435346336333437336662336532663739653266663764383133646335
34343163656564613262613665663861383635393239656366383962333463663364393838653136
33613161616261316439663361343163626330333234336565383162383366393337373335323232
63633761373564636431333662323836656336653564316566326366313730383562353136343931
36303833653261303733396665633335386232333861373636366463643064376237643338343730
64313964613030373261303735353835353035376632316563646538373931663534383834656664
37663263313038653930666132653661363261623663333034636131666635663237316134643931
33643931313236633434656537303336383833303761376138373130303239323066633766653531
32373565313937343138663637306436313835396462383531353632343737663931643738343431
61353532393565626563303062343765323939306632313162663664313462313932373838333937
62613239373838303738336361393666366661626139626562616334373533623735363263393636
65663364626631613061383233346261363837316263393431333632396236313961613535306632
39633466313337336133333365383030353630653437386631653433336234656234646537366132
36363133393134636665663536316461663966653332373363633636353966306561376666633266
30383731356537326364353830333731353331303836663236386630656338626562316637333732
38363563383262326630643266323065383933333139313339646462323231393637313561653936
65386265643433396564663334643939646566346138313630656232663664303363666261303335
65653665633761313132393364336134343931366130356437323261396462663331383933376366
35666563353536363931623032333336373266633931386361623634623332626261316331373364
38626363356531653539303764306432666430336266613539656436646461666130616435366433
37306231653564343765643233316463306661633230633061353463626336396431316161373662
65373963646438663034373038373931613935323462353434373737363964653761366161643365
33636436346131643030353463393830336166323764613264326132373936666339303561393465
31626337653736646564653832646632323133663962616266626335663735376565633163313034
64303134333765643839663034336432653630333266343763663634353436313235333239346365
65633266386236626438326164303034353965353631386166323566643330383537386338323135
37373139663631353462343165633138363563366261373637356537373438353834306266663961
39656365306364643137386639353761373161313534363437623865303666326136326339333036
36333339663164353332373131626235336531353938316338383431336530323166666236346430
33343662353062333364336366383565613663316462386438613562666562393735646265616236
37396137386135613561643037613536366665613763386139613062396662663435653336356130
34326262346439353332663539636438333638646562313237346133336434643435333561373136
30366332376437383434643132623831383033656366656637636134643833366638363531376634
30373333363336383634343337343666623764323035373563356434313034663738636535346165
66356139636137333434326636393931366434653766646437326433386166366137643736303239
37346330353164363936656130353835333230643239313639356635323838636230633139393934
64393061623631623634386537313565633166303566353134346265316332643638336237666337
31353065623763323233306437343032616636626535366437306564613734376164313735366435
34303166663561303931616632333034346236393733303337313532393534333233386537393964
64333466303931303762346130303662666666373037643431306561313537303033326263383561
62653034333735356633323637346265346136323539383233663962373362373930613965656165
35633437336536616261663738636631363861386237306366626432373333343131303262346664
39613437663563326636646465616434376133643132623936666430393138303564666663326333
65376239383831306366336131626232613163363433343430343262626431383036303639383634
62313039393963653737636131623362313763653638383534316632656262306537653863616464
37323463363965396266356530373535333363653165643135346535326232363836656362303831
35313366643732323764666462663839356162333465336337306131383432666135306335373332
31313537316531353161366431633761333032366537636539333835656665343133303761643962
65303439343333626264373665633733333034346339373362373464616261326331633161366661
39393935336566346639383734666132353239336333323736336232626363633566643639633761
38306366663637303031626338666432343735396561333537653032633763313364373934303434
34376266376664383531313638306338343234313435363337626637336530626538323261376331
32653131393766386466656436643137323963343138326536373834343130303939396665353930
61326430613463613239346265616132353461623165396231623233636432643039636132353664
32653665343865333635346664653136326636616162623262646566313837343961653832393930
66383265346638333664646466323463366335306331646137393738356662323166633361363338
34653932326633326661393362343966643861396131316533306561393066643937303533393261
33653932636464616438313537383131666261303264346439353331323731646339373162376331
33633930316439333064383239636131306134643237356433373935653231626366383833323239
39323030313663306466383966343566396661333662316162326639623036663530303563376365
62343038643931356137373430306261613431646534636661343762313665653665376361613664
30386661326133666435303430373265333734326465613934333838316365393034376235313037
64373338353930306139613236633731366130333837303066383734323663303764363937323334
31376365303531386636656631306137323862393937333235353466653863346639333635333031
33646163626366383233663134333462623333353630393462663238613830323536376537646462
31636562646630373938666465616632393335326365323236663634353065663239363431616164
65653230616561616432623939303038393439326139656161613337366563336465373932386535
38346565653037626365666138303232316365373733666437656238306533633161346237653630
30353266333565663465323536393539396539613532386533653338613961633832393632663231
34653031623031333565643239626133323536636438663333646263386364333236623765316336
33353031326438343630613538643763356561393634653039313634386233346439353637323236
33623136646632316266653037333162386635376535633564316262316463623933646363323939
34353735373130333938666639633131396137363164316438303361666232626561363430663436
65376131656437656439363831663665616166636430353535363232336433376532373634333839
32333361353930303836313763613237323633653166653534353164613935376637613838303266
65313837653464616430356663333766346461613836306130323338366362653937363765376663
62326138383935393634346235376536613634613265303833653866653533623061393036643661
31613832363764663536653235656437303436373632646665653735356362313633666266356633
61386437623239313739656165643862636265303266656534366633623761643639636137636138
64303261326234383930643132633139336536366366613362336137663934663631353263613139
36366537636333373236666562653335663234363764613562636635333134313834646138376334
66623434666637333939613431376163326435633137633535636330396365393563626238643238
66643033313530633962616564306138316163663363366463383431623266313264353237376139
34613937323762303938303264303134323539313331313432363866303934373561356635656236
30316365383036386632313161626238313339356666643765613261396231616262616238653330
61636433653030383766333335646335653934643834653939643439633963613865316439353832
65653833396561393266393236356238333333396462643635353761353166643936326232666436
31633434346331633961643666393564636135336165316439316630643437396266663631376135
37323032343633303536343935326166313930326234323061396531333632366635376239373165
38323665613665636363656665363330623231613662366164626163343836386166636565343638
37363763356230623330303332326662613962386661636432633739613561303639373036613337
39376265353731313561623665616563396264373934363437366635376666373237623937646235
61613434366534333736643738633066626538613165363034343037323866343230623633653863
31383836306262376262653437336334393834666233326561643432633662646266303731323330
61636633363062396534643166353066666463303661636436663465396638376233333337306666
37653432653438663538306535386530633062366136653162343263646164383064613861623834
36656163333733366163373662393131316561363934663533656136366638613464356136366437
33653136363962393835653361323563383162663831643238653530356264343737333839656236
30356131323864303466306166376364373939613031336235316166373361316464663239306363
30356337333635336639643033373964333437666535393065396430353135333264373136353339
64656136663230653638623439666163353564623661306132653732376164326131646139613333
37326461353137303663386338653061303439373566303162633061646536623766373662663463
32313062313031383932303063396639653431353038663565636466656437313163316332376534
36336631363038393665326636626264356662333361373639343262343531306137303730356164
63383432396235353538393865643863333231616331306334663530396131356138336362366166
38346637343935313361333263663463653337313666383066316664313236636533636365633362
65666532323039303363653363353837626639383033396664353462316133666232393434363236
65623465646534323066646634656264613034613933643637656630643232663533373865653333
34656336316633353164356463643163383736306533373065646162656139653934366463353561
36386232373135366666353065303536653435343464636565333931363933663335326236656237
30313031353236306138666637363037333536633561393062323062363863376238343336336262
38663030366236633839313361373961616339613232313435383564366664376636373730366665
36383162663662666436636364653264636233636266643339336561616530303633383164653330
35303437663635633531396135666662333435323039663665653364333934336434616162613962
36333931383563653361353838613532663765306338373936616539353133373134636466623462
61656562626265666533323131626230643731663933323334633134663161373537386432643638
30646535623333666334656362353734353036393731363562383534366335643161613465663530
37613138323533626436326664656339383230383263366334353631363137333831623362396636
31346236326335653563313439613864353366333965626366656565353764633365653430386631
34633037386635343136333033373861616131623733393163313534353032633665616537353235
64303137313936343938313137656664346564646231363936333639323262306234376335633865
63393961383563346235663039363635376439343963633131643738333764373937313230386566
61613230653133666365613835303636336264653139633163663238353261373739643363396433
36613663386531336236666338363763316164656438366265313964386437316434613534643465
36366665363535616538343362663837633365666334363762646132313034333734386565383935
61643565343166666531626138373831356637326362303830613864646161626430333730396531
35306261336164323663643733613862636432623262363038633762613438353232376164633761
66393734376435373535663037393733633932373031633166373537346334303533316166333264
62363637646566343234653762353565346637623238323031626161643831366665653933383338
61636461373539353838613532643638353530376261616432376138393564393036633363336539
63323965316362393335616531336633643038353834303635623733626561323531386661393830
61623531393039393237613735663761313962653762633332303139383634383939666361303061
36323362373030643966646165386463613964636436346566643562653934383435616335666364
61313631303530633432613233633433626337323632646237383965626133323934633164386361
30303539383265373232373761633862383261373066386434366637373132313463393861356364
38366338363364356264306637613735666139383736316431666464353332626538356532323062
33343031613961373831666233336262373063313866623333333037636666343732303964393266
66333061343533643538376561616431386164643335383465316135626336373061653665313334
35643264353632383663356333336262323661306461383038643237633663363964346361366466
39393232633865343432363636353162353934663331383433656433306261333066653536653365
32393066323264666538366166633333346532353134626338326135343934376538386134643963
63643630386130383161313265613766643330343435653132306562353862363132343431323861
36323239616433663930653834373266656465656264666239306131353236616666313834373632
65353066323537316535343163643835366438653232643232373338633266333361326462396361
65383835336338616239366330383837653261616330393433333139336365653738656532613038
64666565643537386262386636313964613831643831333139653935336432343866356234356134
61613737333337643566623036623362343633633232623464303037366231663137333232363763
36303163353032373864386439613532393631356434386664643135373539386665353466633932
36346538383931613134353163383263636265663339353530656665613938613830666562333763
33663732656164326466623437636137353431633933343963336633633536313862353931666432
34623938326463393865386361316333326661633039633862316431316131363635323166336637
37653131366436306534323061623137646232356630356434373931333962336231616338356639
33623464613534633735643064663231386465316366636530656562333136613637356331383232
31343232616361626364383134386564343861366131626139393232313665656430626464633265
36306237643735353135643861653639303932333931666231336232393061383534613963336266
64373262336431373837326133633435633331316336343164633033343638303033383265343636
64346661336566346432633437636665353963333665663737383164356465306438663230316432
61313239643238363633663334613631393163393034313235643236643433636132343439633834
37343834383236326637323839623339626332363734336362646430626437646462633034613031
35666435343339396434363062333636666232666562386631366338313239653163326231343734
36663231336233376637393137306637383837376130363466636262616139313935616662326538
65643837353934623938666434646339313362353830373362666132636239316666363834613139
30636137646666343865316232616161653765623939353837303238383466633632633364646261
38326637363863343962663663356336626330633736633262383738313839373637643234626539
62643961643835626365333734333730353132336363353763376263373239383732353761396435
39363530313965313866333738313834666237353737343339373139613233613361656361643934
64656435646665363938613661616530373065666138363730316665363531363932633130363431
63333537393334303434313432316334636133643030623731393765393131306261663439356263
39356662643064626236323632653430383236663631613230333365626138616331613833366137
36656635646266363965333162386361333133363031386231386231386265356637623461373463
65373232356365313365643536373763373266623234353335376339646337303432306131343037
35376465313731626237643432646332306666323937376465383136623232363439343063366439
63323431636436373663613661663135306232313033326265316666643663343161663161346230
63356666653135663466366230613864663035666163326265346533623161626230356261383762
33353162623232353833663766343465336264653138353761356561353934306562656235396134
62623533303333633661633763666535623334393866316631323839383364393238323037653830
34333030636135353539386239383563393634333530643338353065366662633437313466313631
35386230386361643935323235323363303735613638313939323534666233366461356262353639
32643662383331363362383433323737666266333335376562663635373466636137393035353363
30346466663333396531366138623337613037633964613866373932653435633762646637343935
35653566323564363238356565346361313735653430373862666366363763383530643339646432
37306431623931393565326337383336373936636666363166336630383136356137656661396536
66356462393662343261356338306138393863343962663933613337643764343163393063646235
35663864633837393062613531633261366565613334653965643437333031376137663731373830
62343738646235616333343234626532363732306631396130313262643562306536316665373936
64366432653839383031646462613832643732373934366661336438376564303965376135623663
65343935623530313438626366383732353335383433616239316638636233316435343463663963
64346431373935333630383263393631656463616435393538343239333261326661636361353336
65626236653763316461636464363732366635623263303166656166663731316636646165373564
61353634333363626635383862353163623532313636623932383839643735346461653063373962
64373366373563633065333533643731643036323764643563363938656161356130666565376263
61376464616631643962393630376261373338333734396532363932343532316366623138373535
64623166366166303435373462623435646635313334313332363239333338623835366635333539
34363433626431343132623863653566643439383665396132613331313135353732663661643936
30363930366238616137643537346666396335613636333435663262336166663939363433613234
30613263623835323031643137343564383865396363396634353962326466356237316563623239
35383434623733646235316130376337633533616236333934386363326338393231666237303361
66636361333431323537383133656439663332336265663631363066303739383263656637373533
31653035613334663530646661633863333664616534363633646439343765626534376633346166
31653363323463336531343234363637386339323230306439643563323962396634303137353532
65303636306436313766393332303031633836306134663739373038633334636630643539303635
30346533316334653961616439613062643562353239613939636236646163333238336333346465
66613131666337316166663739343038623139363836613663316235353163383338646162613333
31343837626231633738393336613432343262303866636566386161383137346662356630363166
31653037306631663462656339656463663335386437326261356430343765383761666166333330
32303866646366623766376135663239633430313665623238326163646237633436373938663036
39636264393639666361656464363762656538363666616636636332666262313237343732353136
32323030313463623364386166373637393636393033373936633237663465343366643134366365
65363235373164376337343539373061303038363939323131366566646531663035643237393666
34383737363931336338303266313238363331643462363466366134306130383263623239646430
63383731353833316261333064396265326532663335383264656339376331666138376631663032
38376631333462353932316531316637633961363439386435383339346234376335383061666565
64333361383832356165336162626438653530386433663432613938376264376638346536646331
64393434366533376563613033306165323731373931373734333035646662633862393963393965
38343538393637396132633034666165313163313537343765616536326564636133636434626138
38663934333338343661313564646462663665326136323538333361646634396361366461393539
37623134643836326538303264643632343231653233373364323935343933666237303964393364
62353038633835653339343338626135386134383633633536343865356662306631376636386131
39376531386535393466376232313531306236363337636566333936623134356331366565623066
38623363636436626235333161633737326334643963333138393132633335386164353538333365
30626565343738363861656533343237633933303366346634623630653830326631376532393830
32646333633836386566323337316338646662393762316432393230616337326235303237333962
30616630323462633062633138643934333235353033303334373436663161616339396330313238
38313236353237393762336564363031326635306634373437323332643163656462663231353833
66373637653136376564386631633536656562316430656230383366333132383439636633323861
64623835383264353932613263373262393562373437323537623561353261653034363532323436
66363162613336633764613032306238316662616135623862643236343539366334396135393438
65393365343135666261656261393861653764663830323434616466373036633838343566313339
32666562376534626334663936643530306265356334616134316331633131366565396338616532
31656263363965383232313062666433373636393037316330366439386539353962656163323764
65636439323235366464323465613861373033623665633330393330346234323266633732616266
63613264633561383333653665303964653535333861383366613062323437626135333061383964
30626633386664663866303564626337636664316265633466633635326364653139393464613561
32373137383336633964393663343865303634656661613464613332656435366633383239316131
66383866386439383464346238663464386565356231373730346265323039373461366531333839
37326239383235643565313730643162363037356232613761666262626135343131666133383165
64356631343536323634376363646533313462326134636236383938353236373832336630343737
66666637326133303165666566363261393165363934393763383733343866306261323361346462
33373534303437393736666435303932346636343265363762643031613561613838646161316564
38396465303465323961643639656134616236386666376162316363353533336163633662336136
63363163353132666538363264326131323065383530353835343438303533646436323036393033
64633563383535363564343439666633313333343139623631616566373339383932343835643062
32653635636137343265356235376235386563623131336135343365376232663262336264633538
38323033396335616534336636313834393139363262316539383435613135656634316137643933
33646439616632363937303231613537383964656131336631373432383035666130626466613135
66663461323332316434373133613231393734376434636262643736363039363864313931653832
65353331646464396433343862353266646162303134396436343438616363336439646335306261
37326636633263383335306463316133323062666563353137646364616136623763303163396666
61373231373638386464336338386633383965373035396563376266363532313030663934383464
35393838393661353036646335316434303964323265356535316131353365393564373837616161
35396638383131323666633533653230303732333837623066613263376234653537393934323633
63633961303364623835643733666163646435353737393836363337653133616338633932313736
39303033326664353431663464313638633231393364313435616630653931626366333133343436
35306631623961333031666439353365613264333166393230303832326238656339633966386239
65303439393466643238303965373862656430373732313937623033326535346438323339363432
65666532333963393837643866323538303363356237383031316661333365633037323132623762
61623534663936333435316437303833643263633039343538363062393661663666666637653738
34323165386233393936336335373139313166396364633435633932663031636139623965626234
36313966343033353635386431636535633032613433336138363931363938646566333232306438
32653330613236316162323733313730623466356639363438326533383937333235623235386139
34323039373362666331666136653335396664633766326164356335353961316436326532636232
31393033316166303561613034636631363138623832373066393139353232353339663031306366
38393639396661646466653933386336396633373263343366343434636331613665663934313034
36313562396433653963613763616465336438383064393335323533313330373165373633336666
66623832323336613036346237656631623735393066326337373232626162336264636235386563
38656331623334616334393563323932336463633865666632313565623433313766616362636137
35636364376262623333323163336234303364656232386133386430333831386633653034643534
61366536383138326435343331366134396562336163353736663331646164396633396437343138
30373131303262336238646633633032303361653465333137653636343133323238633963306231
62373333633338643834386665613234646665386462376337663663616436613132623265306663
36636438343432353464626631303966353033636365656533356262636335333365623661303762
33663861363936643564666666623861363465396338666439323635343265396566373033326161
65356166333935383831323036663564306239333466346466663862336339376138633333333336
35633332363066363739623465373838613537346261653763363066393962396331663861323061
31396365343831626236356365303838383466663232633766313962646664663666623561326436
34303538636237333839383963373031636236313661626636653935343033323733363732623938
30353538653965383135376263376430373764396434393031326634383865653237353764356131
63383039636165373961656139376161633938666437333136316536356632396233363631313432
32616262336331643261393234303034306130363338383935303035653035316530343431666130
36656630653662393037373466626336373961643938346435376630363961303830393661396536
32643963336635343862633063396463326632636130336565353239353739366430353237666631
39313135343535383266356331303031356564633963363434373162323164303638623864393835
65333238633964363436623733663135643939333262303766383134366634373037303461313737
61343737346666373139393734366430613930393064653831653839613063343363643533383864
61636138363463613561623961326439336364393638626637343033346164386135326139383334
39616138303631376433613836663364353766323861373234326331656661623566643736663431
33643739376364376634346135303866303638646637633161653965363466316632326131623230
36643533396265623236303664363431623939373965366565376335353062326532636637336135
32306161383238363265366333353131666436653732613361323032326464316632346466323463
62386638303630336338366135393061386635336662323439346666363039383038656666656634
35313037353561313437653636656232376333393636616437393134646539613566663964656165
62333930386236633861636535343837316237363836333535636365316337626639636162613738
38653131313230653166626636363235393639343135613830633539656232623865393562373464
61653135313439623538373363373138626534353537303839613837656636396534306265383365
34333234393961643836626435323462623464346563346436383232613262353763303230616631
64323165626234393765306130363133356335646663633261346239653935303232643366353765
39336633313663636164646362346238376366616263623738376262363532376533306234316161
66386263306439393964663535376666636162623966343462633566663338356465303461613565
31323165373763346566636139343836643634323365373337393235353963666336623339326365
62656237636233626432363966623561343361336366623065386333323564366564313737303437
63633963636361303066663232353264366239613866353630643663643363653537393562306664
64336334656539383130623237363334393638376539333662306463633865326163396537373735
31393263343130323039666530646238393432383233633362656631646638393562636566363433
32653063646233323534623830396666636536646131306631363030646231353930313935383639
39376461306539393738623133366133396239333732356265313435633865386336363138326336
31666435383361336462366235313938613064306166393530643033656331356538316162333762
64653937663433306565333132333866336234393331353661393236363962353137366166613761
37303162396335656539303563613137623735646531333563376138653665383938613234666432
30653239316334353562303562323265383539373666353131643161656262373065623262363635
36616666316133383731646333386632613564373638353761626436323436363231613034373862
31316163306666383463353536386638653865383835393239386264636632313038333563326564
65323164613563326334343430386138633161643333303031363830393361316166653136393136
30626234656435393030393564333835313437666532623335346434353031316438316566366430
33663836646136386336663764643032323165623030373833303061313030353532666331386538
64306639313436333733383665353435386331613438363161633638366166333063323964633339
31373961633964323238653031613764643861396432313839373039393665616662323233353730
64613930313437373130323162366634366532313332346161623662346334316239376434333735
66643264323062633262306362303033323461656236653230366432613430663934636266633133
65303862326535663231373363366665633533626130303937643539313431366363643739393437
66363539353065353339363963373166653763383161306433363964643531383436663231373661
34346364656266386232376664333463323034326439663631373237376439396639636664626663
31646263356537306438633733343233373163383961643036393333333166313663666239323265
64303236346438363863353237643235363835323238366465373334633366623963656231336530
33316237343234353065656338666162643730653836373235356565653162393165386435376163
62643564653134653638393161373332303834636139313437613832616336373662316561623462
38343432366465323461353930663965343566383633653738306134346134306537616139363934
62326364386635623533633761396666303937323166346535613738323937313633393361326166
38356431613664376366626662643963313037346365303234646162616436333233313537373834
35333633373135663935346431653236623265303632383562383938363536316462376438343038
61633431363937373934336430396137366663326532373165353238626132313937363335353337
32613131613865376536383766383465353266643233353136326338366466306636396565636663
66353734346161363733313739353963313432643836663361363764356662663034383033373563
31343961343639643432666261626537333230336434626634346566646637646534386564336434
36663663393933636236353533643163643938336631343835323736633636343663306662346539
39393139666132626239623232643562306365396261346665666530343864646531653964653238
34383665343530373736386465353861623134336563623035623061663630623964343237323533
62663862623561363739323138626335623233613132376532653161326237313739376538356662
33303862393265316666623966616435346665653937353362643934383635346562663365366137
30383333616630346438306433346333663063353639643035303233373861353463643035643735
34396366336665303335643033303565636162613433356263393966353465326461373532616337
63653935393037633930306665346366343537353230333665366562343966343131386532313231
64323531613935626663623238343361376562303833333232616132663438616166396465666666
61306339303533643533626464646331343836616462323730376666366564326564356438643537
36613462323363663838306166326162393061396364323638366133346461306533643662626164
64646239306335393437643539373037306161303865636436323863663131356534333030366164
35336136343330396164653330636562303935353361393432383835383464393130303634373363
35306166656166353634356431323632383235313034633965626633316662613738346634383530
36373631323566316163646537326566316438623332366262373330336534623230336437636663
36343366613836666164346236613238353735346365653736306363393234383030393161646135
34386331376635393262303266303234386637653038383764326365313061333739623532623131
39643365643661373630376339663736653234356266373730346266623632366537653338633733
32373463316363313332626564653831353063303863353734633333383632353630326261373839
37393464623033383838333561383866313963326136613936373531393866666563643531653461
30393063656365323563613839346363316638623336643565656339346534353163333630356337
36653863653832323834633633363036376365346435396136396563613135663736633138643565
64326662616236633030313464313238376364363838646532393330373438306234306236323630
36326133313031663733373139356137326335626332323438356633313565363362386130363338
62616331336161326136643239626465333738303330386263376430616462636137386637376166
39353164646265663733623366343664636136633539623432626530366262333631653334353636
34356535626366363162303562396331396464383734316561326364643936333362386434363266
35633563353466333738326333333564623564326637313139306434323561353435616136623863
31366666353035326663343336613131663262646635326230376633376363643739393938303035
62316261313231383662346137346462656230646430616439616634366530373534346636316365
37633630633937633465393031646635373561396561366132623934353066393535653562626338
32633438393065363636326666333437363866396436373561653434336261333531303631626330
37633936336637346533353266646266346439356538343262303865383734346532666339386637
35336238643961346261633033373737336534323132346532336234336236613765666162616239
36376330376230316563666439346231326462633430383662353964623861613662376234636132
36393431656364636630646162356539366466663933343834313537663738373536623035323839
38633637376165303439303935366631373435386362346331613937316131323937646632333331
39353134626439313334653434336631613135363636626261633165353134356233376531666565
39306139376331303931306439343161333264393035666263306237613733663262613332343462
30623665366237356563343235613533363535313539633664303131373132343436363762303035
61623432306362613664383064363537363538393934663265396263386638386364636337363634
32333037353862626630653562323562343361636134323734353038333439643763653234383330
36333264663061316332643633656431643565363462666564393364613536393339386234623830
35393832356565393664303638613263366233356639316639326361376235363834646330616530
31393739386533613135316632663038656661626637623562666231643138343066323435393038
65373338633565393136626439376438323434626636376233626138343437333362656334343665
65376636313435396538303161616336373039376135393065313036343364626138623234616536
61333532333832666335363164343362346436636563326534333866643639643932636265633137
38333861353636373334343236323931656235646262363966393139393338613031636532393063
66323035343634333665393430383931613466613661393364393365306365363039656639653632
34396133636230366665663762643965373265336137646134303035363331363333316366323535
35643831646663623764383137643065626665356537663364313366383963303564636162613538
37343134303937626538646565396132636162663435393566313335663664336530346434326161
38626464356265316335663665373762396136376366343037373865393865643230336433346331
38313437623738316636323437383631663236373432643232643061383936396164363237373866
65303865356133623765613366346232623663323030323464656466393238313965306138373038
32343936323933343533643735353466386531323664313162663633666633393435373239666338
63353936323830306436323333636164633363326562346163363334383434346535313562663136
62626637356464393635363465386665343636666266393632626336653537373438383137376638
36363161616639313237373130346537646333393732626232386161653036613566656635363631
66633530383836303163346163623733663535363663373361336534646337373133656632356131
64306463313237653363383135666531633333373061376665316364656432616139663832313934
33323031393035386463363966363365646265326430636562633938393232303136333736333964
37663438666138663933353764646465636634373733633262643066363439356164616139383061
36323664636435346562643563636665636463616663333464643631343063353863353837656364
31626135363566386133333233613734343133646238336638346563373738666530323965323738
37346163323162653535303637613163363131636532346661356463396633343563323931316438
33323666623236656664336664646634613761636164666265626365386336343931373230373364
62636464616164623561373638303635636238376239376566373031366339636536323864303936
39363562356334356539623563656665653836306135633239616565343530333238323632313936
31343039633366333339616139346561666263393230343331663833633865336234306636313266
32636565643637656638386165366464383736646161303131396237346466393466653366333633
30663736303431353731333235313961356438363734323636356136333935633361393962343364
64383463313465643439373236646630376134663162343562326462343465626261363030303266
65346137653464303333323436623863393238643837616534313964613530386231643963356437
37646137616438333231316339303464373461663631313730313762393661366463333038653931
32396238623834353632656536626330363365333362363932633164343636616537666635613134
37366161656139343235656464396639316531396432626565616236356566656530656465306163
36643633363237626565636635383539666464623438356365623730663233333334323830386131
65633932666139316333366333663733653166363130383532326134303766316565363336333466
39623736383764346266386135356138633031393362303135336236303961353932666361626631
63343934343764313762633863343266626132646433346534646236653765643733633432663364
65623966616334363065643236333230366132636162643036386538636331656433383235646233
39633134333864663938613765336333336139353634363737326637363530643637326537613834
63643334643738373534306463313961313631346466363030616634306438633935363263666235
64396532353433653837333762653735343335393261613335306563383237383062626366393433
33643835623934373130316263386531386563363363383632333635303832356137356263303839
38393562636333626462623464303962353034356635313162313032353330343766656132633536
32633861623435643861383866396663336137666334343365646663343265663162303461306534
35366262636236346438626338376662643530366535363330316262646633643661376136356439
61356331356133633632653932396437613666363534616237633935363266636663653538656535
36386633326437326365343465616533353338393730326430316366313761343064343632633334
62306532393835306463303430363236663137323431356239373763333865366438633561366665
31653830626436313463386261333365346535353933353934653635396133356565393735373338
66333033313530336632656164616566656234303432396337646663303762303337633331316162
32616236306639333264313363336161303630666437633663303364343532343737376463336461
61343034336432333838653431353461636631386133653031343333363435353439336432383764
34343339303961343362623665323630383138653439623036396465383830666366363336376163
64623238623430653163373565663762316437346137396139613932336433323233656562376361
63623536313062306531353664383462333065323938303435353463306165636233316163643133
65666134343537383361633036396131393638313263643834343234363363643066636134666661
62376265306530386431363661613235616435323234613061363533316630376363336466366639
37616664373464396338363139326135316134633734383238613764663762326339623830323732
35383631323931626630623930613061626236393662303232333863326563666263343330326436
38313561383637656330393738333531353263653339383537653837663031306134353466333962
34316432343034326430313132376439396561633037366537623863613832626631636137363137
36643936353837653762383862363339663138363733333763333566393266373866386464633263
37313035646362666561393932373738343035643363643365353232643835316438366133616235
62356365303866356462616561386161646639306133316433373732323461306337656165633439
31303538636438333534646636643263383966356439323835663739323466633164313437616232
62666333653135373264663034383137373562336537323136336233303566333464653436363935
38643463363661633634333634366238363434616130323139663535306433353466346137656161
30626262323636366264643466623839356364366261323537646565393865653364336536633063
33333261316639383035383031383739653131613566636634346162323839313339613433323737
64323134633165623832643061343466366632393163356664366237373139646234366337623466
64633235306638666166353433616131343939623837333636643232353032313932383633323332
35386466383835663534376434386433316234363765633661303962326635646438316430333234
30626333373437643931646230393962623338356331613661393930623932356536623262346635
35313737303663393436366362363361363132613732383262336637386361613061616364356565
31366463373066323038323035306330346433393465616363313334373335626662333334623032
62313364616234356636626361643932653835316663653533316566656139666561346332393365
31643661303431313864343735366366653261643738633638366665616435343832663435613238
65353934653533323137306364373065613462623038656663363639633563613861633934303163
38623136366631663336356262396232383563663038316139643031613862393164393361666534
32313735306437636435623465323836646564316664663465646139363837333564313834613032
64303862666362386330313566376230373664666664383637353338643165616465336562336466
61373862303134636635373338363461383330316566303863396532626335326132393666393633
61353563363532663230623937366433393630393366633536623736376563656165366163383530
33373730333436613632663961666363373731323366326630373632313561353165353864613865
61306466356161393031376232333462623763346637663833353264363239303764333364393134
33316131386139386565356237356338623134396265663663333935386531356364636238613831
34303666303730623936326235393462666338383334363938633539393263383132353332346239
61363137636265323530396233653930633839623864656434313535613662306562623162353932
30383761353335303434393932643338663636316637373839333364383762393837656337333136
33356165356166383839396461666637626436663931356631306163636464646466643338363639
37386439393739353238376235643332363730633035643230653837386166653236623336393035
37316537313331633264666637396533353065643639663638626637356232623065353538623130
62363634656233373063356335666465643038393465346333613237303030303862363334343535
33306165326362613533333264316639336136623866323139303337623332326161333766643433
33343931616666613135616531353463363566343064323261356534376235343932353864643266
64376235653238383062346532303235346535373231633535333530643436366239613564306334
36633463306663633339363261313938643032656231346465313937613263336532363232386238
63396564383231316162323630386531386534366636643865316536333963643033386334333134
65363439333234666435616539396566326666336636343464373035343335656233626134373230
61386164396230613634303732363564313732333736323333323061663733366534343065613066
64656565316630303763313865306431376162623132303165336662663939323063626533316535
34363264656662343938323839646231663136333231316133646438646538316366333432376663
38663065663631643734386537346461636561326136663366666564323762643633653136626537
64343766303761613162303434626437653134643831333430323134383738323434343034626233
30653662383633646238663066636536336132663761313464653435363730303036386337363233
65626431626262366464363131313037626262326239306431366666316537323462626262316336
63653165323637633564616532323666663761366636316334343336336232663237656633343631
62613665396537646166363664626565363264323035353662333837623236366135383237623034
38316139653563356330616261646662653439396232643635353164303431326430613931303039
30316636666337383832366363306234333231633838613938623438613065343066653938313233
64663439366632323838326362383263336464626637306634616639626532326332343834656432
65303030383366643963363531326561306634356662306235633864393961373335343961326164
62316434363536346435383466366562636533383935383761623738623535393961666266643237
36653032313265306430343662316338333532656466353631316339613735356166366134313931
64666363393236326666663764376563386230356439646135383134336339633663393431343964
34333264356162653033383432386639303865383035306165396130353032383336393739383061
35336666613434663863336330653331353432633965343565306463643438323935353133303332
34313136616466323430386333643531396163393764616166326539303739386530636432666261
34316633366230356430393365366636323830363364626233386138326434636639643462316366
30356638303163336264333339653961326334353237316633636630646339666431303535613834
62623539366637623261383237666634393865363765336563633030303731353233323962363930
35663863323965636439373631653432636137396162306438376165666635633632303636316239
35663031366662666235353966373337663938313937313232383030643333643663356333323362
31663634643636313837326633623832646335333062616363623436623435303466343665376531
36626439303234343538303463343139653433323566306533323437373864646332623137366134
63376230613563656139313437333034306365353666656338306431323731356435373631646339
36356563333836626333316465383639623039303839346236323533306134353466386331333562
65376435616138626334343537316131396666323434333032376232376431373665393332383566
65303962626231306133393265303761393863353932356565626438373738306437346632663466
64343465376264343863366337303034343766353761373430323738633638313732363437313761
36393738643030383136326163336330623337383264393130633563633731303533333137383966
32316466663765653665303939663132343739363364626461623634373466613538656233306664
61316162323835343632313432336537613965316632363934363130336263373138646561646133
30383331316163656536316465303730333537653361303838666631333266356131313963633030
39363935633233663034656166303035616630316535303933386365306537616561633566613364
32336134663737363632663836313032313661336136376365366663643962383035326333326562
33396366373939316239623831636561366439656162326230633666333738636363393365666462
66396134313337343931356334646231366662666331663735346536633636633762613731643665
31343366653230643635396333616439616163643834663138303130643835393839623363333132
37613166313434383766343233316137633834376662653866626133303332376330373630366235
32666435396233653061323232323739326265383330666538373738323364343436643964633565
38653731343436653264626464363765363961343032333034376438373737366431383164396435
64633063333736303361626136306166323336313935663030353939383861316437323634313434
39653162626635656536346433386639613862653831316362636637633638623235363234323865
64663661386439633863393462663939656262643432653936313530303663306234646232613936
37323661663566353030636161333331646430313430323834663734356437363435363035303630
63343266656132393334613032333433656165373936303336626135613865316563316132613462
62363430616462313265353733356433303664613037363766633932396637643066653035663839
35363435356134326636383238653037333134633930643961353139306137376266356239306335
36393464353132633962343636346237373130663566343132633831373364616264336635366638
35363530386531303938663234346336636639393463613733613932393765363637303438643062
37636366336634323432353163326437613664313864303633656439653335636232646662613031
61313137623930383736366163303833333265643530636538636635373035616562313732396332
65346132653263353934373834396431333530323634613333333034313338663138376264663534
38613733626464383566316639333035383436316436303861343961356166316134336666383061
62313234386632653435316562616234303734653831623830393366626364313363396666383261
31623163303731363133383562626564363762303036376631376430653436623661366531353362
37386535363934643763383034303066373236316632643761373432316438373035643737636135
35396636303334373963393364663633656362613233396162353239323538383932383466303132
38313037383535653962633766636462633935386630613866326462636433303466623666646663
61353538343664356263616539313363343138626161336535613835656161663361333634323236
34363330336130663631383731363566393162303139666631313435613663666463346162656366
35323432653032613933346236666633646233363364343436313064306430353366346438616439
32613235373133346139623732346137303231393566343463313632386631633535663861366235
31623838643733373562306234623634306165626639326430366235623031396530366637636536
62306339376232636331303863613732653565326565656533333439336532633862323133353032
30613761663365343034306366633764643230343666666661303061656338386261313830656563
64626435366636383866663735343134343237363531373663623838363936326461373633313033
62613036333135326564356162343833613830313862373665366363626235663430303837356135
62666436346566626265343638663461366438613064326661313963643337646163373261353634
39386432386136396430613737613434376632316234633061343966643465303934613466626538
39653534376435356639313830613931633039646132356261626230303262336133623938366334
31393434626239373561396131366130656437373438326638646437383038363061396133663061
39323032356635663233373461633166646331653132323163353661373966613834376636373730
61383332303766663633306532303839613136326261343937313139323738353439303631393133
31643565623366313061656661383936333936366337626464383631333138616632323231646535
63643465386162333965656262373864666434373533313235343263336232396639613036393833
35316561363361306564613337616362306134633362316432376265616431353532613964633331
61383164663462303139303539306566396165373862666231313735663764383465656461613831
31386262343566383834396638303563346533316438623630663531643864373861343361356664
37613038386265646166663863323534666461303566363161643737613932663836393135366234
30613136383233663033343337366363393964653565306637636638616435353836376136373737
36333537313839353339376362356630643936313361663364616135646463636233363332653532
32303432656639313939333165343265633064383637363139376461663063633736373537333563
32616163613835313334326533386661313032666631383565336238363364396138353666396430
32643964383930393731626630343562386164396136613836656639613665353831393961393737
62646334646564356530643836323737373533613462616261323233383237653434326364663938
35336234313735633139383332666362666532313838323035613033633763356330646363373839
37623862643463646638313330343430373436306662303234663166623039653038666461376531
61303762346232656636303432343835626130613438313236363663393765343437363132396138
31336666313039656461633264333866663363303238343337633665383461333531626136626362
64626534643431323637383166383137613839626463656465626362643365653363386536643662
61616433646538306332653630623530333631636266653033636439376430313864643763623662
31346561316231306164346663616337643339636462383039333939396166303533616361623562
34626536343666666238323536666637306535626430366331303030393465376466643732636132
33386465373561326435616163396435333737333566303964666332326263623834623637353962
32373064343030336132366131383139623831616636643430316262633766633934333036623637
34306237363739303034343061346139373433333832663331666135656432303236633836663035
65393139306635626438373634633330343636613431643565316536333436383032623837643162
33333333643732643731656565626231333566653436373762626165636139356133376433326639
34323133363637323538356232633666653232353236363934326139323336616563346235393038
63333234353837643431656333323361326165363362323761633361383834356138353037396364
37663533303437666561396534313061616130643231363463643234336631316462353531346263
30653431306135616364353461336236333864656265666433343430376364663938383565353032
66306233633332343161373232333730626638303433346564353064616561366364623536383036
33626262303266363635353331623032333632663032316461613535643065663663313836376534
39366330353337313338613430346237643938323430613362356466343061636133643836376231
39393462353034306538343138636266626562643465616238346338336161363034653634333561
37306466373831633164366261383733313937613661366162663830353030623536343631353231
61303065306666613038303161656132316137306137353633363837386661393863306236326662
37646333313936303461323335613531333836393766393735356633666438656661326563363564
35656663343430656130353164663234613237393233323664396439316438326632633165373337
33336666343263356630326561613965643266366163656266306136386238656130383131636432
36326161613962376365343830643936316130663836393230373563353439366261666334396237
62313835623439316130623163373138396532326131636461356536333666326133373939633536
35303433323235333030356565643866373932643237353931616634376130353033613631393733
63656666623038663633316437633166303632633833316133336430333666333231313637313333
33306166346230396631313061366535313366336365646534643636666533306439646361613663
35623532666263613232363863393136643732626236353731333632626565336264653531643962
66653333393561666236313733373833656466363666633365383331383436343739633265356564
30313939356163636139333561656435326661303763383662366537333330306365363062333531
37396333313430623762353638626366333163323530663731393364323838353638353139373435
62663232383466313332313038663030393133393361666132363233326632373565643339633038
31343965613561323265353466666535663730383130633332343434343234316163353031393364
62343034306637306265623131393766323934366130343136633634343832613832356439626536
31343638333364326430313063656562303362363561633066623634643037353431373464383761
65373734303935616137373730636565623331663963353538373030623964333663313335646138
38393835633235383363663263366664373366383938613337313735623933653063663462646132
65393738383135336362633564343663623062346531393838356531323661356162313035623134
63303136643935666666643037313961633330666338616535633832303632313965653965626637
62316130356461313462643637353236373432396161303364626665613833306437386432396463
38613564376436363336623833366230633136303165643538336162303638633866613736343064
31653737643636393739633931313435306338623761633930626135353665363731323431366530
30616465356165393632326135626532633064623333376333353638363061663639323635336663
31623834386164663235313762366365306138363362383262653537396437303837393762383335
62623231613439323438383032646134333831376363353638623563386132373736383833643331
36626633316131643537623530653932623836333138353234656364303836373838616531386634
35373566333531646335303537326639616234633438366338396564663334333435303538333636
31643866306464376533653039623564333638643738613537353634653962636461626136633463
66656335333661343739646234626365336537343234383862323239363635356164626364643362
61633634323965323334633739666262623336363234646535303832663531333766623537393361
38376632356634383066633137373934653063303663656535303831396235356163646632623537
62383036623636383631656232356639633736303133333866366666373265623532656263663333
65336139613537343261313661393232343737623531636266373830326163376634356136336264
35383633336436383036643363303462376233616439363330613339303532633339333839323762
31313562343431383732383238386530623466623238316138643564653663613932323338326532
33653530653132633539363034373966363432373535373962303237613130363665333132383561
63656265393130393335353361383434393637633330396431393664366337633933353961396166
62376335366662336666656636306135616565343936666561336537376365656630393362383232
39363630306538653665393835353936656262303639663839633339663638653239323439616366
39663534303866383837616631623435653466303962636430343964383362316635646261643238
62623435636632326338353231333935356330353865366130633262623030646639666563636562
63653933303330353431366231323338646131383035663163663636316364383736613135633066
39343066646133666532643131353534393361396362356665653566626335343737363936363939
61636533663131353463323462373865326532313731666563636638303833663533306237633731
62383037313736393933383532316531643631343731643931613636656139633661346536386233
32633562616438346566623662393966376334616563336633366464646533336630623030306331
35333062343636353634373135396136316162626137323765323164643438616230346131623663
38393564353630356563633366303935643563366431373839656539366663653130303136313836
32353334323530326433313237353339316138366636303339353130643362383766373232313262
37343662663666336538363335373634396164656535396337323639356138323137393362303038
38373135656663653430663365646365323334366239366436663035303738386431326631656436
34643334646266373735653639313533386565616364356439656463373433343838363030393165
61613963646666646264656138613564643835663036323338613566636337333430316566356237
39653365633539373237626665653763383866363230343631616236666162643063353664356437
65366437633732393730373137343138313265333938666134636636636330386561363534393639
30316538613236326237326436663933333462376434393130313165626334316561633061326463
34633565366535666666356363646361396162623236646632386338656430656239623434626539
37636239396463363430663732636337643933356638653733393464383936336134653736643238
31656137666331336335636261366339656332303535616135663361316165326466373336333163
64626435646634303632646462636337666666636434616432363662383165393630373532626136
66303735376436663032373332643934643439323263323136316462323331303235616566646366
36306536336665626337643563633131643762616139353436303139386134333338616438363762
39333663643232366364613764373431333836306164363433306431313264313162336335663438
38303737653262626130376536633163323263643935313461323731396639353634613461373063
64363437393035656334353339613561633463343137316666643734613065656339333736323339
65613761343135303832393463346336626132336130303664323064336465396666376432333438
65363533616531376464663137663065333165626261313432663734326634363639656338633238
63633939666663363033643366643461636634376432396638386664666566306536386435383565
38323534666630336332346366636665643035366432363532393634356664313131303966626565
64376331633434376533646633313530613031356661336232663037353061663966383432353034
31343433653436643936396535343436363739636330323133396666326665646539666165336137
30646635363339356338643464303062366634616264326431346565333833363865646634376237
38666432326439376335656432633433613630376561636261386134316564353931653064313637
36643263663265366263306632336465373432616635336363393161363165366437376637656365
62306232363462333663386133346633333032326337323264373737633666373761333636396265
34383463636632353032383437616562343731613266613534653465373634626462366139336331
35323039323930366239343133306332346230663462316532363532376161383831633365303639
30383461343861386666643561333634616265356335313032333363366563313332333033636431
39316233663865313531386336376564333962313566386638616465373931656634646635313765
36396363383131633166383861343436313030323032306231623831336434366439356132663530
363431353535633236363532656634316239
