$ANSIBLE_VAULT;1.1;AES256
61613337636238613932313036383762343730663430316530313838623038346566326635303830
3432663531613631653961656465643630346637633034320a663734376463373663306363313532
37643162393965366432633533646530313561386666313931653563373465313063653065626437
3835343865636666350a646431303430333632396338613732336363323637613638333432333938
32303865346235393836663431376238373831333330633532323433313861643962333963646136
38303263356130316532333031373339346334646336663136613636393337646533376437633535
32393339373839333431393063653165666237393636613731656664613934303665616136303163
65616635356562663839626532386330643764656166643734336363303661303062613062623532
39393332333466353532343766376635326236393038333734633634306631613761336665646234
65656432666235346564336262623937313732336361386436313465633935346331643731383461
33643838393862326432653762326331636663616231633234346661383161643639333338326461
66323837313330616235343961376239353633336366653531656661616136346532626334353834
64363664613064633036336263316531616261353765373561373238663531336265346466303834
37643965373132363037646361623632313234643930343136646163386266653363383830333732
62333933653562393066623265633939663231313538343066343733316164313361623662616666
65333562366234623733396332656638643362623832323961323261393831623264643262303964
39633232633238303364383333303461323264663636646561653933376230663635633862363162
34356663323834663266633365313365356561663236643537666230656534636632303638306164
33653965613064633765633165356564663139373831396237633962343031613231626639363133
31623139656263663233646633353062653265613333653561393862636130633361393461346361
62303863353964373263646133326136386331623832396232343765306439306338313861643036
30333139363435356439633962666130353964303063373233343631343165356331616633653761
34633964646633666464366133623134613363366134363832316230643737353538653830323535
64653239386665386531333931363033336164373236333662653864343138346139383062306562
61356233646462346130393437346364653561336534336635373938393564623635383366343463
30626535343764613665353165363230313634346666363032623862656232323533346261316139
32616165373331626462336362306236396265333566366632313465326434666161383038343232
61343565656264643931396534616139383862323832633934666236613166346164373834353365
38383362326366363233633836353861333839646362383366646265383439303934663365636332
31303734393263393765396331333064373336333066376436396465393338656635376331653632
64313864616431393430333062636431323034306235663565346338303264373234366437666135
32653130396330626639333162666630646664663735663764306235366335613766356264363165
33636632633162616434363732376335303064656233666236353337383435633065396637653061
39366263646265386631306338613834326566363963646362386562616230663562366431313137
30383030306137333964346534636631393330646131396433313765326231306664633732336133
65643635643864316161643530636432303138343534366335333362633038316265656430623336
38373739386338616637366331343064363333323936356130663865336639376239656431633930
62353231363162373137323637313837393637313838646564636361373533366231656139386366
62636336623433626366643935363731643761303436643938646235633733646265386432393334
63623038393732303835366632613763376533383936643261626535643261616663363631333736
38376437613666353630363262663561396235323038336261656264383731396437393237313633
33616537643137396330323134353631323166393233333466633935363464343133663030363562
64336663656233393332663033383265323362383538396135653232376566616265306433303861
37333533633139623939663961366262393165636637303732643966373761323335346637653066
35333837653561323165623364326261353338323133663630663638303663306266373063353437
32383464663033343163336266363834366339303131666665396638663731303666373636363366
31653763333163356462613636343763333339643834626163363666613634373237333130303464
31616230643763383966646266313931323061363663373535383066313239393433643033356534
30633666626630653430363433663365616233363233323965643934653037623262323839623337
31653961336131306265376263363762643837353461363239346235313362646636346563306638
62333264323634316234646632326233633166633139626166373861383264366461643831656639
63306135336164643236333131343530333531333865323835616161356661303061356333663139
34383239323365303831653461303566316631343439303135386565633262636565666235353337
32633661646538313266323064373933363763393630383665633633623630613831626634383932
63666263353738383436623034376234303038636165353938383933623361633763313430663933
35306638393038633335336630623861313631346366366566373133383664353465626131316331
65323536666533336262333262653635633238646366366435363135333931666565623436326236
35663438666566386333663537313064663030616431383733363932393364353937343939613366
31303166363965366564633937653961306366333535343263633365623539346461613834653330
39613464306436636239386435626331323139656335316664633137313561336434363736323233
39343335353636333763653135376462626335633731353235613432346236633362316635313832
31376631333731333531343835613733616238636231396161303338626539383533393239633236
31656535386138323132333234383731333532373433653338306534633762623437383238656165
62383563336563353033336333623136303930646266653439633237333362363831376534383264
31363639366430386138643530363663393738373834396532336637336336393365633264306436
65656539633534653836623132633131373265613662306265363733643233343630316461623331
34343763656362623334343034623966363231653334616365633831303735323234366666376265
63313661306230333964613334323966646464323239633937633638623266346339636330366637
62303366643766313431343966383462313935316464623165383066346235663530383038623164
61643564646131393862663231653136663765663261386666323363643066323334303163346534
38663539643964383662313365633230623036653239646664303931626337373538323139396139
61616131383165396163383737373961353833653536316233386563656365356165653737633063
36663134643138313761393536666132323861366637343363383066316233353232356366633630
65363966346338303136633032623632613831316632633866383736656232666233376130616239
36633931663734343462373435633433373835613562613531316133613166383132646533663062
31323635316238616632666233333739333538616564626131316131323639633432636536376365
38333834373335383162396139366564623563623339343764383162326632313565623031373035
64363632383737323033316436386563323531653063363562333461666232393538303863633465
34353535636661643839626265393630366136313335643137666634613234386565663338323332
63626337633537353839306435653931616161623839343064343236313562653638636564633436
38343137393261633339326162313730306362373932366132373731346532383532303234653435
63303739353738643038323431343732303266643434663663656462306237613831643364356231
39396162376538343732343833666536306664616334366131343865303736663031336430393965
34353866643766306566316631323331393731343535333066356434633830306261313934396263
37303533333865323263326634373633383665623032343338366666386365633636366339626434
31366435333166313463323962636266333236346336616437396630616630306434663739353538
34613031666232353232383663343535643136653230616132333165643035336639306337663062
39386363383330653736323165343632343434333364333736303332653738303932633035396236
63623264353762623230626436356363623538316334663836623062306361386362616531386163
65303235303939363065333332333866393761356330343662616264343233303939353034613666
63353632643832663535343765663536363934393338396539396263643261376638313632356433
64646361396436336464373733613935386237313334306338353365316236633566653761663934
31366339616430623764386261366561353162343339643666366336346663383830363839336632
38623064383330326263306161363566343539336637643630666263383166666131353164303536
32383138303232623435313338663438623137363533373738653263366532623864373537643735
30323264383063633361613230346264616234333263616635643234643635656437313561323465
36386533666538333936623737323665323632303765393138393034653561393731363239313236
37393964616135393162626164626536383664353863643638356639633631613061353537613132
30303864663538376639386130646364326137666137373830616239356639356237303862383034
37306639666436666463326134326661393934613037366663373839373830646135383231643134
31613838356364336534363436343237363230653735303563353533663436353235336261306135
64646336363333366162653736386233653832613263666264643366336463366233353431363034
35613235386630336461393132373733336531666639623363326534346634373938393964303831
61636661313931373136636233363737643161666636333132653463616138346235646531623165
62343032336663643434363434343633366436323431363661653833326633313733333633326534
36653339383132613966393765316530316664636431623062623134366562666464366562373139
62353738356431313166313362333063346430373433383262646432323637356364313130623463
63663133353438643133316535353866633032343165623838313666653566633964366439333933
61353662333062303635636238383232303436383864333766393066633233363137353634336330
64376166303263396531316530666439663632346433663539343565363935663536383862336365
38653066663364623063303365333533303037383334326165343533343438643262306633353737
33373134646435636632616237646562346530366466366635313966376635623739333461313837
34396337306262646530393236333166323064353263643332376165353536396430393663653236
62383334653964303530663765663430346565386137396631616266666531646465333231393733
33633066326530623064303238626331303635653230343765303238616165663836623263383062
36373561333530643839623333646262356335623532343065646264373737366461343032633465
30336137383266636635643765303565613034363331376632386366323236666362326662383933
33346261303033353932373839396637323536333434313761376461623036386466373462646333
61346137376632656661313366326162303065666432333039373639643735656664383530653631
35633631316335336233663164653264616261313263636435303164636331666266303232343061
64363965383964653338383138353735323436633438323564356163313162396137306561386534
37316333343538336565323661383538363138636234366263666530323364633935313863313965
34656231373132343831646362633332633466373838373435333931613163353365656165326635
65633233306633613032323463303537653537333136326234613731623737353039666439356162
65623331613232656435373539613633333539303737373832386263313163343633386535373232
64366337313637363437383137373063356665386630343565333933663735353639373136616362
62666337396665643266303336323933343463666230616432636631383633333739363466393735
31303965663632626332643738353065303938636665653836373933636134376130653564343662
33366439383530393135343861613431636365333036376233626234636265613865303437336330
33653837663633346534626265643863613134393634663933336333363636373036373634376166
65396338643934303737653236616438663065313761646536373666343761303731303539626465
31643730326161333332323830623463353061376333373666393062656433313238663931383631
32383063373634313036383762333639353833323965306333306439343732663733633738383533
30323838343630303530633762626463333839616131383131386534343834336236343035666462
63383033636462386162396430323731626437366563363366333239343232663935353863393366
35303936393065393962376662663836343739653833306261363239343031336338323466663761
30616536336262373539316138383236373264353637636364636233363736326130396266656666
34613739373132636561376334316431663730383666323830636138346161393333623034353531
36303830316531383161393066313230316232323663653232376333646138646264376361313064
31396538613263613536316462643632393165383539326339343834333764616566666231333435
65383332353535633865366539346139343234623065633635383433653366643234336461623038
30353732363639343961616161636636626536653330313539326361643763306165376431626139
39663537323333376463353930666338623635326537336634363864623661333965316330393262
31633635663034313932326636393437656331313236396262366461626138313336383765376462
36303339636434653235393332636238636666373432383365656637336336326434356537656131
61396537333635383239613866343138633635316261303864613135373933636564373739303436
32343439616166336262626662393935656362383035356232306333643633373861643439643635
36326335333066373737333465633637643062396434613535363239303935366430653234373434
30643762343036303534356635393038343531323762363130636263333036393939363038633939
32393662363035313965383538373461316535353065643162633439623835323163353737663762
61343638393038386135653536313936346264623537653330633730396162623363646632646534
32653562343235366162373832386236653963616331363430366330633761353031626263343836
61356162383963323035303236393166306631306432396435346238343839303961356462323037
35366563363732623563656465386235336238313738653032333535336236326166653637336138
31666361613934326364373361343961316231653137386339353139643733313633396564396336
38643335613431316330616638333066303430373431373662333837313630356430326235386535
61373861383263623030316332633263336264616132306361396262333338623636383964393762
31373363383462306662383537376265313631663939376239316566656265623737666134376666
31303030303930613333663766386165613861376366643235643666393862363766383864306637
61323035363737313935646134396637333135383063633731613339333536363130643734373234
38316639643435386133353963626535306138656538343063396530376466666434636163373435
61343931613033316239333163636164326633653035626132353661356537616264363463636664
36303233333034626332353232353339386630353866633234653930306637636538633763373964
30333939303936666662616337613061366566616537653730373462366332383237366533393434
62633766326233663535656664666362356135643235366133353032356463393736383162316664
61633831653235353636303432306462626465363365383337323033663232313137396436666135
64623564616330356235323037616239333361393237373231623939316335323235313438336238
36323236336165303236633162636464613030366464653865363735343663313865373363373565
34346637326432363638613239383466326534313831323731333835643562366165626537346465
63356661646335376266383232633564383266393732646262353161386362613562366261636232
65623363316138346564343138623133323839663033336237646164643365303038323935626639
38636535353662393661346361656666646639323264353735616534663639656431323165326534
32376336396134633564656439666335326363363637343434663931653961663830623764393831
65353333316565366534613565316661306538623236323638353062373739333365336130343636
34376264336338353339663736633361383336393163396430386437383466353639373061626633
33666639626466643732386137633866346264636333343237313132396631323839386262356231
37376537643835326565363664656431666332646338366138383761366335373338646235336433
64366538643864626237353833643737396133363065346438376137663439363734656332363666
65623439373861643865663932393734313461366264653662366264323564316131316163656166
66306666316538326365343461306337363463316534313362636365313665386131396230613066
30313632633164623835326232356638613965613230373564383163636266336162363133363166
39356437383164373564383433616665613264636665313334616563653031623030623562663735
39653061373564336435336438383332383065306632633166616438356136656265393339393536
32633039623937623962663764313038346463326130363464393437326331323066336365616637
36353638383762656439356238633031303837373938346262383966393835396563353533623935
37353032363238323238626236623964343665616433353235363938383666393164383464323832
37383339353732343766653239386536316438653437393731643462383866313832633962613339
32653635313231336536663830336332666663643638346162663061353264656337643238313437
63363237336566353530383033373134643237353937666261616262386534646333633365663461
62326261393334323434383537303237643633313463303832343166626165363065613932306430
33636636366561333362636131666134393265623463343836363465616131626662653763323662
31633437313537646236623565376638336339653562653666663735383636656464616663633330
61313035303762636135666466303231363633366534643432353737633564396131656638366639
62643861343634313862373132623630386132666134643134346163356532663439653861633435
36363765363538633831613664313636373162616432356232396533633839373830343431653136
62323562613438383332393462663564336463323130326261303561653162376433316536326461
39623261633533343836393065633430326566663134373934366362633336623731653030376331
35343432336264343539383032323063386663386133363338313437623933396361323766653263
61373232663830626237366533626133613530633439356434343933643033323335343764326331
30323164333038343533313062333834666632613830343464373161323930343234383930383534
36616437323538633036366637333935323938653637633736363638356336363437643534636335
33393966636633636130633061346431336331623834613934306238613931356534666533303833
33383737663431383533623665623038646530663038336564633038626662326337373464663835
31613162303665643165613035316561393333376434663936336262376637643432323362353135
32326664323962633763333032663834313434656135303137626439643066303363383233326364
61376136383964316138356434656265363131303839323931303265653534613236653466383131
63623130323339666633333237666566636466363331643065393664623964303530333361303564
32313136633230343264303233353131616332383465333563346366343338613035663735376635
66653765316464643839333335343361376661616361373038306332616561343037663631383161
34323531396465313334656264353930353964396261613162386338346664363430666166646664
38306232306130623539373066353433376133623637346232356438336637396334626530623532
65663234336333356433663837336363633039303366633732393965303262623532623365306633
33396234386134373638613737333866316439373933333936613764353239613639393431333234
33396163306464386434353031316530366262363333353739363936336638653532613137633132
31353133343965363138386562346262646437393764386134373463313137623033393233383332
39333032636136303033346636386635306433656562393331613761613564626630303766396634
36383665663735323936356163373034386338336564303966306237363831333134373431373437
35373464663965313937613166633766326232303961653862366366386262356331363261326161
64313532633436303433376666623239353432306366626163616239343234623033643434623662
39663565623164343334353438353634366336373366613136363835326236356536323265386530
33383233383132373232633233636635336132336234393561663664643037653463363863383766
37396334383433643035666433613165623664636466666665363439333135306435393564636362
61643432323361393932393538646265646330656231313963316238346264346334313862666537
32333062646637383363653363343834323331353738316435356233393361653037653561326634
65376331303635633533656431336433373162316563306263393934373533623639636532373562
34346538333466346432643634303836326332383332633038396438393039613864626436323837
34333263626564656635316634316136666331623438343036396238333666336264383031333638
33326262626432353562653236616264343733643934613536623562333830636132313730633636
38373535663036373766633436386265633133356435333262633631323965633163323061333365
65323937653534306565343431646665313262363832316462393639386635373334313966656263
64646334353137376163653734386563313633323739626430383761323934343537396438346165
30323763333733316134653735643537313336376265396439653937383230363362366433386533
64353837373864366166376339373565663834616436356461356131643535646634643437353137
31306663303635663234633138306132613766386661653734646637353336373264383062643531
66326661663065626434333038326335663062646337353362303764663835646333383264613436
32376266313730393866353930313639616562333437663864366163616535663135353033646537
34323466346630323238376162323061313836363739316534373865383136366533646432383265
64343632656134363461663336396435663261646332633330373235643762363435333832353530
65396566393738656266393866383961633837366136663937623839363265323262356539653964
33346664663433383230386236666365393530363565343536633232343664366533623832616539
33313463343661633239636333656465663435396661656136653265313663303430653137343461
62323466346464396638366637323462326134653534303761356265633939323937626332366636
66383135653964613930656437353438666264393164353137616662303863396263656631623564
63666264386633313166623861326333313465313061613061366263356465306266316635373236
34373539353239306365306364336232663631636534653238313634373030356632656364373531
65326636336535643836386464616336306632343334313536393832323132626433366664386266
64356332353336663135343732666231343935636161663634626135303632343162663538626231
64363237363532623663646631643430643739663333383466363865623866623231383434343830
62613365373362666263623535633439353335313262643962323562396437346533653237653463
39636365366236646239303138623237616335373634636631316138366163626562373664316331
30323831333464323739306639383933393336383639346631313663653537663031306533393463
33323439356234366531303634353933643034663138383836373264613930353136666635613964
31313230613862386234353336303033646234343636663165613739303834396137656536646539
37616336666432363361383266653564383366646161366131613837373563303261666337653938
33623066383662313232666530323130633335646163613463613233316235386566663832636266
31373538613233643036303865326136653662306262386165323561356532643765626131313031
63363831633631613965343961356164616361303064303964343932666361376430343231653137
61636438303464653532633535623565376363373434646266346365643932326336356139386462
34633031373664313436356235613066663830323939313561303037373735646366626130646365
36303631333661376235656161346236363637633161353636643463613563353336653833653932
62316538363835663337626439346265303539363834636432616236336266303637346237643230
62383035623236336430633862663765336633636662646363323636386532316238336161363832
61623334363066386266633464343430353865356436656530373236323432666561313539353965
33643537336530623731636438383464643732636539636238323839333162363164663837633264
64383732356632633135366334393363336634323761626163643938373465653464366333343431
64393866643437643066643136356333613433366563636236376136636430656335356334393934
31383837656630303233336334356266666633646635616531393835366332353438306133366534
34373338663963373831353830353864633836343330653165356533376666623661383933333137
62633234373863323966363931653263636239333737353434393731393337636131383965356162
33663136333738313761626338666534613963663538343732363832626466663132653061363665
32646433363236393966383136376634666538643163313333626431353439623164643735376536
39363533353039333537313937653534623661393661646566633932616238366632386330363135
62653138313931666665613561373338313035616133336138353666663632383538343461343265
61353930393936333165666337326334623739656432623434346366356362633439336562383738
64653331343130393435363839316236356233653439383561386661353961646233333965666662
61373438636633356261313630653337313664303632343861386138336464633135363665626131
61626537333965323635393239343732623963313932356165626132303966613336333861656166
30393933646465306432373865346263636265326565336664623463643063393632306563613864
31383961336363633537636637366539363438336365383235653536623234623635393339633536
31356332336662663139653531393732623934373531323964636166346266616433303334303362
65636432626235373831653566336564653339343863626234316533366231373832656638643838
62376261646663356461366431613632303663636339656530643661366531356466343366326234
35343038303565396566653334333734656465666338396637663535373431653434653663613232
36613565653666353332326534656235393966363239653863303164313131326466623663613036
65336335353363323662366331623332316639653462376466313463653935333035386237346366
61346265353266643933326538633633396661313336663236353431363839343031303832663234
39393734653138616237303234326562623765306537646236663834636563346430656264333732
32653763613834333561343836393665383565333138626437333635316666623231633862663534
61663635363735363364393432666536663237383532366232666564643034373333623139383539
39356231653530623865376462303331303638366664396466303336643533663231336361323864
34306331663462343633626165616466373334313561346261663437626534303563313531353938
61626265396239306336336138373335363463386265366264316531393337393930343864633566
61303238353036623235363031363466613563313035396461306637636163386234306338396637
38663339323062343561613563623539363430313364333835666234656262383839373235613737
35393130636661366265336339623339396436643735663334353333623038336266643864353562
66653863616135303532356137653565366139343465333961663738313837653733316631333430
31306566396534656338313161373264333034326563633964323832666339376164376334363265
37653364326430303833633966356130363238303437633532666236316361336466383534666134
65383461323437633131353262383363343561303962626339313764643233313064626163333137
65643134663765366530346166323136386533346336656136393837366465656232343061353638
38396232306539353438616635643435623634363131363435643065393831366666613463373566
61323362666265333165653038626132666630366438666338363965636663633434363833323365
31373961623332333139306664366631663932663339306534666235666137396232323861343835
37373437613337636639623631353533303363326662663363373937346439393163653565373939
62376530343636656534333462316666663261663662386135333534343466383835663361663535
38646535323465366463306339613839383762633734356266393233666632313531393036653531
38376434636637613236343735373264386661303438346664383738373430643238666435363261
65613933643739323263313635623765396434313261653033386565353663653435613135323439
65323230323639646536623637616131396164316331613337326362633364336464353835303135
34346331323732343762643135626363666561366463383039386439633731666564633861656639
39323864353763613133333634393661346233653964663063386665653934366165623762316466
34363530663064306536323839643063373466353435306139663662383965396263383163623863
63336133376537353765633933626161303633323733656361633237316336656436383362346236
36613638643461393530656635336364623739613363316562343936616338633637633762316664
37356465353637653663386230346464663839653930336335396463653638383465633330323131
31326239356334613962663333383231613836303863613332643539613332393530336561653661
38313739616531636632393733616530626338313732393531653335336665316531613463613263
64343666323635646335353138653239646435646438666437323765633939383234613030653532
31343336393466383438323837363433333033333563386530626161366138376338353562333439
62646165356466353739366633393364613232326562663861666631643437396437336332643531
63333462306533613361616661613038643631613830643638343335646364386563666531373337
65393564383735383834396134363536313863666439303733616564316232626661643839636463
32323861613436333736643361616664353831313937313832376438356362666139363961633161
38666561613938363033653037653139306133623838643836643466323136386563653230373764
36663439623533393439363665636263353639393461323436313337366333323761386666386235
39313666313261626639366536646466613232623730633032303365656536653663616438353131
35656436623164306530636164393961393230323638303237623661333933646633646536343762
62326361613732303064623066386533386638343436643263336461653735666438396638396636
34616337336133303735663066326461313839623666616165623862643536313339396336653266
66663065323962656664643436626466636462353364336263353031303566313036663837353863
65653435333537616533336464643235383239313239386132643434316531303562643166336432
39356333353135663830323339363062313030393536346461356266323763383930306434636562
65663632663335303632616235386435383364383666663363653164633939303730353262366161
33663866333062626661393931396234323938316563313664636331646265393364303061623132
62393034653439366565363363326334383436613763363237663762333133643331643966366136
33616332303263303637376161633264386539326532396562306263313366663665663036643635
64373531623236336236396431373333353933333663376364666265636535366161316138623431
65646161396333393165306233353433616230633337343935656666643130666238383734616166
38383862373833383336373737613630333435376439346531623630656538343233613735316433
35393236353365616337633562373337643164393439646138633162653234323039653761353962
30616432386263363939386239626636383066303832393732666632613131346566656531396336
30643262343963323563636132616336326332323662373562323761353263326431656232343132
61663764353664376332396133333335663837613435656133313837333266643765313933376439
62336135396332333863653933336433323362363836386238363938313536303637663763303838
33363233306163616364633266623531303366383038623334343636373663613163656265666432
38383062663464333930616334313930303363626533333235626138663639396464353766653338
39623833306433383039646165386262303337636139613339646165626132646139643936613537
65396231653133663361316266363131313436343936363437363038613832663065353061303232
36373632636133346362393936393961653933613435386661376133383333396632626363346334
34373863623665313139633734386262333264633361363834393761333765343330303036386335
30613230363862333833633835303364666666353464623837313731343831353039303262626430
38333734313636626562386131376538333139666632613066316661306337353861326637653263
37656563653531623036636432343533343264666663653630613762353430333831663239633863
37336137323866643363633866323938346232336636323735306666313538316331323630393366
65653936356538666130373765356463366339353666376166656261613863643963613632356430
61363835336330313138356562646436333139383466663864376364386237343965393739643561
61343065323936333037633135306435656564643636366466616664333561663839663038653531
65663166383164383864313565376461393362643465323366393662643862313037643833316266
66633065363662373735626361633234633930623163623465353166303866343239306138396435
33376563313337643661303933326263363964303162306264656238363938656265326161393463
62633430656438613363323935396431373434316563636665623437373465323466653838626634
63306363646237353461333364626662636263633237356664666137376339643135333332613964
32656565616432353062626661653135323266303761653033633132666464373562646337396563
35633365336638383337383337303638326135373732386565646336396636373232396139373163
34663964626336636162303733396636666237363331613934393539663436353835323336343063
30313865656430326532353333366533363234353738356338373264386330393732303364366364
65663063643431356133626264653538303563333030323939643830383362626239646132326662
32393031333466373662336431623338616661396436356237383565303633326530633432623963
63626334303665306137356532333165646364333466346232346337613264353464316634376666
32663862663636666337633538343163316239636166376633383330313736346132326539366165
64613132363931356634353238383930663166616330643336323835363139666433663138346534
38626538303930363466336465316564656134633561363933626466396463623635646566383634
37323234316233643338336361396230623234616561393831386565343364393432643031646333
33366166386634633461303034333465306236653036666566343232326137663162663539373134
33623133633634343631353236383836363938363436643563616535613862303966393336343163
36623661393932333862336230333430313039626537343237643965393061613464396263633630
37386633386664396130613065623635333762613237336237363166636566356133323639326633
38323666333361383664626664323631333539373039383366333361623762306138393934306565
33343639363332626564323432616464333035383232663166313033633962666431396465363235
61663139353963313635383063343266646231323038363262666264383839326631663762386661
32386634356166313366386161636561373334343132306361316330363832363438646537373634
30366532653835616438326139623333646436303536343531646261356161303762393130393665
39323165383736366335616665363737373031383634623464323165353331316438643866616536
38376265643863633634303430333634363130303761643637303766623739303661663334323030
38343038393361643063383137313730643033303335303961646332623263346337353264303135
61646431393331313934346332316630396337366433356163626433306134336333303134633732
64316236643232386633616133386263343730643339356338303439353436373566366165386161
32663363373766343638383938333339383164323365366433663963363864613731616431366537
65393261383532643930336266663530663762393237356138653063343135613437343534396430
39383430353338643563326230643763393666623132313930653462316134323236316661393362
63653665623139316463623633633933613138336135303566346138646233336664656334363365
63376461643239663738353933663363383564653234613731313963633762326434306462313839
34383363306236343733636135343862616264613130323230326235323662653732626135626235
65373735386238383834623964396132643534623530356130313331383231616635303638363939
65333663386431643863613861383062303139613238623539306136636638393663653336646262
63353363663562656433386565323163353930363234323938306464313963303237356362613434
61376165633438396436613333393138373634636537316461623031363331356363353035396531
33653132656635636636393332636139383835303163336566366666346433393736326634363437
34346139636435366663313135646566653433633062623130643332363838366139326536653566
33613535616464383462616363643763663037613330373034376534353261363036653564343535
35613335626161336265373265306332666631303666353364376132353862623232616465656262
36656431636434626265346131363931333238336561363765303966393835303530333362666137
32613234653338333137643935313135353164363461613637643931626534373333363531353966
30626238306436663435343331336234386532313534663565393138366233326237363834303839
66373731663039356532313133363232643163623236366636343934623864633761633961393963
62643663393831663764373031653439393134313439353734323638343130656436336335303532
36636432306339346339613334653437353630623039333132633438343164623962646262386661
30326239323030363734363261646532623865353234353864343465383565363034653031353735
64626364303636376630306130383934663265636333333264626536396339336530323532303832
30643436666665616534383462386534363639633939393233353061363861636562343734333565
34356565623531383939356566393330633462386139363932303538613362626239623138656464
31303131353535363937363637303966396639333033363837656337333438323238636163333736
36653137663739333236353435313033386131363833323336343039636134386231623332643832
32313232356564356661363231613337643566323036633964373632333636396632333434666236
38366437656538623165386264326633393863303165376339356639393332313564363661386239
34323239326532343936313764636433353561383438393030643365336439613234366236393330
65666337333338343933373034396636663235363865373635313464616634363930616131346238
62663134656466366362363063643331666338333131623263346637323664666534626461343531
39653636366338383833346131663734336264353838363434323566616630396138346337623461
65363262633938326264613732613631306632666263383030643830323861343464306639633961
65626136336135386266363361353762346230343031303533396639353361313139303362656263
61643933653939366333353534393438363739633736343831313064326531363232376361336166
39633461313532643532633033663162643138316638613062393133366262346137363466363436
64343033366337653665346666303138633435366330396236323261353766373636663936383333
36313061653935313932666333346464626339376438633335393662306136616364356434643832
64346661366632666663383932366135336165323639323530636436643832383533373762663834
35373763663835306634383365663765633639663031383530383865313461646331353632306163
62613035336539353433313632623030356563326230666133323133393266623637356536353938
35393031396330653465316434643231353831353261313863343162316335326435343737336133
66373761336634363835383535636166323764633237636334383566386464633937633530353734
61393932333037613636353137616362303462643133383839666538396630666263656138323532
65386431353662346234626337643230666333656633373638646563336536653131326632313933
38343033313262333762366332613865313961616233343163306538313136366331363338343866
39306131326663663561363939373366363439626135313164396165306133313761646538343638
61336133393935366564396163636131643539303534653239623835356631633630326134623536
35316531653739636235663361316663373034616537303538363365316137663965323130346631
33663566326338663037393166306139623864396139373239373264303435303163646638313634
37656236626237333839663732636334653835626662656430623361313531656564643766646366
39333935663936376536383334363766333230363138666266386566366431323035653737383534
33663532663439666335333736653736313064396436616231373964383234303166343731653465
62363930626233373737633362323332363037356365313764326236316435373834663031363835
33376363623334373064303364333564613164613130656134356262666631626438363166663135
61393964666432373066643165643536323163623663343936333461626238663665613065396464
62633065636165393436393562336530376536633332356462303537363839396434336666336231
34663133633935616239613262346632376634383035656336336431376631323133353732626666
31313136646238353764623166393838656433366466646365363565623831663931323739386130
35643634626364333363656162316462376339393430363235303466383036396562313132663261
63333032363132393535313737333232363634653733386464383639313534356633623062376131
66633132353631343131333639393839366533386435346434346532316161386663306130633064
31633732663830363138663633376361663565633036363532313663653865356663633965376165
65363137373464323133666232333034346335393031623566653037386531636331623231346639
65323030336231323934613362353864363435393935383338623533653538623565356564633562
65373966666331636133623534386438386264313262323230333737636339383766616634383034
39613534396361303161346438623766326232316366303162343433373439366630623230313539
30653462383766323330306264366165393332313035306335393730363630343633616161653336
65386137363437323837343733393830323633383334346433353034633636363337613833386435
38366530613965336436383730613237313366643763656333646635353635656461306366313937
30653164663564653236353938383364376162666433643761633164333461386366623065626461
30353634643362646535316232633235396162393963336632376139366537626661303833353764
62386436383637343065653862626437633465633766313931346630393265326638373765653232
36306565346662393131303436663262303038363866636235653938373436306463313866393066
62623862666236613135656361666239356138393430353632346662313233326664316262376564
31393264626166383064636137343834393832323362326136313330613335666365363962363937
34326138626237613638653561383134363738346566353566383432323138643635393666663762
66363736663861636464656631306436346537356261343037656239373239643138386566396436
35356433626338326132663235353766363130643966383530373361376433386463663939383839
32366331363064323936613331376234313934343563303861303161393730383163353833393266
61393365396465386639343230653136396238386461303365303064323063663636626632306237
66333235303438663939383538313863373937386236633037633961343539303939626635623832
61393739303635663237306230376135323962376236396236616538313637383833366131303236
36633536343037336138623439633865663338393735326632643164633138633130373766636238
37356338623039613433303763616639333932666562323834666132393761373732313039623937
37323638396131663737306464643934616232396239353566663532393366386563386233626363
31366462393863663363333962663733336561666231316363363938316464626365353637373535
64396265363930366539353233613831363965323533303665393836396566636461643862373034
33656339616433393931616463353464633065306539356163333334333738396164353263643933
64346533316336323235356433363039393265386335373136323566316437623532623734646536
32366432346663303635363161393432616665343237656366663564376362663637343566376563
35323363353636313139666161346330386233326232646534626463653462356431373064613266
61666264616238616131343234643264353164303661643034396639353232653036616233646164
38353431386630336433326266623064613433303336383063393063656263643738343832353663
39636132343137316565396634336363653033633661633865623931323766373664306663623665
30613763323034623832383265326261666432623566383266393362613235366664623063346339
37323534636335663462633636306664653762363032366131363064663636373735376364353837
65383563383438663631363234373163353934303064303363316663623433393338643763373566
31313066313934626366613464383434383737386363643437316237626339623433633566326139
39353233333733323262313937333834393136383762646234636561646430356435663836333563
31393338373934363934643735663431396431633431356563376136333866366566623935366434
37613534333730323833323263623038663065613736333638353063656537366237363230336635
62383736636432343430623034353965633138363336633131343562396266316263626165363933
37383566306635396433306236383334396636356636373434353866386561396363333262376433
61316162373465376165313765656235663634633230313131346132383834333663363662363032
63353237343462373836663234356435313463376136383037366430396434663635346434383133
34393165383932336461326366373465623135306132303963303464643631336366633763346663
63653035666161393666316130346564323939326130613132383563313434323763383061666135
64356436613333343162656161353536323231353464373937353364663431343137623334326238
62633237623330373838393832363537653038356161376164653134313362626532376366653462
64303961633632656132373030396564316331313436373430373961336563663262636132333830
35353865356464303233343136623866643563386566643261656362656133636539643465333630
33663736653364323061326337313166303061346234366430376635323434386461613534376531
33376437323664346561623361633766356538633031393236396361356637636634396339613131
31343538373233663435363230636132346338333337323365333534616666616130393064393566
66303562613933373337376337646637323030393536313236333231386162643539666466313731
61336232383861383330393433653163623865626139613762323433393533323765643164626330
66363536323634323231653864613062303335333266616561363964656530316339393631313462
38373237333031333635336166336564646331363862366637313562356164663332326437346636
35336130376266353438373936333934646238653665663838343963643564353262373233653131
37323266356537626430383239646232653864393038633836346639306137396633636166633466
32653431333239326332633264636163623836343266363563626165643765633961346131343464
64343966396332376536646133656262343662353336313064343330366661623934636131316133
30383661616438636330626532316433353565613161653761613434353264636264613038616231
64336333396436363563626537333363626637313938643732303563306139343462383830646162
36303865346535613634306137316431373336633661666635613630343032303564636466613265
62323464356664613339306139643635653866393462393237626366373235613165346335363466
34626232346163383732313939336636386133383866623935383534323531656632656664656433
65376264383762346364353962313035616332333764353661656538356432633363343563336466
64616538616636326162613338653835616264393564343034313235333534613465663165373137
36626462333231323964323963373732366632336632393866393634363035343332636137333233
39346563306161376164626635626335663935663538643338363935656439333630623631346536
30643064303262373831313338396538333836366161323265303639313834313838316135373965
61376533333833623136396237373139656661333266303165313164366464613561373737383636
61616565626463666638306163616339623364633466633530383437353232663035653637663561
64646433336362373739636263623732363463653862613736653136376633666533343163623366
37306666333434643838623738376131626632353039343366656136313266663666333735386439
33623037376130653765393139343734333234633162623237306563386535613465313631363365
63373861643433613161336261393866393231383164666262376332663439633766346164663432
33613364663038323235363631646235633337626332656665363134383137653839303634303261
39653963313839643961363839366665653436373431623939393362633265313435376231376433
65643238373038313838363639666363316631306137626363313538363866393030336637393633
62626634333038383138353563616562333834613364323130356363363534336136353633646233
31333561653966623537633438396464356132613038306433663731373838613563353466623532
33316563633663326433363934383732626166313134303766353430323339636136373130663231
35353965613839376537353764343831313932343039313238616339386362376434386562393735
66613763666335663934653638303363343362643130666365626330323337646534616563383537
31396166313337656235653130306638643637376363646130383566393131653230376239316432
38383162613834643333623636376534616439323137396161393663333239323639666138303737
36326565343734613862343939373366383263623836623139373362303630643135373432333737
35326265643830313630376139376136333437363934303531383530383961656338643730623964
63343130663931363730653332343733393061313461353964633634643035316639363338653735
32353330386365646532393430396636323533623065396431383366363834616436653136653861
34656664666666653962313436663535633133613939363335636132303435633933643865656334
31663031346536353338383036373363306266643863383964326562643366393965386635383565
31656265333161636431616465363730316662353537356438396231323465333330316533306163
61623134393466313466396365636466656132626634353065343731643232646533616433663162
36626330666330303066353234306566383132643133633730386638393265393365363337396437
64623932333031613630313133393366396265333036643539613433623932373330393032356464
37353737336330396131363661303433333266313337623534393332313061373164306236653237
63346537633466613631656666396164323232663664333234386565346566323238623630633338
62623135643231316566313066383032366435353438626438356166356661333162356630326238
64353135313230636430313336663433633837646234656535643638613964353537393465656539
63643532396261646466363366393836633764616634616439366262653536613432393235306338
64376336386137656538666461343164323061383166303162303831353163373731386333663937
38363165353333383632386632633730663464386261613264356566663734653364373566313935
36636538623434356132373330613830343132666163643961653932363434613966303961363438
62343436663237306331643762643364313765313936646637396439333238323339343339636139
61363036656539613961613062316365393436373832656363326634383537306239333636653736
36346664393833633335373233326437633335623933663866336335343231303832666463356532
66396436396536303263663339616364363539646563333735643964306461303431316330623337
36663034383963353536363733333366346261643033336461326135373366353962613137386237
65316463313832363666653737333566663236336466316361653965336530323163336462346661
32623263373430646132373232646134383864383363396537653238393434383266346166323538
39383937346233633839303062376137663636393339656538663166383431396562633430326137
39663866373738363663326662303862386666373837666562656330343266373836666533343132
34626336323763303761393835383134396238613631323832393334313566633965363938303332
31646633346132313132646530383361303163656435306665326633643637383533613535303835
31623862353766303837623634363063653732666265333639326337383565616361656334333137
65616139333865623030396662333265366538653464626432666538376638356439653534323632
63646138363935666635623931633030323036666337306666396536626232353730386133373962
37346165333363643139636161643338613932373362373636626635386331666664313639383533
62646661313463323839323663663735383533663734353365303730646331313465643030653232
36373765343335356333613461653735623437656663383736323439613966373164376633353534
35373764643137303232666363653133316632346131646634656431643965363262323039383065
33613035373063653632386330366230633337663737333136623835623834653766623039343461
31643532633135373834306535323733326435373663646562363037366234346336333532393237
31396233383737373862323963343334356563336262313730376138353234663164326661306466
39396330333938646335666139643530663930623964356262323436643535396135316465316562
32373563373931356134363230363931323133323932353561343466656166323935646639306132
34336139336232363837303637623639383763363533346230376134376365643063636264393837
34386266326662666662306232623665386636623131373035346531306165633438633439303735
61333539316665343536633734613639333566373239303139363161643234613038396130383337
36393163393239306663373961396163623737366636313136346265653866333234346532346530
30663862303564646466623832633638333735393965336335393062616634383362346165633362
63656638343533613937653934383062323431323830313634383233326530616462373132663738
30396435303130316434323735343963656136626432396162326330396630396530333766666365
36393431643937383735393735323533656436636232363866373732636466623739336564313438
34656365653733366365653363643963633465336336303164326331666165643232616238613936
38376531636366653637626237643932633361626438323339633537386430616633366561373064
39313863393932386462336466623934646234376637376563393363383361356631316562643665
31373335353834316636373661323964303064393231656135653330666239366539343139346538
37313263326633653162396430353038353761303830343066623337663031666361383033663266
66663133616637383930343938303434636431646666613137663032313366383838623634666439
66336334356230623037363635353039336636346537306566336239373032373630623439396434
39343335303439306461653133326665303231323163376366323339636530663464643531336438
34306635353439356130343739656338636566666233323563396232616637323831383634333335
61313333616565356436323133356632366261386136376133386466353631333039366233616663
62663435626433333035333164653238303232323330363862653935646363363033643363313637
34346234326639353562633335383766366262646265366335373163663239636330653135626330
32353835633036326539336565356166323630643134333966626663363132613861376265383764
31623036373566653435363939386337396339646431326234616364303635373064326535366166
32663861396264386530393233303434386638636133363164336437396638353030353433333363
38363836656263373063363932306563373463316666636136666431623165323934313836336665
62663862323633363263353134643030333964313466613065386666343432633263313030366264
33393931666164333235376331616533383938613934643163646461363431366536383362383932
38303330663339636336373562393639333139353631326666383433623734613137666465346238
66646333656433353931346466313566313231356663373862386364666538383666636266623862
66353665333838343836326634646333326538666638633038326431323738393731643066613234
35613430613165656637333138316563653937626165373533383265303230626139336361373065
66356437323936643334313164393862306462663066356266383931313730643532373063643362
64356235353365626162616639363232393333366432613531343966393662323438306562653533
34303666623031303530386465356661326337326130326261663634323233313062343466353961
63303533313932393962626532616634396237303034336635393137336539656633393334366364
34336466333739636630326531336664353037383730653131396638346232366366323363623364
64623832346266623936363065373238393439646636393536393137316433653462666165333939
39613632633038393530653333366362313464386565313930356230386133303437303137613165
61303561363230353135393834623965613066356535653563363330333431383831316263653238
32323733623336356234663737343834346632386466316636633036396632376464393463316462
62396331393833646331356337333135613966336331303262336265313634623363623635376366
36363865333036353764663735643135613366323932393962373764303362343365626535653836
34376665343236313261303434363131363362666563333464353731373839313031633065333433
30393430393766383537323134653431653039393434313562313931383436383636396336613065
34366638626631393861663930303535343335373431633062633037636162326136653232313030
31666134656661306539643736656462323763656563313232383161653266636236623763663764
62353931633731303538626566636261363533366531363162656531353339326339643265396532
38383764363763333963393432626532333534306430613739393931623636363933393331393765
39653834653637343632343962353231303865393539636435333538646535356239376530303534
36363132623539316436613261633461663838323039303330633063346534373564663636656465
37393234376432313030663933633339303961666161383130376231623363613738633363646661
39363137316237346461613533336366663031666566346231303565343534383361303533393061
62663463633630356331373932653939613634346237313135373764393361323863386365643466
34373038376634343261626632623166343461333135623738613638663736626439373132663438
61643462663834346532656434623034346238663030383531346437393834616662333836656666
35646665313561616338313834666633636661653737393432373166653236363136666638313734
31303736356165393533636165333161363039366138623237396531373534393231343461636139
63353731663265633436343765313962306665653930303332393861643737316638613438366235
36616365363432653566663134643261343938396331323935373233326266346338346362386636
30383733653066396530323430303030376364366136343339366265626339336262623733393664
39616134353639313934373038376263626664373463623365633333336236316338626538376533
62316432613664366362623439393536313933643230656166346537393666323566653134333231
65326161393434363965333361653530353765316133326333336239383662633461386165636330
31323534323161636238356166643761653966343137646266316562303330616365316164343830
32386334646264616432313237613132363134613630383138373566353562383365326365353937
64663939653563306566613965363261366466343331343166633737343534343863663631396265
61356339646337363463376532646532316335363236373735373731643131353230303137343638
34666535366562366337356439656332666333363561346561613763636665316366663033616162
65646535343863666535643865313431643234376333326566313132663730643665626565383963
35363034303263313338353334636230663963326232646532323531613762326332383634366466
66653637613263346366343739386332306561326636656665616263393866316432656665656435
39386635313361633134326636633561633565393030633165376137313061343863393765616239
64323464616163383863623036616239343636363334383637346439303834343939376534626430
64323864336365653666393261363135643735653166616634636330373432666261366432646137
32666331336136393831663565363134633663336530306264346461646666643134653837393930
30636636353534666536343964353764383961313834373661616261343337646334323330393263
36373131313331336632343334393566656539623936363336653932643435356133393232653139
35646530613533623538636139366533666166613565613961343864393133386365336637343635
35333066653538363337363033303232616238633735313565663561393331333363656662616634
66363631326132383935333262303432393035663833363437613734666664326535633335653263
34653836386662333065326338316437366566376332626362343135633666616263303261623465
39336532353838623035633630663164666666393933633134666439383761663832336139633331
37616537613137356430366236663566663534666562633133376463386537666634313831373437
38363463323565323466663365366236363938333664636431623134633162363664326431336535
37386364386432323564376438353736636266366533343166356637373136653661616534393564
33336139383830653030333063393335633938336639326430653566323233336665343161623462
34303332653539326332643839626161333237363666326637353633323634316338616539313161
34663438333032653837303339663366373965656530633434313731366466363235336163633234
37353062336365623438323138353634616462383165343464323437336638316462383734626365
37346236316162653338613163306139633536373064666535386561653934343132646163626237
39616661326638663034633062663564303737663262393732623735366263303730653462323635
31653534383437356335333434306633636465393065363835646366363733313262373636336132
65613130366539656563623663383565306365376666313562313237626638393361363839363065
37353133653932656137306466313665373765323263376461613536346537666166363133616131
39303366326366303965623430306534326239306664326239646433346431376233366366376233
64353436643464363036353162306132326165626533343338336661353338626638653939313235
65616663633135613666323439373261363134633961643332323937396265353237363137343633
63633163613036613831656130326337356338333863666334373339323431383437613463633831
39636130656264656337653738396231363030643462343533386461373664663063356539386133
34616336306233313438323536366634346236636134643533653163613230323538356133393937
65356232336664383732316234653535386266346239633131366361343933316433373366633261
35363365333332653464666537303262376562616261303235633933613539323264326430633637
31386638346534623261346637666461346236386634653636633038343662386165643965303363
33393736326534633536313030653033633537656631323564663563333239376439383062373834
32623238383636653438333062363765666364323761346436613031303139313161613435613666
34356436303135326662636264643237306630373434316133373937353665613166373863383738
33376533643763333835666139393535356435383438303532303564396539363739303738323663
38353733313765323065383934343830663332346434353333353865376334373165366339626338
31633033343661643837353339616230386562383339353238666464623464623765366166303037
63313462396436393138346234393933393430396261643339333861326634626335343033386532
61663734613436303134376162353635643639393333343835383939633830653264626466396631
62343636386135353663396339383536653533363834653832666138336136646233326136643139
38633636616236373663366232353661313434316164626438326431363137323638356538353139
37356465353061306139316537393462306561666633623063626362353361316161343631656563
36353736633930396432336562323965343937363137336136376636373862316538333737303561
30623832393734343037393738363937336362646366663134653661656361393635346233396664
34306164653963316135336638633335613531666236333966653934363630333632363038303835
34376338306565313062386337373063303832316135383030316533346237366164386263643530
66363836366535303764643636383333376262616263313531353537386261633165386239633233
36383732373632393932353933383662363231353733386234363839346230323831613237633036
65323639383964376434343036323961343762653831336130346338623834613138646437323939
30336464316361313039666130653438336266326233306333666364326438636164643531666136
61393064653066383464656162616135326535613139636361356632343138613764666662666333
37373663313764323763383136343334653338306233373865616366613766623963626365346239
66316531623031383935646538653338663861393334666635656161643635316565343937353734
61386466333038356166313465346461386433646261313631353463393838313364656137366136
63643464356133313934653033343733653139343538396431303862643363333033646564366432
31613832396662393737366666396637646365383237346636623830643637383736643037643765
37363035353032646131386163356336653335373831646438333263356433613766663939346561
32616637663239343163643137623539626562376564303466306132663233633732393833646534
66313136303430333134353134313132363764336137363733393361666635383835343430383331
65323134643033313063613035643533346535613339646138393434343434333132656537306236
63313636626434663937356538646165633937313263333834383236663161313161306237343634
30623664376430303837316531396233653165656438356638353036386237666261643234613433
65343964613739373364656131316463356666343362306262346561653264666338313566636239
32386330313930333630353533623163343063646439643664376565613563363761363132666437
61396332666665313537633963613332623932666332303266653766656264303234383962396233
37616433616636363237386365333336656631383366366466356139386335326637336261336233
64623662303738396238613336356561363833323564363334653833323230653364393631386336
30353963386139323636383535623438333738366265626330346630653936383930656532613866
37376662663632366435643130313366663630376566326565333534393630383765383561663262
35646130353630363932386533633564636232353333386134303333363437386239363433613265
30393264613430353764613437356138373236303731306236363563653937303764366137613062
36386461373261393137343862323434383165323032646232333530356366306334336565303739
32613465626136613432336664343935646233376532643036353263313561316564393133353731
32323466616231343466656461346237396666343535643332613334363032356431373436333765
31383339353836626132633538326330393261353365306138636435666234306133383962623464
34626333646135646361356232613532396565626432653731623864333733333332333066323434
64633636626138313530363232343830343838343734383636393530366634646261386566643661
36646236663938353938376534616666646664343231333937323465616435653238646462396264
33643430393637393432306539353865663238613334303462336233666630656661656463396363
37323732343761663065373039376539636439646265653934323865616563316432396661313661
64613736313736653461363162363639383666623330656430363231346239376533653766333434
37623131653530303439636561643731646432336535656337333266646332303963623633636463
64646631346433656563303766316230393534316335333137326231356636336233656235633862
63656535643930663139623764303632653837313835363963356265323834613863343638333834
66613166333436306633356365356261646439343939363732326231366163616362303335663535
65316232333830336465373339613262393834333432393339663037383663613063356264326263
64383734343564383864616461353834333836663430313339383431396138333830633166353364
36376137633130383231333837376239376263613330666338376339663232663461633063343931
63386566363639646132616635393832613531373939343939396336353336653661636665373066
30646230323937623262346532336261306537386638363862396664616361363134623136343235
30656539393034303133353934633837356438656333626666373835373034336264643961626137
30343862343732393066393133343636356532623339326234363739313430343564653631353536
36623231343737353063336164633631646661346337383363383862653162346535613839373932
32636133383433666532646538346639636433373038323235333065386463623337666334666465
65336639336662353839626238653936623664663335323162396663636638666465303865363766
61646438636666363962333663306565313161303630616537633266666365663633623136303364
35616564393036623136333262653865353135313564376266383635326566323362356338626561
35653035303739396332336365333263386634653938336462656561313863613862636539663262
32383634643166316238353937646534386163613738646139373631313433323465393563356532
30313462393032666532376165363437356232396364646138393263666537656338363564643234
32393439356266383332643035366135343931346134653237343965373334313731653835643763
31323837373733353737376436343865363061656332636235653033363130323731373131613961
39356338636562666266626533666361366532373661373134353736656439353135373231363035
37626533633238663666643366613731613939393131633465353037306465313439373164373763
64656331623631666233326337363239386265643434303439613266346564326535376463363538
31353838323565336463363739643430613566633166666366303635343265356566306232653635
63303632616332313332343436353063396465643563383136626465326132376137653266386130
30393463373938343738346234336665356463663635343835616165653631653939666636356532
34373462306337663063323236306663316333626265386337396334626666376331346365356163
64373732326239633034363234383634663539363166323131623933613930303432333565316466
39363837653865336133653561663330376339623439623461313961366465633963623964613833
37386261626164626565393863646664353164393165343136386566616261613837663730306133
31633537393061616439396637396666653062323231666332633561396437333639643466653766
32656536343335323034303438316234316563353262396361306131656363336263373138386339
33663230643438626163356632643538613039386664306431386163393162383966613039666231
62316237336536656662373739663764313239663966303466303962393966343238363563393539
64633262653032663633376464386532613530653836616238313033626262396538316437366463
63663866623934396533386439663636643638663036376434306462326539653266663766666566
38643239313730613736343831313134366361303061613134356463326138363231663730333538
30626238636637623561653136663538383732666434393262333831306361336434326362306333
34616330643239346233383932643264353264656236313030373032303239333663646131333162
38306234316335663734633838363562643765613230386436613863636465306139616534663366
66666536393465643364663837373064323735353562393935393432376266343132373031366362
31316230663364376137396261383761353639393062303362613639366631316138323535316166
35353639383235353439633632643430633464643864396330613130656235333131336436643261
31303735393639376133343662663133613266373561656364633733323865323033353831303936
32353532643235653466653431343361663939653537616461626634346336326638356562313965
32363931646230323632626438373132373535386438313533393862363433323931333763346432
35303031643337656261343130636361333764326463326634663862366561633637653062373766
30376535396661663961323137353934616233306564396438396533353831353736363231623964
35323064303534303261663433363136396230663633346533313139376531373065326230386536
66636436623963623237393761336462653865373431393762623662666133626638626135333331
34333263373264623338346134663231633063663730316435366638623035653563663066326561
36613831303430656335643664636639326532343635313763306161313533613533336463393862
30383166303761656238363232393434366238323532663231666138643233656564336430616164
36633133386564366466303864616361646166366334663935663633363934386161653735303232
65633939353532333637323764316630646564613462313638376231623962636266636136376239
38643865326164383039353231613835366135333964366337646263306362663364663161323866
34353339366433353363633262373764376262383138346535386130636337636538323738346662
35326139366134613864356332316132353635323439616434666363643765356239343134303939
65623537613133616532393038373537306266326261306366633465363766633664663832646331
32653765323939323036316361383330393264636163306134633639303564323064396634323639
34323365373437663137356537393962373332613662383465336534663765643439623439663063
32333462376464303636373531356661386661303066613735373936366466653232633137376266
64383665633463616161383661653261633130633034393364313665333562313235373561636532
66636363626138373630663035643635383132356663363133653234383266383663343236653061
62626134336534356533623430353439346265623863653938356139316434626231653932306233
62613961613231666362386336303536666439383462346637323236353034373035313738666364
31613961363539636331393262393039303831666261366663363239336537373730616633376131
64313563613331323638326162663263316564323839643566613935643434343566373033303934
34363262373666356639383864303665313634663034333834336536633539386637663462383835
33346566353031313035626130343664363433393238663830353166653937396233383131326336
39313230303433666335643130363565656333363036656365653666613831393061386634386164
31373438646664306633393438346164313330383162336166333862363735363439323634623634
38623432393537363165663032666633326531343431303135306238653438336263363930656131
34316638626237643434346161333062353630626335306237313836373262636638626136323732
30653530616135313765323734633336363430396532303464383361376366333330393633386336
37323164616635636434653763306431323935316436363033656132333065663338393931393631
34643830306231333138626439383366616435653839303938663666366562306430366264386466
33393536393135616335616565303162633130343032613165653533323432393838373263636230
38663830613535373365643365306536373331333466336237393266336538373431303835376232
63633766363338616163633832346334303436326432653662366661306261326139633062306365
65323639326362383463333966633131633533346439356130626465343166633563663266316231
37366365613131323162333635316665646263353432613064613737663936316230306335646538
65373662633732333337613863366636663235663132656338636466333964316131613433343137
34333862336632666462346639323636643937306136633631663735613934363465353837363937
39633166393562633334326332316566646435376365363836323833626465623366346362623836
32633430306232313366306563333133356233396462393265663439653738623866333435633635
64313837343130353466663434336136336334613438363561313962363936383333303634663465
38313636303035613437373438646338313038376635333439363464323638633463316533383335
63613763623430373037386564313662646666613533326637366533646663383032353166633638
62616335333664303535636463626364653437663462373964386462636232643664323436663262
34323136313331633137366464343031306161323938303536333535396132383765633463386532
39363933376536393835663165663436623238376339633736623061333064393836346331633462
30656435663938616630383562626433393166613633663963333338326362363464333239346139
64323961303266653935653530333563376533613665633161383630376130323466636137336565
61646261353264356163363039363466386638336465383161613961356131353061336561313563
37346538346261653534316135333033396435353538316231373263303233666364613564383764
39653566336136396534663334353834353734353532343031366161633835653766313534363638
62336639626137616363336135346632373638313164643630653964313737326236633938323665
32643465666437383336663661386630393366663462636666623135633230653061326336633432
62326539663466323439666166306639363438616338393365346163393237316132346364653766
37393165396330373035626333383964616635376332363032613932356364393733326230306134
31646138613235646237396166643634373832646663353532386637373066643262316537663131
31366633373966333835386634316637636561396132656339303762343931316564303734333637
38626130633564346366333332623964316339336237343961353762383461363636353830373966
37643535383631323262663937323233316563346634373065366430623163306335656635633637
62653063373535653130336563313137353632643738303461376363303335613934643961363434
30386539373432323665383631616536633434633062666264393166616430653363326465316265
32623837373866376562366330316337663732343235323336656235313864626532393836383937
31353139623965376364383764336132353364323131373763363264356234363766383465623463
33643930643631323366353637353835356563346134633266383330396336343833353536653037
32383362386263653037653333386162306332653732343139313463336264613134386234643633
31633333366133323263363263346439386131653038326132643161646464373738373031363865
32396232376337386665396138303265663561323863653537663637623035643164386262396133
34613838323136383336393561343062636266623831366361346332616166353935616535616339
33656631633239333263653536303466616361643936326630626634353962653031303131623633
37333935643334316663656238373335643363653830386430353330636664336362356630623336
66613366663532653732643938356332376436633265363631663633373132633761633865623862
30666437363137323535306330636335393537353239613761626163663738343463376363316335
38306635643266643364303438656534353533323566663835653962636264666333666531616364
63623161316538353366393263366238666337623732616332336264663966333038343363396233
37393636656337623634613835633636356338383364323361643238323333653637643935383734
39636136343562613166373836333461653633636662303165326134646135663161653533363064
61353861636236383964316538366562396538633964353235623835373833626563613865386436
33643265363935393230636562356661643732653061613834303565616165663161336164656230
65333339363864646435333639633637343732343963373738313537613135343639376164646435
34613765646666336631313166376333313637393137353034356634636136353436383164653664
61663338623532333333386339366337643863363634313335666236316339386131363962386531
38336635383331386239303938303635633132663935656234656662663936303361636363333039
32353761323535393639386133643936353965376637666137383736663334636561373935346236
33633165353530663561343562303761303730663331663737393666303465333737376237363230
31343961356532363430306366653537356430633464393439306461376431303262363832316237
63323261373035653535393037653831653632643665363537346539303465316461386637633736
65653566636133613461343962383732663064373831663066376633376262356632323832653336
31663636313132626237613239633631356562326630303935626436613864653033363161633565
62653037303832636634386663353865373636653938346131333334333865333637343131323038
34623035316233376164653539646462326133633830623032393931623861363735653338303738
62616266353063333766656439623139656136383661383130613065656332613363353132346263
31313465343461383565653639353839613566636636303937666366336238633531313135366430
37363731616131646337633334373739346466616162626566353461313666663230306638393535
62376435643232363836336665376631633532663337613437346235653531316538353636653336
31353764306133353832336531346262623138376439663262303436626164363561353135396237
31663331333430383839616432303566313536383337356262633934356165616462663636316661
37633466633332373663636363346636363864613037336264363431313866613333613061633732
36323633333033313334306263643266643862376131643636613433383638636661313530373936
66353564616432323232316662366333353738313233313036373964663830623966356566316566
37643963383863373631323763353434643536663939643064656135646339653838306132353339
38336361373564343162393963666564633933663435396664653962626564343530653639656234
30343535646137653234373533303839396534646566636130363139346362393436396135356263
65383463313236656534613066326166343366646664613437373332306466346639323066303066
65363234636634626661306333383161636265303361636435323666393261643337323732663963
34396666303630366561616563373037666237303066656264303164643933613330333135646463
33343239626461346162333433333766383361363765623839383461386630343764636134626133
65613963656339623137633235363261313739623835333366323239336364616437643536666336
34626135396464643032303465393637376436396666323061653361613936346133653439306638
34653735353765326363666662616566383132373237633131306566393835396333396663613865
32396633303936333830613566636135396366663364653233656138343139366236323332646562
38653436303266636439646261323335376538393262366362313032633362626461313435626437
61333763393738326437396365353061613362383934613162346330383765393337666335306434
38306333653330656135626365373434363363613535373634346563646662383564653666336437
66336633353239616637666564383365633539653363303531623638623964356362313064303034
36663536323238633936326461383236663864613139373863393335343034386532353534306362
65613336306336326432376465303062623161316463303333383766653837613038333766396339
30326136363130373666313737363366623039653335393238636430636264656435653431653332
37616530616538646236306432333132313832613663643837323931666237313438336435643065
65323462303938643365313166383964636565393833646164633864393336323864386235313133
61356235633731393838306661356461313438306333653965623133623930333735623933313235
37373630323734333832343636663638363061633835613265396535343964646131346333373533
61383737303766663435616566653231643931636337333064623766633239326537333464666561
36643532633738626465643031333563613034393837613335363630383832346362383136653333
64643832343936643939643064363433373231303264646362653662646538643461336538353735
62343932346466396230653865353266323534643061303538386338386361396235336338313365
36346564616465393665363134306332623839393438646638343637636530313861383134663838
32353033346535663638316239303135386431636562663564386265313463343961626332393534
64643433633439643631386435376336663630333535323535333261346438396534373334386437
64653038323039336336653663663639623266643738613863613534656533353263613732376130
37373636633730633738646561303564323162613637363961343535393832326465383430383162
66626461646363353339303532356463613338613131366631663364383639636332636433366265
66386166323564636433316131663830666539626535383164633861656266613464636134353932
66343430616265663964346236373763653835383332386261303632663932376537333262656165
35313933666239666334636262326463316234613637663666626233636333346538636461656332
35383433373034343364336531653366636431396135663266373237316462323238376538313138
62326138333863663563643530643632643465663435363830343435393561613862306230373733
32663232666361363832303231663130613934643138356364653337323462326362656565343935
63646666383066383838633032623139353230643462623630376539626663613862323430646665
39373038626630376562356332373135633561366333326132643434373539653338333866366234
63333538366162316363333063346333396438363837326166623562326131356237373733343063
61363239383065616636666362356636303366343766363534623837386534373139613335366636
35333862323431316531623762316337323866613630333331613537366432373735393639393436
35313863366262306337363962613833626433653531633037636437646366653538363836333163
33666636373666366531383931356366313439643134316331646664376664333464353432313235
66393862633666336231343164623835336564313833336332616561656632393163336435613837
33653130663766626334333231333063643934663861393965353066316237633161316631333363
33343565366464613038383833666138653235343933336635663466646565303738666164333966
30623832306638396532663565636563343764346465646364376263323339393736346630343337
37313335346537613439323331653135303331633965363839343039326266373538336332613132
64376434323266613937326432393333633865383331663265383366623837336330653762346165
32363732386439326263313935313236623136666637363161353764363134613534393435656333
33326238656661663963373865666462326535633630333265613366623764363633333863633061
65636362323938636661646635313132643735666364626238303635393664363865346234346333
37626364313062373135626330363833303237616565366531363166663134366464396535623139
30666162643138336361633732336662393232356262396332333736343461616438623062633331
32313937343831636466643032653530336433336162306337306638363963356564393566386365
31316639646136353935323661393536366264636565643234653636326639643438346364306337
64383531373738623733373661343164316361313961633265313133663633353634353138343662
36363836653265653766376431616464613438613437373639613234633163613831383065373136
34643733653337366631313038373264366531333437373864363966303963366334353930383530
63313362376136383165663561393531653461326236316561326131343635323432343463343966
38623064353730666162323233666531306666336630623361623239613639333664323736353264
61383434383230656331353161346263636237666633363563303035376132343137393562316637
63636334393961353564373863366531633138616463636161376535363731303661363334626565
64373737393432373837316261653765353833663162623266396239623263333563323332373539
34383236313231613435626564353931306238323236316663313830666261353030653735646461
63306634633662353935326433383962633938623061353738613835666662343964623762666238
38303433613034356362626362343235633139613238323330343837393762353637393334663463
31363566663136353735663635323938643735366464316534356135653834333233653935636631
66353938343830393866333962393663633037343038643130653966336261333734323432306138
61386635393931306131636632306135303062313062313939643965356533633462323762323661
63646136623066326534306365633864616464656264623062326237393932626335333939323961
37336261383935386163323639393632623731323062313135653237353437326562393032643333
34633632623938383931616236656363626333656233613431373235363036376539633538383534
63396166376437636238613865646161653834393532363163393564353864366362373930393963
37376339386630333665363463326134616136376464346639376132623238316439396237623539
36333836646335626538363162386233376566356131366132613939313239363637653730646332
64323931343534326364313539646366383838663333343332303261646136666138386366623961
37653366363931313963623766616232353634343736303465383034633461386264303437313065
39666161376639343462333638353062343539663762393433653639663435303866303563313733
31316163313363316231303037306430653938343539666461363165613439366365373365616566
37383135313237643966366135613332663564323130663565666230333831616562623939363062
62386261353639353834636261663562363664653934626633656438396462666263306165383265
36333338313262326663643935363566323364666231626666636530666538353966366430316131
34653330303362636664383030663135656164616138643736333066616132303732646138303762
61633436643139336564646539663663623463393031663564643636303630393165313631663238
39376232393536613362313233343636343135323439623431656230343935616261626438633764
31316666643365623061346637363230343330613337336165393361313763656364373865636336
33636466663533646439326162353562313137383463626663623133306266656138643766353739
64613332313030656638363732353630383830633330396538613930656534343638616231346362
63343562633232373539366138643633336239383865383835616331303337336432636133366430
63383938633432636661303434613166623064343038663834666136616238386639626234613461
30343464613765353630373261316666616234373165326133353533626566636136633835353832
32393036343962363938386433383762376433336661373162656230313038633938346433336230
35373161363232303864346532656434633833326462646335373238376335356534356630383430
63343966336263626334656239353434343161643738366538393136323037343338366237373066
32313631393331656662326663393338333736306235333538666137396137633862633233346539
61303666393062666438356135313630643664383436363464336464636433623837356639376134
64616539643965623931386563626333353462613362373030653535343164623135393865616233
36373635646666363039623564353764376230393431626131343037663039333363393134356637
36306661623038346135306332393837306532306164383434613262633861363538663931633736
33396435306564306339643535613865323165623165383038336332343838383166313563656436
36623036643436626532383735373934373932616462373465666239633964613432376439306164
61663237656661613436626139643765313366643230363165366534323037616538356632366338
33366135376637343663666465313130346235363063343663656438303963336261346638646330
35376661306563316534626435636435633032623761313834303031383032656539323732366663
31663833656233383330626338336163373533326432313831353766613461313563353536326438
66333932333532383131356136653931323766303537613866643565393935373563303832323134
36646136386664663561336433646130313730303337623032326631393666373438366433623838
31386365626363313233393734383737316535636333303765396233613463646666626239623561
34613030646338656631346666343037663630643266636634333332666131333966373832643833
37313935356638383238626231663837653235336632323962623461386362303365373838336665
61353134643962373263363237633762336335336236316361393365313031333538393930656662
66353932353932626264643366396464373562373637353563633431343332653464613939346662
66666362373739613733323132653362633532646235353361353532326530663966633538316434
33626466656331646463383533316461303462363330643962616138663933346332613533666330
31313766306333303038633336323138626664393730303231643262616232636335653035653438
63636437326461643335656331356266353264383839333862643739653630353537343864303636
61343036646563646330613762343165373232663661626161326634383831396137323036336636
38333238326665333666646330613735363533646330333032396230333162663236356562393433
31616434363663353837323365363638393634653665653061373833336535353362393330633738
30386462663762383265616435356538643237626134383363336262373163343962326261303662
35346263396535383736333139656130333663396638653962373530623261613737653730646266
32313561323833383736313861643831356137343531353138333939316532366632326331333632
61303262646432626265393239313330626536386230613631653732383463643931316261323063
66646561356435386635333236386532346136333130373132386432353463363439643731353861
33613933663165306665333666646164636262663230613162616337643661616463313731663661
33636364643534313463613335323164346232333832383632383733396663356162343733376137
32616131343331663966653033383236346539666330363231393732636130343534333664333139
33383733363136633463373566306633343961353762653938373735323464633737616536313862
63343631356162663336356639646238643861633830306438656636633834323337393732306465
39366137646662636161353930646565306565343939353837313566313335623336396336303036
30653130393037336266316237323864333139636364306331383165313434393961616665343537
65336137613930383335343836346663646565316131393034646565336632636134353464303266
61353739323437643736393934383063623938643139666663383964396432373135396539626332
34623066626636396636343838346663343533393431306632623831643839303561353138633466
38346333643439303932336537313265386538386135373164306163306531386566306263666161
61363362323564373361386563616635353061643761636664626537646363343232366362303631
65633336326563646632303463613133633738383939656139616434306562386535343164646135
33393837323938663631313031373630353036323937663137626663653738383432383633376564
35316137663336613866613461623932383635613431633130636262313332323161323636323537
37616435353062656632626535623730366564613965373133356132646163653864616261636363
38653437326361383265666236643766623138343031356334393139306363636139653535633530
63656263633938383463653638616532323432383532623239633438666132636139663030656631
32616365383138316563373663633030323637323165396162336563356565633566333530613965
62313166366663623564316635313563303935656561613066366361376434373865323630323432
62393533393963623230643837326464643537393133316433323730383134626562613436396134
34373961656237663337383262613361613031396435323161643662663666323833623566346466
38303937386632323864643635356137316164613661363736623164356264653533363137613930
62383630646164336633336362646230383764346561643032323565393136353261346633656235
36346636393965633162383434363130393964323664353238643137303566316265323735393439
65666134343263336461323339323435336130626137636138326133366465616437353937333365
36646337383931393639633564376664333636613730316664333466366531396331633235613934
63313836396163353437316266323138343464326164366464663761393163363131313562623965
34666661306362633637353338663031396537666563323338316235303963396636383731306436
62616565633036633265613536353637383736623664363931333362356235616164613738366565
62623665616338626564366231303931666137353930396261366364306133396566323935363434
37363134366134373165373237316638306636373939303663303833633663313037656239326564
61326262363064393233613538376565373730313830303661646639353338653135376532633565
62323533346130313739336266626362643239373334626333383030313833343336373837353466
30633535366330303131356634613837346362303434383666613834323438326664373737316134
37666465336262316466373231376533643634353531363236623334326266313336343533386238
36633766633831663334613638356666316663363732653364653935633662306634316630343735
35333830396232643731363433363832666262356130323231373661343866623339323736313731
34363830643139633930613733616232303362656164303137383764316163356166653465333433
31323062633537373835616230633263376266376236626264373138383630376566656530373932
35303530633835353066366634636637633335333966333536613736306138326233663230643032
62393135633166316130353531323835366239353763396539396232313834613233656533386331
34663265663633623365646161316137613762303563623163656463646532633830306134363662
33366534366433663437613734666437633139343433313635353761343933383466333263653536
65313864636563323838653963306562323665623331613766333163396235343931643737356231
39653533386336326530326330303337363633356431663965303531666462303361333432303232
34376232353339373261386566326666343661633633643238333563373336346463376162343638
38343864653330376337643763313561383966653334396630363961653631633866393432383963
66396666616234306666616366613166333261323638623630633136313664326138653937663831
64383134356337366336356234613731643861613833643039336466306437336638666534306238
39333162373236363137323937653837623233653161316532623966623766666330313436326238
35623736323034366133386135323630663866313035393034613137313638653762396265376535
30643364623061353131373862393364303264383661366132303966306439343766323664646361
35303636646664346335666234383366393730373936663966383537376637316166616239363934
38626238383936343236663861616561326465313363373466353434343862313436613434393862
66656436616439626233663065653465343632623565616230386331623566616235636335303766
37313433623033333330343361626131313636303438666330343961626363396433656433663330
66636434336630316430613833623438373038663766623331313764316638343461366137346431
62663134316263626433626631643632343963613865623565623839366564383033313666656364
38316539376433376164646237656265633363303637303731303665623561313732666262333432
37373362646264653234643035626237383630653836356339343131316339663064653031656130
63346264616635643862636133633531393133613236303334393935626263656561643539643433
33663337616639626366616531313065333533656231343161313065653265616433323562653039
39343663386564663035613234643735346433353266376334643265353730363031313734663962
66396238383731653035366364346663633739386531383930663363316362653465373439636464
61393539303532306530626533306634336235613833653765363666356639623935643361316333
31663130663466343937386466346461356338663839613431353833636631653938313935623663
39633139643565623737643666363337303862636262346632326263663061653231316139323838
39346165663633303862336462346138636438323938323064316635323837343735333065613932
31373164613435666430636130333333326438363766386565623366326637363937363065343736
31653235623338373565303837306236356361616132313561336138373966313730616365393762
61656639303131313030616635386164316134303263663532646234376464303861383166383938
30666639346162386365363731323130313835356338623865333737303462363431633965303561
31656362326138633736303062653035373434353361356434653465663266336533663838323535
36303235333130393066323962653036653237343330343565623962386436316564393436636439
66303365643565383764626663346534653361396138386139343430303636393631363539633734
33343763666663323563636232346133376561376635653962313336356433373165353430343165
36336639366438373131643039323461366363333033336564646566643433333430343865363166
63633766613639636135653534306266376630353335653838323561373530376436663634366166
35383239336636343961646233353930636262373563613837623236346537326161656631333762
63303139316333633932353562653131353138626466366463313265623435623135656334323961
39653637383938373733306531306438383731386363643839323463626633626536396137316337
32643830623831386339653534616466613531643531626136646136633930343439613237313834
30623230616537646236303638396638383762393938383835383931656462626437386263653164
39373463366333303930623937626139623134386263393365643736366565313166363836616236
37386166306532373064653432363934343864643435633966346239633739343466346262373030
64643432656236373832383234383866306536626539613036316130383965333939353531646466
35313438663035613464643233636538396130616430636330386462616461373734313532356438
65393030353363636266663636376461633635623532666461336239366361333730393339353331
61613934373733363932663664336337333832306363363131393630646265633665663433613334
37623762613835646339613635373231353436393833373337313364643030613334396535326238
35613262616638643466666665633130376462616336393564393662323638343739396365373132
32616234636232393333383262396232613366306561616633306366616637643939383066376564
30353566386230623665663562633831636136373966373538343566663130313534303733343862
63353732373162613931656434663634346637323833363833636662633932613566633661393939
63326263356335333037633364613434616262323039346435326362383963326630303430376430
39386336353034633736643333376237346330306662623365343461336165636430303339313164
39316533343334393261313463366230333465346230366561333636636637363037633334373866
36373631626438653338616365323537336361616235323530326162393064353663646638643635
30323661393464663238313162393433306366636433613133393331353764363666306339666430
61313433353433663832626362366633303937613530653239376161393133623662333839626461
31623965663239636264633637623436643162326162616535666631303132363436636331326336
37346339383164393434663166303732323166336435396338396238636339313239613765663334
36353262663664663739313033386233393230633231353533613736626133666132333232656463
64633536623038663662393063616165326661323330303437336130663137376166343963616166
61613965333330613035323364626166323531326463663562623831333834316638636539323133
38316266376535316365343435663239316239386538323965366430343637333438363038383462
66313964316639333930343032336364383962636262373439366366663364333831346165303764
33353564323531613836353965653261306330643835333131663231326232356235616239663962
39326264636634633439353339613137393231313338303462613965656531623266313834343765
64623461653739373463663564323636343133393565386465663966643563643566336634393862
66346131323832333638373431666233353363366563323164656236366165636637303035643231
66653863636536323961326530626166626166626662383237633234336230643063386134316663
66396162653835363664623537353162333137643833663530333539363635656363613836353831
64313435353965663133326430393163313435356266353662653531626265643931
