$ANSIBLE_VAULT;1.1;AES256
61393235363230626262396462633364316261666130386638376265366138386563363363663162
6132373932386630613735663837303563623363666138340a303066323031326337643631623162
62323137316330313535363361373566366232393536363039306262323365313834313764663366
6633353830643862300a323662313135323633366437323533323231666363356266326638393335
35393738353862633837313964616135633236666431656331623130306662643530333463376434
32386433343062616330393863663637323537656132303530383131383132663063376236336235
32646137383463313164313439343231376565376335386534393066303639646132373763393734
31356230636634643765383433626133363734623838656633626330623764393330376533656265
64633037663930326632346231356466393630653038633531393264326233396137306261633537
63633434636364653134373835346536636633306663643665643639396334666536326666363535
66373262373464313263386237303731323864353265356661393463613535373061643533653034
35356661396465616163313632623933313036306530633539636465306130303263616332353138
63656665653935616263393639306630363163636561346336633236303365313537663865623262
30383633393132373566643562643338666439646630393661313462613138336136353630346630
35356462663435336537353135333936396335656236313432393936343830626538613962376634
61663935393862363365366462633936356332363361636137343264646662393932663036383866
35346431663536623432336461396532646335396430623933626666376238613564316338656234
36653165353033643035303835636330613266376262613236363263646635393038303036336437
35383162656161646633626435386634623834383262323438313232633865363839303130666632
63323939663433666665366635326636663264356230386564353666333231653038346631613430
33666637373138616435393462383235613936363739656637313437386339646466653438346662
66326335383135343164386330623833613035636666343435396636333133323533616538386366
30373963623362653135353561646634373039366266366337303466326431303165306230313636
65393465303066323938373863336438623232626432333031343830306265613035303537333034
64633134666634363034623662333631343936343737386331396465643135393461323464386466
39363335346662623833656230373534346537373136643934613635373136306231663261646364
65313331353338646338616665353232363531623935313135663239636231626262666363346533
61303464306535303630393039363334393665356661626466313939613935643038316537343032
65383864336164333766393063633562326164363565376232303735643266366131383033313739
39666663356633396438353532623863613939306165393966303630636533373232386133666439
31643439626366313133346533636137613862366239376163326366326636396431386262356339
35316432303163373533636533373836633437306431613138316632616465666561613861663633
36366162313632356433353432373136643034643338633664663965396530316566636465313731
32363132323435633033336166373639323832343938633466333466366165336363653266333933
65653039303936623365346538653538656131363632303135646138353532363661626134636131
64633161626432366666383463633366393633333833633930323264343235336331373364356665
31623438316233343438623734623931633666653931656532666239353235303964323663366337
63643731303331626130316466346663623934653661376662326637323637393662343435313837
62323933396238663763383663663033333938633166306636356238663833326131306431643231
61393634393932386235636538336236343035393634353038656634653536353637356566666637
34363261353130353432653862663366303533623234643136353735323738306666343333646563
31626233363239653166353937313864636264663534333634326630323939613132383131316533
63323030343130373732343830343365323238616637336561333230653137666632636639306430
65313332623533373135373730386332393438383232316132656235616364313438656632353761
63376235323566323334643265343161303636313032623538666430326137313039393035356561
32623934663330333161643762616639346361643466663431353265633733656661383133333934
35313232616365393431326433333034623865313533626233643762383939383932613737323461
66613836363839646361363831316438383631363562656365353939613537643262313536626339
39366337346431626436336432623338346133386163353031353336366665626566666632353835
61633862303037383038613232346430353762623062376263396434303432363038396438353165
38616330383166373635303465616639396461653537343034343531343264376537613862346234
35306462313739643538346165613766613531346133643764393262646336623765386163313566
33383266323730376661393634663035393535633265656461333632373761663235386331313464
36303764376636633261653962303562303134316462646462336235303432653936303261356634
66623530616364393266663362323438363766353862366662383863653335316338393534623764
36306334343766396535393361396236613365396661646636363634313231373465616565386537
66323239396266373763633063343438666163313633373538393465626166353562323038313732
34636362323837663137396230373662393836653638623431323336636162333361633636323836
38316338646564393562653337383730383662643138663131613439393832316139356337653466
61646265376135363334656331393635633461616334363861663734633961363161396435653037
65636162316237316665373139633062656237656564653538353033636638383233373166316138
38336337326139653763386336343164336261356461343336336130343736343961613066666562
38306130326237623562383562636534303661393861363762666261383130663435393862313037
36343463343737386262386530366439356533616165326339343736623739626436323361313734
65396538336135353738643031613633383634323462393762366537653033616434373533633231
66353162613461333933346436633861393538333663636535316135646530333537383263616638
36386663643837343535643536363861666336616363336365613534623035616166616231613866
39386336343764636532373563356534343834393362323439366265366330643830343663333938
35376163386332386132653534356438643236356162626636643033393363393962343963346336
64323264373038616163646438316439303635313831646365646536333835386164346361613835
36326536333635663934383935323439306239366261326133333537353833333634376238313362
63303035323764356165663761323066356639613966316361333663653433646562396335616162
62663861376163316132656535346464303433383538373334336430383232316237356530656435
33303039623831613535373763356131353561643262343764313362613730643834633937386336
37356337363263666534343934663330666230323165313036343166636632616335656639326137
36323232363038643638653733633863626430636332666662373063373834343064383061626139
66633539336538323965356561393635303263666165316238663236616461626235663263663436
65333630316637636630616665613664343563396331613366363633313966313935313336393465
62326639383865626231353163386335353066623433326262383134386337333933323931646438
30626561326138366662356366656564613535303835386437623936613161363738623964336538
35643735366363373837643731393930663365656234373733323263336435326634663964393731
37643834393161353530663966623965656331336163343134316266343736643831396636303063
31613335323030616432333738633236316163396562373462646364393238643830373830326238
31626639633837636438623539636161353561333331363133353836656533633636313162396166
38396661336537626136366265643038323761336463633466623731326131363537653836343663
61343538633830646134636530633562623231633935366463346264336231663562353133313735
30666337666264386631626536643733383564316261653966656430373763303030356263353632
66393039633536373637333736346130653361353062653532323330646536326265623362316131
38353534376232623538356565346634303465306462323634333361386331313035323561363266
63323134353362656636386635353833653162306336336334376339373035656534613130616130
62323030336136343863623532343863306363653537343431656132343833373166623664643039
62653536393264336564353635313363646166626332643264646664336630333637323836356465
66323366653164343836383036303665353135363436376665653962383737346161613930663664
61386163633039313734336662336264323239316562363937333462623030633736333866353337
66633932323361393635646435396161653735353931663136396233663765623934633661646134
34626364366534323965373539323266383765353336396533656636373664323132343264313537
66373861616566326138353934613136656230376433623334663533326365303165366534373336
32613737353264363037373539303862313565336337343733306164623962663565376633396461
64313466353838323838393639396466633963336635656663366533616562616231326462363233
39613136653633666339666337313865373164313437326165323539373232363664613838343666
34386331383466653565616337376439396264633639366166353361613031373565346435653136
35303066336662353635656630353235326565336463653738613230333734316264363734663436
35356536376166666464646261343766363630363366313735393031326536366436363138373866
64663239366663623231323063343639393364663764366138623230353464373438303037316366
64343437646663383839323137353732396339343738653664653763373964326162383861386466
31653538373865326433613731396264656163303638376135306231306461363561393636353533
65373330613165336531363566316433656334313766363833386464653637313461306434376536
65373130653861396566646532663235313834616532316235303764623332353664653361653566
62303262663133636131376165666531386235363765613030393565653137666432633430636239
65643363656439363632353436643634393338653764303133356632353032663538343239636335
63353535633835353934386332643434616534393739646264303332313562336164663337646561
35646239383530656235383435366264653662626433643961396163363162316466336365653036
64376132363965316230343430656639623561613938376139306666626334346262323333343530
39323266623565353862326331643535373437343563396463646437383332316230353966323761
32383830326130313731633038623235616665643131363835366266363431613539646335366136
64653334633531623961363865303030383536653939343531396662613330393665383432626437
39386533623533363432623134653438323436663263656138666239386166336237663438356332
66316561333364386136373536346362343930383537653866333431633962393537383734666661
61643964303036663961376130643631313331336231383566633138656638383739333264623232
35366666346464623764353561656163633136326461326432363065363562613637653965623236
64616138626663643661653035353035393661623632663761313938643930656166373531666339
64653365323834363838363232353639303765373838653065653632353362636338643763326535
32653365323736376164313862333736333335383832633664393535363564636130666664626333
38366438626438653131633732333663323438663030653234653364343132366166376263373635
33636363653966303235333131383736323530313362383836316465386365383238656239356337
64613963356534363034373230663865656535323961373262383331373562356163663763643931
64323264613937616235396165363634626335643063633832623530346235356561633038623432
35313734613765356164336663643363346237623032333237326536376630653530666631323039
34383838613362623433303430643033373537313563336261656533613963366636656433653239
62643862313663326532613262633137636234653833323630393363393064353465653137636633
34303539343937333864306433653330383565373230303266646264663965343534393863393761
61393864336335376432646234353539663731636466313761353562323262626266336239613238
39373561626535393432373665346433363135306364653032316234336634306635643864306663
36363038653535666135623830623835663665313338356361626432653330376564323661663032
62613034316535643063633139636235646435356531343762656537666631386339356365343863
61666361386362613734616433323437303965343038326562626138323261393763653738643534
65653164303835656531643531306539323966316537396535323733653131626537383661366665
32376633346263653831336264323835306439393232666563623739633037363634613764316264
34366166363830616430313262316236373666326339303136646137643838343833303735643336
61666164383834373038313262616462623936353063346432386463393532343861323937333631
66653136396366643733353465306339613436303264323231636433646237363461633563656534
31643232636532653334356232313366323763323863356436386263636364643632333433383866
31613134326261353461613464303034353765633732343336616338383932366165373631363738
64613537383233376332323931616662333237613534303836323936383939303765386235303965
35333237333732373666356661346565373964343439316465346431316562313038663737636432
32653265383064363766343031306261316164656539613166656265393532623836343066396637
34326133383132386534633838316630656563356461626236326332386461353431623964646131
37656561326362633939646135373433316462313264363139626433306137326265343265636536
62393561313334633735333330653462396338376231396331376164346266336236313861653563
35333038306265376664366639303864353839333237643564636239313838373430353134663562
39656335396336363738656331353865353564366430653030386430373461316135346635343031
62316132386337386463633430393839363266623533383261653366363333343433353834366364
35323061656132323731653661656465373566663539343137643533373432333662356162616530
33326336363339343935613838663764303331313333323734353735366266666237636537363537
32633939376537643435313530656533313663356562376265363966613330333762316262356661
30643737343134313066623538613236663831386332326363356164323365653035363932336135
31313134373264353565663738666635333164616335323336396366653636643430343236613438
38336466366235663232366539633138363262363430343461336334653564363931333165346166
62393263663563643330306132626333373465333064623337623462373161333966353939636233
35366534633635373136373834316562633265396164336531383537633239343463623932346136
37393765306265383762353736386637396361383763303737613864336336366635616535313164
35363737373237626636373966663730316662353864613630373738373964656464663564343039
30663632666639333737663737373964346235656264373431636637613135366665356234343362
35353334653364353263393264636661333166353934316339663266646562646664633366363665
32666235613535393261386363653734396130636464323365303333323330303930313533333733
34323836643264313033643134396431316232373733663462333236363764366639326263356332
37613137313233633631636439396538323235336131343132646433386338316465353232633263
35313530396534363130633938363764616639353839646533316266366165366462613764313739
30623362396339346438346361333731636161616437653566633035373736616232633135343238
62336534383662356538333439383062653664663961636635626432306165653236363964333430
38653737653666633432646637336635663135626432656334666237613562663932303964386365
32346639326539663734623235623236656437643861316233386336356664363235646337373064
34626133396664303138393336623732623061666235633435653231333563303762633166333133
64333330636266376262323461616339626334666634383234353039353336643331653661323263
62643163393261626137383735396631363237303437346439353465623739663964353062376332
64643865613563663666363865383933653064666637383565373864386332303937616662623535
38633534636539626138623237376464663737306162313737396362303165636235363134393136
38653065303162323131363962353130316132633435333564393062383431303733336662303362
62383666346465373338303330383634366338353031663064646433623934386234336633646235
31613666643833326265343938333430386337386330623166333735326262643836636136313838
61343637303836623534613766323435356537643066323339653130353331653331666130643230
38616266633133396235626162303337616631343839623034633439316338666633396262643365
38333465666136303932393735643834643761373930333339323630396364303462393930626164
36323831666564313230373236396236323430623631303238626338666438373632613437653632
62356466333631663532623536393233373232303964643261643666653162393731303435326134
65393638323035633331306539663934336332363738643338353438326661363261646639393763
31663565353966396132343962376361333565323433653164303663303437646665616435376133
35313161356236633966656231616565373734616131616539356364323365653531386234366634
37306165616237306133336239356439386238346533316337623235633834643931656433666161
32326635356662306561343766383363613634313232366338653362633161656331333930396431
36653033623933613230393537646133306137653932666138636236333730336130323764663434
39393966396433303836613932376638356536663537366161626231326163666630623263346232
35336139666366393661333262653564613739333436356532393066616362336666636530613037
35636331623936333431396264306437616434666265653531373161373363366634353836376439
38306636626136396632303663663332383465363439623438653533336361346537346264326630
65663234313661353366626636626138363662356431383939333036656138626339343230393537
36303539383130653238316631396633396466323862323131626634653232653564663166663137
36616564386134363637663363353836343864303465343966316139393064373661633631363936
63316661633139383564376232633031616362633435306134616130316262633538303838623234
30646661373761393234346330313437633233636538326461383739393539373634313939336662
30633732383032353266313634303861613734356137666330653564386332353461343662626338
65356532366665663264616634313664623966613334356131346336326236663433386565346437
39616439663866303332623937396234366365303963393232383738343738666635343139666435
65633662386138383666383161376235623638633937366264386639343631373638366339653134
32343639313430323463366263313833653565613837623632313936616465626564666662643031
61303665333937336166313563306530393630303630326636353430323535346363646132313763
36323339363762326637323961376563643361303136306333653265366662323036633365353165
38656262646664396139316164316233313131323961323031616237333634366434643430313136
33323633333231306237353130636266336465633933326636393031356535396538303339363939
37316164376632323635383566653136393862656432363165376133373730653566616462613632
61396335636335666162393234376663623231303530366363396539373832386532363832646338
31383331383635313663356665613661653232363666363162313333656636356237363239633036
36613435373834313533356635393666343363326661363030643964386135366639646634326135
66646536373036663831363232636634636336636434313137363663303561323031636438653962
63333463306631616136306565376139366266313237326161323837663766316531636230663861
33623630666161383362643262383637366432663566306334346365396433376463373766376335
61376236333033336662633037623863303036643630613537646165303961343336623534303030
30303062366238396261663532616431373839623139663161383261653364376139373261646630
63366634323764373830616365306239383463646637663834313734356365303861613565613263
63346635343939633965643235386535623935373733616263343766353238626365623962343235
36646135366233353430343833326164306331336531383565386165666630326261653838383930
63646434343132303962623566343238626162373761616537353062336134386266326462366664
62383233656663666238616335393465393466383836363336323966366230303437643434623338
32323262363661323735316334303064383137356665383639663935353131643831636463366562
31303635333161373166636135363033383237616532353034633236666239373839396462623961
37313063326236643461343537633635653639326236356131643265343363626535306536623164
32373238626138633636633462623836313238316261636538303439653632306136323661353937
32316666663239306530653963303433303462666166613964383136373733633034373037336433
38333138643663326466616234343038363938366663643735306663316336336433333833653334
32376662333138663639663564616564666134666266393334643965356534643736353930626137
65653435366463623631326535336532356565356434663065616461386335376166373335653262
33623466663538643963383330323830366464343336396432343438353739613535303136616238
64313132643933373362363262356535623630353065323839623566353066323030303130656165
65336466656262633431383035356363383735336266366333653263616465336366626436323564
35663636326533303761663330646232623937353934383632613465363833336663656333313964
37353032656166663166353366623639663639346638643361386636326265663634623836636235
66396363663238663661386534303035616438626336656336323033383436336635323030383037
39303839656664636134636364383130303739393162346430383064393262303535306237393931
66383239616231396638326337316437663762393938386561313066656665666465653532383132
39636432373232393435613534376434396335666561323564646134303032376633303963306230
64363431623033633662383131383038346634643261386665356535353862633830383530663634
33393339626464643837363030373134656465333239343333313264366566313337653037326535
65333838613738363339393332653230353361626236323734323366363163343931343433663865
65333835633763336131666635313032653234656239363462616131303030396534626136663830
61626465343661316661646266323863353365663033633463333433313461323139623761393637
62363839653734616634623638373464366230346164323466313436393633323933633233303863
36323035656234666631363364313531343436383565326333366264323135653432653831616233
61646439373864333435623237356562333765356330313765613533343364613063636630323262
61653935623136366230633632313764613934343562393862303833376161633638303366356535
33393461356639613739613462633164316465643738643037383362633361386163623466663663
62353535343039393835653732373966366632343163386439366164376232343932353863623562
39326232333734613338653734303763326230633430303966386335396266376530663138303730
32336533623334356637303933633666366134653437393966363466343533356661616633633430
63316131313835333135373163313139356264656532313539396638653230363238643339376561
62613363363164303330383133363461663930393234353035303831393734373637383335616537
65663535626266393662343739343061366432316534393035333238646666633434613936663436
39363534386434626365323339343462313433373032396538373639663462396135613735626634
35366435323764386635353535343538353736353830356662353366316463383932336434333963
66353232353765663235653735376562643831346166313764336162613439343836653435373362
37663930643464396264656532336462616531393337353730326139393362613361363935316331
39356361343634396665333534313865333964663364336533323033363731393463663266343935
65663232653230666235653762646164663631626564303038636463366635393732643661386239
31643532353336653639336464616566336538366466393437366230656439356535393933376462
63386561386535313964336165626331616565323635353563626131633838333065626535353365
33303963616539643338383231613134636230666232666330333861653731326638623737643365
61393363306331633464663966386230376237643665323032623335326437376364396665636338
63363438353161363534656662323962313738626466656565363564353966333931393363663061
39363766616634343936323732666464323130656337306231353933323835613238333162666231
35653831626238643131353038633463643934313135663866313233363432383737313139386237
35323763336161376333356163623763323832343330623038613937363934353262393632313465
31613363353638643637343038363862336439353133623736393136313661653633653866346330
65303038356132303562633735633833656165303364333534373730656461383030323666336163
65363131623737313133316232333832366364363335366433653565386562346539626263366630
62343536313965343236343961393836666434643364616561303936336262643639333232313739
35613430646261666334376366343638366530386163326265643335636563306335346630373535
30303233356534623238613062613565376565343230303563356164343364646366613534313630
62346537316262303233336535616531316562383863363161396232346465356264366635613830
32343266356362393565653361633331313637623763633161333064356530343937326335343136
33346234656432356633353039323138393130346562373161323931666364633530356432356363
61666533386637643963363536633565656130356632356162386432333361353039653863356535
30343535383938313362393963663764393861646238643265393366353264316237626466626130
38323030336132393137656366346235306365336162643132323433616635343664393031613465
35363364373661396564343730666662653532663033323338616533316566343830616664376266
63623735393034643062353235636236346462363166636239343738353736616332646333356366
64363939353066306638383163376337353230353163356366663862343266623037353564343938
32363134376437353161636361303038306639656534636430656363623130336666386336386135
39623061356137363338396433363430663266383562396231336263666161643663393638633965
30363933323139656336376666383366666230616332383637353136393435643762313937663661
31383266643465326436333432303436373466303062343539623163336366626438373264646162
34636139633332646464643436313761643031333337353462363035626562336336373437323365
38333161653061646333616632363964623365323564376465306164363162393731313035336663
63636337663633376139353338373535303337616231363233336334663262333566343861323161
32313139393334663333313636656237333465333733373139626136653832393437343931636662
31373534376632313839343962306563396165623430333331373738356165383861313334366234
35663335343163343561363639643437366464643732666264373030316130626634393633376161
35666633373033363436656633643462623139613432363261633336623862633361663330303434
66343966616665343134346435636563393332303334386464356662616430616465643163326162
30336463643734313033313232363232313130333966366538396531333966363766396663313062
31376662306637333366653063316339393563613762306463346634323463633962656235613334
33386432356264303133633233383433663864396365303166663663396363656436623066653563
32636136366566343739613832626633396365336331623637363735666636623930653561313762
65643665656531343534663866663635613064366437323164383933316564386565316465343662
35623039613434653138383937346533346335363636376362373435386132336134383464313161
31633839383230323634653834376334393538376661626639363532393336363736303237663430
61623663313632336131396431633033623432396465646363303235323561383531653862353064
38636565363935313062313362663066613863326161383362316331656233633266643930346334
30323531376333396631393339393635323334383134663366383161343435663937663138323665
37316666333534396537306566376130633765336661323730353834376239313130383039316161
61653036383631363133396539656533626163353538393363633465626566623735353564613439
36386638326437373331396531333433643538323930623564383361303161646238326663323936
63333532373462366636616636306233393234306161373964653665376661316166636665376535
37656636623738396337356366363038343736313938363364353633333162333965326539663330
61336139633739633139393063343136366237646562313662623834666634613166343636366135
62383433373337633764653136626633363832373734336138663938616261313236336330633665
64383535383235333432323365643963353038313735316133386538616365303631313835306632
63656534346334353566366632343333353762623535346537303863343061316636386137353839
34373435613538303965653138393430353232323636383631326633396538306633363764643138
64313036336137633630366339323030353365616238643637303261343133326338363463353639
61653233666636323961303637623839663032336530386234346164306535366462343763353163
62393464653333303264346163656361336365386533383461333131633432373130393635626165
37626237343061356539663366373932303063633037643638376266643330363864366663626232
66323535373132336566613736613563366530626536326436663534316461326133326466633066
61356530366632643361396332326365396266393135326139633037393238643538613539643732
38656230363835303163303136653032376661303365363964626133616236316566316163623733
36366130313636303933663038356630323639613939356433323433613938383564376334396534
64663238393731613264353234346536373030623263343761376164316366626133396330313337
39376464613665383339656536316563313931336532666165633133386462643466383834353162
31396164383539636466356338353666313735656637373061333238353332333631396430393632
66343933623531626466653461353634343832633934333236303861303461373363343938346532
30643662386131663837656365616635303736393530336134656635336665313933326531363234
64646133343761663430356364306662653664303765636339313432633663343162323738303437
35333634653466353664306338346161666662376639303863636662383463313531386533383330
37643663393634356531303962626666626363623033376636643434626665616239633331666164
34643866613361393965633964313863393433353965303932666666613666393537616237633034
32323862666536303338376666323534366632636632623762633839616332393036646131646637
33313861616538616565386433613238326634316161383239666265303261613465663838626633
33326132323531366166626635316533656336623361393264336233366331653066343863663039
32616234383666313464653063383761646661656133623765313235633962653464313236666261
65633939623736663636383361626465636462373735383365343562623461333561356333623334
65383362633466376264663762303538303537373661623332373731633338313035363661396433
34353132343537663638623231373961353838396131376665323966633937623431633033633739
33313632623763626139366131363734393230353037393230343831303938303064613337633836
33323338636464303961373739626232623761656531343034616636666464383734613533616535
30333633323165356130356365623339663638326339316336373666313432656530326230613766
64323138326661636264313462306236323430346162333038333337343630323138366234636439
35363934306164636334333764656461363334366361663633363165623565633566356132333231
62663964613562666637336134366666646463383831383930653234333335396265616261363535
63373730636432306136663465643838613838306666366564353161356564346463343361313764
33373535366537366465333662663961386664336561643364313537626330346430303361653137
37333831383530353233323830623536313530373063386637643830363837333035376664373930
61333363363032373235336362626231666336356632356364666232303533633463613963393930
65613837366136646335613634653436386338656337613635633636653832303030303863666636
62366362386135343731353462646230346535326439356336643930653164636462643736313830
39323366303235626163386334373161313935366262346433356636653230303333616332383538
64626630636630323266613037643331363562613835326234373536396433356636653733646139
61383263336534316166393433373936303730666530373639383831653432333737633835643639
39643130636430303364366637346362616265666139383861623966313766353264313264366434
63386531396234633339643739623036376333663539353462316137616434393536653638386363
36383230616337616239336139343738386239303566396638356363353534616237643636336231
32346661313937303436623535316630323063316635623863633139303731623136616535666463
35643838323163663630653436636532343836373037663935613634616636396564323832396534
31663264663735313764346336653336666230633763616461373166636539366338336561396165
36323934323964613464366665646264383863643633356131303865313233356435383031346161
31323362623561613535626239343539346533386337303231373439353565316338363135333937
36353761663061316538333438613532623238336630663731616231663037336166643062386638
66663738333861613862623337323335383262323531646436643565323266373566646364356562
31336665396666313437326139323266353834326138306231386463326666303938373738316630
63356530396635393930386265616535363964383333333464356464316561396333353335363261
38613339653634613439323034323863336637653763333966386133656237383338326337323566
62333835643663353638656161333763383438376634656432373435633665363737343735343332
65653438386432666566393765333235626130373664623433366535303336666533646639383731
32353930616565633566333164396132656138323963336637626537613962643235616663316239
65383761333931626666626239656139326233646530343862643638356264383534343230363762
61636132653264313134366230336234336139393166393639303161613239653161616639373134
39353836633937646366636334666464346239363665376436303861373061653335323264636637
62323165306166303333386465363936373936336539323735626631653630363061613137353731
32353833616230633034383564666538316665633030353761373962343138363466313766386131
37343164343230353765373162633962386133373234396566373361303166373833336566663837
64653334303235353963323734343362383732326163396164376563643633356134633562616262
63613039616134613530643834326338383164343863356332393835343631306661613436393562
39633939643432336437643130376163393561656466663065333039376563396432353333346164
37366439386437386139633434393563613265333838653763383031666539326333326633663066
36616635323763333262343361313062356332363163306437666233636530343661356563313736
65323061656532383038356333616562393939306562636663386163333636656530616138386330
37646534383863356534373161616465656462613134303666313334643862386232393437653639
38343835386264396239393335376636376663313763633033383539613739633631373837653037
37396235383662646237366461393932373331333336613139663730653762343561386232373534
62663966343963653530636166326662643065383632363330303031613630383762376430343661
35316532303863303931313437393736343631666435316331396436316262363132623636366261
62666630353761646232313961613165653836396231613365653766343266656636313537313063
33656537313363663361333732643335666433363831323430643631396565653866633234396139
35383937356231613133643863393536323735313364626430646630313566636132303631616432
32343862396136376530356364346665303564366430303861333464356434643230393033616665
31343764316435393237363865663930623535393563393831663530643763633934303535323534
63613034643932313062323031313737303761663531623866333136373763316232323330626131
33323137383565626263373333386631333137393463646432636338356134656265396565336135
33636134316139316336323334323135333035613165646236323737383066353763326662323135
33396133386264616564363339666363363935623561376663663262386265653163383937373938
62313834366264333630643535623765643733626266376230666662633537363837643562313966
35363462303032666333326634353933633039616236346661626137656636653962633136613831
63373865323961373636383036356539383038333339323231333430623233363435303565663039
32636532306534363464623361643430646163343165616638376165386161616332666465333239
66396536373661306338666137303633636533323962346261633265336633613238383461633162
66303865323135363963383565306136366266383339313136666334353139636137623463343537
30363636623931623635643966303336646338336564646662393639323566386263316438646362
34356165326633666566623063313031666234373331613734616263333863343738323661633063
39653565626634366564613261333738626261353965313433626335383337656262633764613734
66326132393565303339343238633731623731363966663337636231333565386332623362643166
38393830643139363365643531613766393632316438643237626630393732316163613732393161
32336434393264623433323964333239646539383635373361373239393066613532333138633832
36643939313832346530343237356330663433366366393436623737363438326631666137663834
38643032336438366264623136326466633730653666396266323166633539313134323034626661
63373665303731313634306232666435336265313665613233366636343634653235663463333936
33663734393431613030623563306164623163666636663162303566343462633565666337366535
30646561393466396634643461616237313337643166633765653733636637643966356533313864
36353666393332623761333734383831643866363166643831653361306564346233663134333061
34633061353639343438646231643439326663353366393762643537653333653361623736666462
30396665313138373638643036396665343762336133633261663666653131633031323762643231
37666361343033343565313462366537656634373461656538333435646533326462656666373765
38393731306239376431303930383936346631653339613035343635643166393134346231636564
64663033393235366633373931666237363532323266323565393435356436383439623235323135
66313866366533663632363835316638616562313735393932646137646464393237306432666364
63643630623231303463616130383663313866653230356664643862336435343138306334333133
30306136393330646635666366363633666261663831343864333537356335646339353932663636
33366564303961313138633965353732346139353133626537306263656539653632616134646533
63636531303464383132626531323837393365326263626462643138316536646363326161613334
37666231613366303063343061323534623365613664343338663165333037383935343731306136
66343635376636356636656466353431376235643761663532383732356137326433313863353839
62636236376138613230626137376133633934656161663462366636313263363863303264656264
36613636396339616430393331643837303966353963373436643736373165343164346665333036
33353162346430646238366131653036636139643835356235373733386639313764373565313931
38626666353432356435363032333039623366323432323930393739636565353463373936626262
62333764346362643230333932633232383838386238653837383864323262383537396137653530
34633562356362336166373162643735393131336365303838303637383739303738363931363237
36313538633638336566306666316565626361646164313832666238636263633864323666393235
36343230646239396637316464653439313139376139366266333339363535346266323362633239
30363936653632316438396633376464343833323333323531646230613865613337316438663764
65366466336666303862303931626538653465383132636334343966393736373538356333633661
37646665303763353733616135643564386266373439376630643831656139653132373034393938
62333663633866316636613532636666626233643937623939383063393266376232343061646236
32386265383630336665633161306131326235363766373132613837313433633062343332356536
66333631643464646639663065613366626433353835656432633335663438346264346566626233
35333930613265373336336463653439383562313062353639343262376363656666336537356663
39653939663765666433383061353032636334623166393839316531643231653661316366303465
33386637633732323462333264386337356464376366336336636365626231383835373465386538
33633536666637613936366232613432643362323565373239326232383131353634666264306132
62613463346331376430393438316336653032623963626437353963663435393632313839353162
35356134636231343330656264396466343839306434386133383265386136323039363965356530
38633338333036363738643464343337323564643436346563613964653564653762626435643338
39643734656238396566623332356333653865313765336636396362623633646663356465333434
30316334346532336461633863326335396565653236643838383936376637613938376333333938
61323933323665343435303038623834346434623633326130303062366565343234393335393336
32393034626162306466353964653964303839336632366464356637613231623032353533346363
63613266386662353265373966653963383764613933653734313663383438653439346464333937
37633964623037303135356538396533393064306633323466623364326130386164666432373836
39323437313130383061666464353837623461393336656235303564373934353566306466383862
66336337616330326564646464643266613838383737373035316332333465333264633839613336
34343265396663323661613834303139656239333664326539363937646134623036303461383538
35343766636537653037613531663433623365663235343038363331313065653737306562633430
33626365396263346233623964636531343164626436366436373335646363393866623133373762
32643463313736376535323237666234383836636538316264323038353136353531313130656162
66613366633265666430636237313965623966363635376532313333396331656565376430626164
33373038303435323937383336373834326266316434333762336364663364363637373432353064
30333139373537313931323630613437326234313233343362616438656163333766363466623763
30666164613833363331313134616563346666363466356666346166633461633032396137383365
63626630356465663033666530646232616166396163386439626436366138396261326538653936
33366365393034323831623762336666326637643535653064326262336537303835356663353135
33383466393830373963336234343563333764386531326133323463653161633835383263633638
39613262396435316562333633323235613836356266636563323764633064326663633238376137
35366331626230623531353561623161626631326630323064346235643934346263663735636436
33383037643834323961333966313766396630363535313230313731333331646364643164386638
36636633626633353064303231323137646438663166386239346166663465663962613037643231
64396166386464616564313438623337346561626266363034326139633663623830343638653132
34303238303965666561356230333263323237633864633365633037326465363333613539313439
34646166613063343939613133313336366339393938623037313930313763336362386566343863
38353736386633666163313039393265343366346361656134323035646366653764313861653562
34333736656236613966653934656366333262613930346636363038333330346539626665613632
63366439363231303962646331303734336539313439653133376133353836663030663731646438
65383733663862666139616438353538376138393862653031336662616330633439303730306632
38356562356430386637363132636562313337356237653237656361663662313436393330383137
63323662653237633739643064373762363437613037346562333735646531383964633934663236
35613134316535373835323462613530336430316230643738646230663462313737373633653530
62393330356235646666626536323839663863383461333337623533306165663335633735326232
31396239643339393563656362663933616262393138313365376664323832623464643564383435
31623566313231646464303938613439613238626464393563363332313636313662373038323166
38616532323838363563366166313636306362306131353533393534366633356330626565636163
62363532393938356366643431616163656134633036353465663362303636623434363562626637
30626235353434636531353834303837653839396432386139663636643534633935326563643830
31653638666632653339656465633165303333613035623638633435333936346331336562656633
65343833326164373436313466643439393561616361663638646263373236326534343034376363
35396464313230336465386533623333653332313539336131663063616235353330653566313633
38396363373336666561666337343533333231623662326232633239336661336136623533346432
66343066366266643861366132633136623230633566333432373165656163313566333730353034
35313865626630353933613433643861353238313836646232316531356238623966643237313830
63316663373163663135343766346235376337356631343738643230326637306232363931623031
65643734643835353964623566396436613263376266616332343434356464623666343138663263
38663865623063376365646638613737386433613437656332643665393639386136663263623863
31326532306436363133393366316666323733643130303166326537346462333962373339353463
61346433373335613966306531393233333765656533663262386161353837313938663764366563
61663730653365393662346535653461656333613531666632636535343335383537666662636435
38663135663461356366613638666664363065373734616262623762323364336636326237323530
39306461646265663235343864386431386630346166373934353263333738363733396633323839
33303535343161363239643030333362346130616131616662663266363063323139383332316461
32323033663536316631356331313463393935636237613562353565353637383935646338366463
64616334393132653137323034313130623566613737356337343132646363346132666239343533
63636365356665663939396138613061376665646431356137613930623139303763356162383135
32633464353938343832613666343935663366383833316532366134346533616664626236386663
33356336653731336131383637623935386632663033653162323939656561323030323138663366
36363262666563643539626564653462643434336134303434353961323162646234643533353336
33326134306663313864303664396561376535306639636635393534396334393230663639333039
65653036393134336437313438306262393262653239373662626362663934346566623436363561
30343139303932643233313834656361333963343632626137383463653966656263396164643833
37613434316136643263626563306639646266623465386163316433386261656365376264643432
63336365396565313266353135343732396564396465653036333830393863656263366337333037
38383065393862323131376665333365353532376361393737656562613131646566383335633063
36643239313263366566306265616436343639343031303266643031366138323839353838333239
66366336363634396565353964616165323734373764643163653763313233666230613236303236
36633639383538393161323665663631343433613663626161353663613638326462346261333634
38333430623762316432396363613933633732386232613762613734376635386437323337306638
30636261633938333166663461316537326435343238366161366131666162623931326230653232
64376463626534306131323361376462346437326363326666313464366265646166303037336636
62623835333861353631613136376163333666363165353933343137633136306265666463616666
63393437376238666366383265383665376531376361653932376135663533306130613936616634
62353461633865353434323235663464303932353639623464373166643838383637343333336263
65636666343238373934346238613233636538636136633838373332636439383035353234653334
64366161366631366530636262623962323662333632613031396366626636633765303330616337
64323161393635626335306135626361643562343362326237383934333663386131356165343537
65393436386265303939646534343430343431383732323934386631373334633734663539626239
63656133323766636638363365333066383135666232383566343036323830356563663839323033
37393139346332323037333336353838373035613163663039393136396131366565303666623733
31613236376632646463653465383361373130316365346233313136346234613032353639353031
30303938333835356531343761626430306165613639363861343733633962366337613638303163
31343336353265636230643866643763646265363133303264353864383662363766393765386539
31613736353034393239663664666561303433303662613937636564346231613836306561666163
61656230356635376531333361386665393334666364323233376632666633353136646362656664
37633331373739643730313633396230376663653066663830616636386134633236383938626630
38656632636639393931613737376238303036343430333439656561363931326166323434376535
38373665323264323430373563653464363665663630653063343663663334313563643464306538
39623832646235303865616261653164343463653664326535353539333861636234316532653835
38303465626132303730346465666537326565616163343266316135363939616365656161643532
33346164643731643063356538316635363333623135646565393063333638613835393661353262
30633966333836373061643764633537633838626664303735643237316262663662636636633836
39396232336333663665616233383436326262353262306231386635636338363432376438366666
64646363643430623364663463316463366465373361356562663537386134373861376235386334
63343265633233393166313639613262663231626266396335616362333531303535666536633963
65636561323230326339326563663637633231386365306339316664646439393539643036363637
35373336616364653137346361653638336137646264663735383566346436626537373232656161
37303438333134306130623462353534656564333463646466636433353765353762366535316638
35383139313530326433353163313965623166353562356566643430366530376265626233363361
66303730646133386434666532303432313562666430646131383962326165373165326136616162
63623939616139616362646130393864396562653237346161353032383338643665373933333934
36323537333833333864643666636138386335646639643163626565303863343466643935356638
62333335303932623930376265383438376665663033316534373335353037643531376361363239
65303062316335613863393339663961633132316435376164626536393539623035363462363462
31343738616537353134316235656238646161313335636631666135643236316539643339366535
66336531336363663061663738663364656131616565353036373330343366636231353937393539
63353037626437653564336430333164376330623039646633326563303161363839373963653934
66333335303230396537623734303065346538323165333661343837333930313031303966646133
30616166366464636133386436393936343462666634303764333532396164346664666366633065
32616338356663613163646530633230373139386338663865666463353131346665326131626361
30643065306664646464393038333338373463346566366336303235613134653730623430343463
34376632663434356664616265653832343866346164323534383538376337393864336666396563
38653435636535306164346139663964396132613832343630353761336538633538363864653265
64613933373937643262373835666231333264396530663662636133626464616530393262386530
36303136623963336166363531396235326166666335613766306664623536656239326163303831
38393430353165613433346232356533356362386432356338323130623432646566306261656163
30323030363864663239343632616266616364376132343034333464666564333831643666363836
36613637363661636361393430623835303139636536303634376231316465653231366166373661
64363538643232646538613338633333393532646137613163656361643131376433653231623361
64356566373038613638656434656564363263656135653038623962663062636563663764363061
62326665363931303462323831316664636434343162316238376265386137346166376334616532
38616635383061366661333933346637376462646232383261356339613035336233303033323263
62613338613038386133333339363131303532333361336237326531323433333033333761623765
61616331666565613964383639663937303034663338346436363862376534643839616632313863
30633239346265633932643761616239376337616362356332613866663237356137623635316436
38316439363462653834646563333930383565336435663465373337633466333935336161303662
30396539653564333838633262653130393232306639626430373634646164356436623234613463
35313330306330346235303133623066653132316165643961386534613132646164643261393561
62333533623530313335393039393238613530316432636530323539393435663833306266303139
66343335303634626332316132393866633662616636636332386633313863643538386435633666
38303035343530313737316561303333343862333336653434383865653731626436323837306563
65343064343965323339366230363265316532626636376331306636366661363235396234346130
30313735646237303632646538383539353835633233663636323333393130623931633063366664
62396536383261386262373663363264666164383361363237623863386366356536643834646263
64393336336537653432626566306131396236313739646235343130616266656633643136316465
66333561313466633161616535373666346137336131653037333438633230333163336431373562
65353065363732373836336439333162333230306235333264386666666633626634393534623235
65346464306339386532306632343439623137336336616339636639353265663462393434373639
61646138343966666535333830663136396164336662383332653139346136313232336662376132
38363735316462613738633965656436303332346535313264303839663434616632656331323937
61373035356338643634633033393663373536373934666338626366366262303662663337303332
34313933366333323030346632366363613432326362373330323331623532373432376261633937
63626636613334396461303162343130653064643730393362336532373034376338636339343466
32383832613837353239316162373864646637326532346237336534383062383464663261613666
35393333366565383835366437653032396435643537313636323830363761613534346139333438
37643261663165336535623432306530663634616530373464623138616535656337393862353632
38613930313464313536336264313863366562313835313633303139323532643361656164616662
34663737663164383238633862326432306365616334306233373736353438616134356362343631
37646536326633636361353762613861363936366337633039373262613631616266633366623965
39313635633035353462386165363534383964623362636363636566366139363534616265653039
33653936323633366665343038613136643061393838646336356436623666616238376334643237
66366130326133353537303637633638653366363434346165636564643262636566613033653431
35613461633361303732663263383766376134303264356436623566396533303139626634383136
30613032333461636638626361373362626138393530333961313436643036653766366537613131
38646661653238343830646338316364666532636337316633343366663832333435343531356533
35326333396366396232623966616361626530396132363835656331343332366534356466306365
62326631636363316462336138326339616538616530356530303664623562323465626364633932
31303930313038346239656264323362346130633063346635323634346431653161613934633137
37373266633062303338386131643865626161323431323632653764373732663930373462323430
33393334643839646538656136383831366266663533383361646534623637323661613639636464
37653464346638386535353433326261663938666331366437616237383864613364343831646531
37336365653635346563363039633931626433616564373830663730316635656131386565336461
34303431383934623535383863323438353434643262633430313339343132376637333838353838
66333466653134313566333834396663356231666638633161363433656366326632326633316236
63353737636361303966376165643766303939616639653336633666653865306434633666336466
37636638383632306530656233306165643963346564316130386662616461613538343065386266
34366530626461353230383134386266626132366230623961396230303533616535633635303064
65313666326330626632633435306365353937393739306336316431643934373837323466623864
65383537333065393862623361346439353634313138393738323330346361643265303632343030
61306236663733303539663632363938373334613663633263303463353734316661633335616461
32613538636232346266333866353639643738333763353631303731346138393566396537396135
32643761353836303530343930343238333631323064393730353630343235626631613731343061
66343034326164653834383462363338623530316661356365643834323339653362313136653361
31383532666132363536323262376238633835653331316634333562323130373265376662633431
62613936656562636333613164303031633033323131336261353762643662333631353439343163
65633435656664353932656463313832396237343038633632643963663233646339653966313663
30623466633164363764643832646366396661623139373366356536616230383863633264643430
39623737643363343734613561346266646665343034393535393731313839323233393337363239
62386662623566613037616638376334626435373132663534313065393263326538323736343739
30633834636631643034333138356431396134393639386233336566643834636337343763333062
39303064663364643663323863383132316534326232303237373864666232326662663730623964
31623234373830356362393132313839636339643765363433656163376430323734666130383939
65323131313636356265393462646438323530313664626237663034313035653036376630386264
36353938623639663765373737373034386534323538383964616132623463666164336164376165
30306532663338326566623365636561613737326263383937353263363763323235646461393038
61303163303138373964303137323662303564306363636336666532356338363466303562306335
64636438306363363933303836393035383234353363333065336437333935323464636439643537
36373662336265343136383530613636316331613963343731656333396163373662363332623562
30636334613734373366316138313366376130663339636139623439343262383437326662663933
31323362336466363331326631346662313532326664386161343965653836333865303838376432
30636534303033393531343935643164373261303265326532306538633335646261316336366164
33303365393661356533643365616566633535306634313338343434303237333531666134626137
39313138396662366566346433643230303364643466643030343336343336376565393436313164
61323537623136306433656532383830666666663739346235333234323263613465363364323361
64653466646564646630363462623365333233373138323063323264323663633234333033646464
38353031376661303664346137346462653264393663396233643039396537353265303534653264
31393537393233663631396639646564623736646630623830356563666631616239373237356439
38376564393962356261336566323333666466356461393365313534333339366134333763666135
30376237306566333830393738643838303332323635383832363261363630653133313664373037
30376638633138353734613638663234383863613531366537623662336233373535656465303065
34616233336530623064346361613535393332623862656632633765646231386566643331346438
32333365346231363663623233623766633238633764366137626133313461383730323134313739
33623865623034626339363138316631616163613862633863616266646531366562343565313761
37356332383431396139656436653065363361323065663237393236303565393064393337343636
62303638653862643537343232326630356162306433353266663461396234343833366165653261
30646437396235383862366565356439616264663931303033656234633465646231383339366637
33613136366163633138353765323933366533666337393634306566316238626432373034633832
39383831633538396661323036613262646633656431633063343433326164623366623761663262
37336166353033663336306365313538343261636561393938373361663430353865383132333766
33303462373530653232386565326337333566626361636535303563623232313263396531373731
61326363333365323335356437626535383039653939623864303865633263633861653731633239
64653838396665326239353831396466663633363735343034356338396564643236643062383763
32343736356232666638643536303635623337383435633262346636326631633739643939353866
34613630346334663935653862383365353564663437633939323862613735336663633834666362
64383766393938353365656130326337303034656433303633303763643538393965663633306662
61306638336637306662626235626432343066346234393833366430313832366434313332353763
37326139383736663962613363663264396537366334643534623830393033323130666330626632
62613865303265643239303734373732653564643963333264346632653536366236656339386532
31306135616666326462343466626165656232316130353937643739313064623930393162363939
39656330333933616130326161383933373635613661336632313139643036366634353037646432
61663739663532373935623165613163643666323331636231653662333065626434336438633162
66656562616132306339396435316336653237613037663863343139316638333933643938653934
62636337613663333838666334623633633931616165346632326138393236333862323064633234
37346637653163323162336231346432346163383731303465333730306638396666306633303761
36346639616234383238303262316531646438336334303838646264373030333166373231336663
38633238396535363931356663393630653030393334326361623361353563353535366263626537
65616562636365306339313436333431613530396162303464656366316131633735343664613437
30613566396661613330323565373233323738303438326563333031356335633731386438613165
37366131626237306337613766383332313837333664393761646138326136353238356637383964
61663361623730386536363732666432653938616166623065363730306434646166666237636464
30613832373538656563643965396132616331623833353063616636346138303439653930313762
36303262353136366566363830346661373635626333383766343264646336363263306566373238
33633532653963316634393735313133303934393630323065663866383565633534636235303862
65343636363165393963623730316664303933363163366263666465613536316462396136373638
34363464656232353730373537363537653563666564336135313133646637333461333463646465
38623630386666363530316665613431646266323130393032396264646532336562383430356331
32306538666531663633313239353464623934363234386333306666386534333662346139666566
35333765353638383530643065323166303035326334623731353236383632393039323137356166
31363638363164326237313734316362353630623937623335633765393234326132313931663835
35316663323830346437356562366130343264666139633230663864363065623363366162393462
62393466393336396431306662316237663162336533653464346131376166383062363261326539
61393033643731613835616162643137303333613466313039323333633730613962393837633966
38303133376538333236376135656661306361623534323638643338633532323633643939396132
62343332336535386437323165396663336235623963623032396361313736643935383439643561
64353165376230656230636535366232373930623266313566356261626533626131343035353631
62353766653132633436393939336234653961313135333039666635646661646239333936623437
62613235306536656633363632643236663631656461633765613432616364653137636165333063
35336365633361316534366538363134663034356161346431396435323331613462663232303337
38656535303538623335333463323534333738376165656336373564356435646638643963626237
38383139363232613538303237346462306366656634326264363236323963653437626238663539
30643664376263613632306365356334643330333732633836393664373030346165346131346664
62303861613031623062613564386130666265393236363365663364663930323836316539323439
31313835666261393830343939396261373132363134346565383033343032303066333565386237
63303936623038333635356163333532633964613432323633363138613564643462313832373362
36383461653932313038646666316436303266306463653261633034633863623063386332373633
34643365343961383261356339663638323735383436366262303464363862333166636263383437
36616233393562373634636265366335643266373530396235316539323836373539316265303436
33656263343365373532336530373230643262636334356264633634346438623131636631633339
37663633363333613163356166393464323966393930656333383332633936633361363330303761
64333234313134646136643065313037356139383865353933386465666631356435393265383736
33376465306165616561623938326330363231643466653432613865373761383737383335366635
34636536623730633365343632323839646164346464316536656665653932616634303033346335
39356636303632626339366532633864346361653331383430346266643132366139353661363731
34366364656164306636623631643536646239313532653734656230666530643361333766383639
34376132623465363237643731343161326461656636323139386534356563336562336136303534
37393266336534346665313136313561666535616436313338653339353737393364623438386362
39643739366161663261313463646464613136333862616630313035353338393337626165323634
39386638626663636231383036323738383765346437636333313639303037306665313033663365
37313238376261336435656461393361653234383732626533626433383665363537663339616138
36616164303034626630336339356637393039383639396131306535626235363730656339353832
64646334366233316530633134613061643631626164383933396237363936383735623862643339
33333036613066633065333137336462343336303939336430393136616661303633363732636530
64656364656164386639373131333138313238626630663665316333356234613862343135383366
61663436613666643339366334633362343663313661333963666331326139626265643036306630
36303161636336376362353665386266656533393238393531333631656265663365373630353063
62643763356265636664346331303765336634373563393138613435363730313464383161396538
63626333313535396463633032343233623566313666306239616565326136313665396566313462
39396232333535353839313234346262383738623934613831626463623235353234343032383538
62633039323166383431366332346534376533656161343031313938343766323231313965353734
65306666356363636566336133653763346561393564316263663239333034663962643661356234
38346166643433643163646638353862333238363731623330663439303865656631663932353232
34326134316636346231636131323532376233616431616662653764323962326566366534363835
30303465386431666632303062343433366362346535613162353663303231346237633666623137
31346430313130643339653235613336663131333865363639393339623463343531346166376339
63633964653231373836363266663630346563346535653836633838643735363336346562666633
30636337373866303162333266356535633334316338333438643435313930646164313930333234
37396531353461333735366134656531363432353363343865633962653766303232346139396536
34373338343438623061343836316132393335653731646137613264656162623434363039653533
38313037626139643262353236663831373436363962373237373738643032396162613562373037
66306461633765643538323439623335366664373332613763306632613063323262333261613237
62343035386530393562343266623932326338336230356432333466303335656439313634613165
32306230616233333036626262393865393334326362313535343631366433623530333861326135
63646364643161316533646334633330303131343733366666313737356433316134646538346238
34316534323132396365643564346362653532376436613266313762373336353963336139356538
37313764666662646235303363336433623031363565356432313666653032363065613465393761
65336133393565623630653533373262306135663735666339316464373335393166356637666535
33306133616361373334663930366662363039363738346430343139303231353736316133643830
61363039336137343562646339616137636365393535343336643430353934613338323933633635
39356533616361363330663136326537636536366230396365643631323138383566323630623562
63383435303330666530376334326464343330333162306234393162353863346565353364323633
64643334656665393034633164666232373462313039336237386439353932333931633365646363
34363432343861666232306132316635623664306466333265623038343266386434656232303665
65646461343564313237303432306636393761373566633436643265363934373036363038336165
64353634393832353838633730396463333231653066393731363632376535643862346633366437
33393038393866316538326534313534303139363439333265613462343538376363323238333965
63646466316535616564336231346432363336336365396462353866396264653366356165636431
36616165376161373736653162396162323636666531643238616635656563313366653962363761
65356332656135366162353431316137666461663639326637363730613432303163613662663933
34643935396436306334376637383635646537323362373663333630366139613531393034333166
35356531623862383639663230383861333930653431333637353339333036633336363533656264
31393133656236633735353833343864363537353139386533323335643432633635353335336239
36326666646531343061393965633930623266626339633662653866383330333833666335663266
35636133376135363835373562336665363665613935316139336336613066666264613566346263
63353663386463326433373336383131363232613839613866323861326539346438343730386439
30666263303962663131666363306362363335393764353961633533356332366339326238363632
37666564323430303330316534373930333435313639366663326636396533386139613064643865
66366565303534313331363439363338666661646136656439383563383630303939323438613664
64613030633864383030373039643832646539663238376435623439326230663364643730396261
64366533303365613163613238386330363239356635393534363132343962386139313836303434
35663666653061626634633538656561333539323236633531626234643363323434633563356164
31383332613266346466626437636561633962623362343536303362633664646432323733393031
30333439333636393936303861623664343035316363343234373937353232383231633664313537
61626430633032646166313732336664333336623062326663663434393935326533323164626534
35333837363761623765373434313133663861643939613931643238656463383231303138306336
33353238336433336335313830306434303937393863393666643632386335396331313563626336
30633262313439666436396637323631643038383139613236346334613432623136653966346335
61333365303763363764346262363639613463383739303639373435303336323065386134316532
63643933633631613639643336653633353433356465356336633061383334393130366138396130
66653130376534653334643565313434306331646532646237663932636463353563653363616435
61326436333062386439626631643663376332303337653634323731383063656363363462366363
61366539303163623062326230363836386461653964386335363839366434383162386133333537
31613839643264646464306435616463303133363263633731333064666432646432666566353361
63626566316136656439323238346162336433343663303466376466653864323662313432326433
37393132653462353765316136613137646664333537653738356234323230316137303831313938
33393261633137353431313331343762356636386461386232303665316336306666363161363932
34386666353664653561336162306665396339633965663035333762373336343765383832613433
65313661303038613136303230313235366262366537346465393161366562393462376332323835
62366532396366326130636533346661643733303536376631613134313765666138326235326661
31343033346161396565353231323064643638666566383734646130623732346339386564376566
65643466363966383861343536626162653430623036386236663866656234663733386163383230
38613934376264656639366238396665326533346332366462333364616461326466353864633434
64303066313762646138376639346564623962393539663439323634326339393135373265346432
39633436343361353362663336356132666663333163396433343538623839366339646465316538
36333035306233653232313737626231383236653236633364306134623762353134316331373331
39656463626263376336636331363730663931666363313330313066653533663461653134353066
65633037626663386164396339613439646432633935363332336334626437393366623031643732
39373432616236383566386664386533313332663639383366333939326131613163653364336263
63323162656639633462656334663938613736653738616539636465303638363331636632386238
31613030346238323565653131336561313065626166363538386666353438653330626633633335
66633137393537343337383939363065636635326338353333343132663833663538303030396666
30643833393939633761353933393739333439376466643136626636653438376532386436353336
35646562616263613632363239313439643636306635353536316335306637353239363934356538
37333439326465643866636437326639653065356262366534643562323136323562646563616631
31303466613031316363643932306565326231373530653431626364366164656362323262613830
31646337663133653134633931333333653839313737613165643330336533383335313566336331
38303736633561323137306137623734353662326538386265363633306536653834376637393636
30363466666231366631623661613931656562663065626462666661346462623036313135333834
33653934613132316237646162316637363966343031366333373735316331666632613934333338
66626139636230333763663862623566386339623663636463326661353835363032346361663333
32303532666230326465303733353530653934386332363263383135663837333364323161643961
36376561373563323139316661373030316536333331363034663666633666663066313464633833
34326263383033353531306465363339623462663030376536366133666235306636343636363935
32626331366431363437373966663939366539363464383665353630306561363664356461303436
39666134336338666362373334356335616535336166366161353731633235646530633938353335
65656638333932643533373932326361613639613134663062366465626632393032333938613034
35343866353832376365663137313637383763353432353361376233323537353438386230353864
36373635393334346364396634613632303462646331346233353530613531386661356431313236
65643332643236663134633365626230623136323039353530306165613666323337643537653365
62363230383036613462366364626362356562363431323065346163313132623664643330363333
37643564386333663339656464653630663566633061616465653164656263393633656234343332
63343136643138656238386534333035396361396539303465316461613931323234643931643130
30396631393931366434306436383564343663353036386462643236333330316262633637326538
36353237363238353837323638346439306630306435303833303162393839323761346366313734
61633065313732306664656339666339313638636337353438646139333164633866323862386434
38646466663230373037333661333739613733333963343061326664303166366533336462393965
32653932646234343638396138363863333362363430363731326435336538333830396662383431
61343739636130333333323734656535633633376634393566656432326463343038303034613963
62623035313665333136336461386564303132643663633531663862616430363061653236356364
65376432646266313139376331363561323337343335366234313863376662613233623764643966
38653464643036396434633365333265316264333462383636326461613637356236613538346537
33623032646465663931356534373837343933643636323164363633663662336634353564313837
36666138336331636330383835633435373366626164643130623565646333316631383035343332
34633064623962646563326661346165386538376138663736356635386635383761643839633234
61356562656635623535363938366639343334323064666165636366633734396465326137323034
66306239613635373064343864623830626539376634623636343366323164356335326230383362
36646563303637666633373931636561313564373538353334656261633937393138613539663962
37636239613532366433643862373533663661313762313433663634383461336464316563316338
64363238323263323534303837613263616239306332366330613139663831346633646563343862
34663564393733383265663965396565653834663038353065376634613532643166386638383739
36613239613136663934653237633031323335356164646231313930613662613334643338616336
36623035646365613835333663346361623036646566373639663361366161393866396566343365
37663039363531656561396435626263383663396238616535333038343330366232323635663663
65373536363230616564656632356163613338346136303633613834656435663735306665363034
36333432656139336137393339333063333263313963333839333038373337373533326364646331
37666636383639613233303233623637306563623762613334653066356130306461373365353332
62653637373930623735613632373538643863653538346161353561353230356135376538623631
63623366386436666161343932633732383132663939623139363064643330623265346130313230
63303839396662363939333466663138316330396435303637663466376663316232306264323435
65303030386434313237626330373334376263376134373761643532303535626137343439393865
31393461343437656230646532316261353233306664326666663835343030373864633634393666
65363031633164306130373566653265316236386533333638666530663637393862323161646637
33353934646133316533663662643764623037646463643565623634396530666235363130643739
35313761396438613033346163373536316462303930623564376336313936303430666137316662
35303031656133313034396633393562663764306132336438393631363736323734616466313062
61663230623431393139313763306562386265646631353533363266663734363333326364643033
66326464333734666337393033613130663566373364336630376461306265313961336662353636
66326630353664616630306363373237313564336436366439363238353935666166393339663637
38323232353465393531373235343862663931623763303566313739386339393563313436356130
35653437643564376235303833353635303237393030636366633035323731326437653262353865
37356566393564613661633736313132643238643733333936386138633462363934663030373863
36623963643364316366656566313066353935336566343665306439393661316136313738336130
30636539376333646637643330313135663530386663353561306666646463376635356330313538
31386330383833326535653164376437356435653663303738303335626537636433336366646365
34316265623634343363376365346534356139313732326139663965336262613531383930626131
32396163303065363835376433653833626662613361646432613661613565623138663636373236
62376337333266343833653439313835343363383539646635656331353034663534393732623062
35613539633963343963633135323330313533386239373664316366396639666430383239346361
39323861346532643535343031623364383932333738643033636335333365336536313035306237
33643039383765346239323263373462386135303037643332346430613562333634306134623361
38636562653466633531316238346238323039366639383230373666653939356561306365636533
36333039326433383765663233383930666465613939653534333362626562666134373935343636
34316338303632643866383261356631396139366664393563333663396638373162373438633931
35333566386531646136313766343934393366636535343762613364383631376338666438356538
66346339613136396430373135363837643736666165396533666434326336353633383561303135
64346639383737613338333037333331356533626430393731653963383262333766303561656166
33316530303135333837323861316230616361326635626363653339353730646237396631623336
35366161616330663232376631326638643538643165316563363130313065343662616336656332
36316339326263313763383162643464363834633037373863383163353632633865333535646337
33646164333933636463343966313466613632653736306330366435323136333464633834346662
62326333343237346436356366626430353432666632356165333738313037306563633763633636
64366166643535613538363162373064396134396436316339653838326666306133386666663266
64393837353763663064353964633037353736383835613763336431336162323965343737373632
63363966393065373434326464376264313861613463393039383837326135643861636130613435
32373238316331386637313662336237643137356430656161616438626365613064373565383833
31396436353265356631303435373439656331616564356635396139636663316239353537626539
63373064343664626333383665396339373462353436313466613163393239626430623363356434
36333561616365373934636432316637373863306636653362363934376236376166376634373137
66653062343537626663396636303664636139616437323435356335363136303937653865636663
35373234343032376161353839663962366630633631643165346232366265343432373339613664
30333631373766383334616631313439646161326362393964353133346631363365386337336238
34383836636662663866363762333364613463353262653766346162623937366538376462323537
36383066323032643865326431373735343136376238363265343131393136396466386664366666
34636534313533616536636331366330616365366436323863333335613961333936663432363662
36333261643331313031383433643931666363373837326264646233306161616366363266636330
64376133393538633033643031303462363330323533303135666330633439353035386332613666
64616166636464343466303061626133376531643266643231326430616133363163356132306438
39636238643334636263646564313036636630303064646261386631616562356639356636303036
66636163626531353639613238613264653866303132343731646661303531366131623762373038
37366634616164623063313636306631613465346138373336666162396639316230623635636662
63653334363730303932393366336535376261313535303766346636663063336636383262616233
61393762333337616563316438343765643963356666613739303133393335316164313331373239
31613939613264373034363637623366383339353737396531306463653436313936366236336261
61303765373238363462353836336630643333333933356136636465366235356630313236363830
64613938396538353234376237653233623761373266366333663437353434303135386636663635
34663832393133653862636664323530633338313965333365613832636133323937333763316139
38633737643836623531363566626239656237393430656436393362366438376461643837343865
33633932656562653439386666613537626535326563353162653438303837656566383639356532
33396165666235373531653865626464656566333636333065303939343039323438626262363130
37383937616336633339303561646666376332633965393764633637333035353337613539376636
33323530376561393334393230353063613564656464663438396363376561336436643633656165
64313430366535653064333163366333306265666661393430356631306336633335626531333831
31666235353163393737353735346133653338373663613064653138626539636535353736646665
35653435346330643961366338623536376164346665626336323330386661613233346565353731
61326361326235646239373239626233663539616237626265376430383061306233363962303462
61393761313262366263616638353737353766303165393563326363333165616630636362303462
32366335663265666132356533323731343362346464643464333531346236666465333731353733
66333465353131646432376261656630636432363162663166663831613633343265313362396563
61656139316166303234626133373230613261373366643863383463356330383262316434386631
65343264653035386330366566623039666238346366643938666139653234326239353964656136
35333932363331656363623030323162613031653963373233333463306662386431363864336537
31626437383261653534623866306338636438613333646235356535393630393336326430336263
64623966303539653563313264353963646430643333373232353636646362646637396561383634
64386561306665303739323731383365393066636335643763316536643031366161326539623832
37336261363537356137353732306539663234323836656431363436643737336163396465306263
63383137633131643338336563306364633566303962343531393330636633633662393662383465
66383464613665303639656164333131343435396566633566623362386535373735373463386563
61383466386165633032643630613461363266623434656164626164633431376161626334353230
37633761353761623433613337646131613538383234336333653233323963663730613538373738
62373537316432396536333133643736346164363737333130313936326433626266636336633763
31356562656130653938353932393564393862663330326434333765303234643464656363623835
33353630353433316465363035323637373764323530356235356433643132313262343261386432
32323634373039613337623064663762643331646165623061363035303432646564646431363030
64633164313931626665356433633066623133363664333764323935386161636666633463636365
37333530656631666462636562626534663761336132346634323763383035653863666139353535
31396136333162366664313663613465356138333830323537393433376661626332663334653935
65616639616438633363393462383934373664646239393634373133633462393666663235613136
39316330636166393236643633363061633838376639343864653665323061626233666263626636
65333865633766313637303238363538623561316162663933386162396565663435343939343361
63363036393765376266343661656132656433333163323231616331626363623130303331363764
37326563626462653335333239383139646536646262353065666164363437663438333464643430
61326639353035393739353661396439303037356632666233613436346131353135636237333666
37633765383932383335656663646532633064363739336266383133643063636432363036313665
35656163663938316464326633306336636534643236313464316162343433343963383666366531
63643438613139306335626463653539643730323033636361636561663531396639373864636163
66656365353762386235643438653762313965636565366461313831623135356163323061343431
38396335383063353932643861653565633338366639353931663138323366643935333337303739
35363434316539393737326139343939316664306663313138353839363933353031386566373662
37626237316439373762393930656565343134643532303437373861336233386633636137306136
64613336383736373338353365626538616435653230313565316165623765623131623435666265
39306163313231346133633936643165363664633336623965366132376237643063313864643635
65633139333534656531626264313036336339623562666161663139373138356565373430663932
32333864303565356130356462333837613866343765326130346137393035306436396339373634
63613961343537663833313735623461623036376339336635383663393263303662396334666332
63643166643761333265393261346538396632616633316533306330333830663936353639663530
64633663613439323261666461356131613739633835313439363461636632613136663930633432
39366439393666633338383530666537306235653963323364613531623263643733363962646235
38346137343566383330633134343362616238343266643863303131376432636334623737626665
66366664653433633665323133303161656330343534646237633166656330616234343432636530
65633261383361366531356361656139346638333164616166313261333930393862383334313634
32326461393130616638383335333764656263396331313833393135353461643335346465313363
63323830376662396234343361383633333065303434353766346564623165373333396662643362
66326136323763653065366663356161666338623130303639663138333531353532366235343961
62363732386263666264323961623663656232613639323731663237646138626335666165623230
63336565336436666533616631666464383139313437383561393838303239346463663638626262
31343739353063643961636437366137636431646165613337323232383439383333376433393734
62383439646566656330663933653666653565343164303632633539646164366337636630653838
62326235626132313330383332303163353363346636373562633534633161333134373066333565
39343965356166613230346334666433646261326462646536353063306561636438303465626431
39663238323737616632666432343561333337313766306438393536636165643936363365326239
39323230633230633035353932356434386566333434656339613235666137663531363034393631
66326138346230303338653038343337623130626563336563303732333564326137306463643839
64663638393233616165303138366465303733336133626466323431383463346165343265653162
33316238363432303131613065653139623833663264343137346366663733386663643139653066
37616434303461313966636531383162643061666366633832666561343639616631646266346639
30306434333432663964356162663131336534633965336330633436373761356435306337616532
33303464366138616663316562636233316239666162633863626463386432626535383565613834
37613938333536383137623936353736626564386462656662366133623631303262633631326438
62666233336233366161613563613262376438316338373562303939343433663963336463633531
33333262353035353162666465346266316636633466363334666533356433613036316530663061
64653238643862313434646666303232643263333334653661366233343963643363303133393761
62666463303037653436636136633865376233363736326431353934393038623732666466663637
33646561313163343836343139393933656436333661353037343539653461646534333761306238
64626564323462616631633334313936353838613035313763663762333764333636626534653834
63643539316266343836626365326232643664326632333833626639643236363334316561353961
33333866306265376539346330626366306565653863646162343330653231373066316363363839
64383165303061643763343231323865623939323139353965393162383535323137353731623866
31303030316630393261613763643466616536303230333263336339386337363061386531323836
63333434396165353464356230316436393637666563313731316139386536623531383534613562
62633734323034326565653663383266366537396432303431303966383230653033383130383630
34343435396265333638303562343136623335356661326561303136323739336236633035383038
34353634646632313365326462666664653033616463386632393437386237656532386331353738
65653938306438346431376665326466366536623031396166326465326366643834386233623137
61633831666163316235643166643464666565633636323662363339613062383432663962633039
32613165633665313635623464316136306634326131323735336233363431336361663838616232
66663332323838323535646231613430323063323765396637313961666161363238393165303330
62643633353865373835313839346534313639656262366563373436303062623633313766653936
39356464636230306237666231336439323835333836616266626561613636363066633063646565
32393962386362323135333437646332653435663037343532623337396638636564313136353862
66363432333636356162326530333363303337626562373434366166323362653438356434323764
62396664666233613332333531313563313266386432333633656333396461313164663962656630
64363461366261626561326230376236363463613130316433326631653461313838326361306639
31646137633563626162633632623462353963626136313434663365323636663664636264353363
62323636636439613731316339663138386461336430376634323035656365616632373938326637
64336434303139376362393464643161336631643838383234613638306134383663313162306666
36316564333365623265366130376266333934303836343530636264383633623037613766643062
65343536373862663130623234363933323731313764666563323666656532373065396461326163
65386332336365323061343835653436636265393336646662643066613833633433356633316635
30326330356535626363343335366331396331316436633837613065373639383833313532613739
65663037393962626264656561633032393064336236363733643834386564313063323963353561
34396436663036643833316536663862343437633065646661613537613737383534353630633034
33613137343337323461666466313935623838663936623032333036326335363936346132623139
35303939313031656363373061393065326434303530623834363163323236326533643666633165
64306632626539383764643131636662636261313062653436356633613532666230363863323833
31393230333737343266643334643762313230633437353933643738396332386662346164333165
39303433653466386233356662656161653161323662393463346262623130393635663063393330
30623863663861616234663634343737366539343639366165643638373864326662663137316661
33326637616362313437653632386534336161323864353834353636353938313263356130653037
31366365386332313966666332383039643234356635646430383236336336633933613930303664
39343833373262333264343837333236333935666232383161323764396336613438396631386132
32316165343834633263306439643634343830646234313761633135633663393666656366336561
31316238633735633933343932356365346338313165383166656132303432343266353135303436
33336133376135313930323336653766393130663738383935623166623836343066303362346166
33333935303238393863336565303035303732666232356338386430643962653138363236306462
64376336353363316330316262366531653661323661643232336435343638393134616365646633
34656536636264333231653430616332366631646661363139396234646633646630613933303161
36626633646361323665333366306638323032613531643666643861633935383466343836313531
34333937613235636135346464333737336161613566643437313434376262313866306530343539
63653638666630363565653131383730633666303365333261646438363431313263633233363636
63333831313665376561393835313932303866386565373232643231343036376465393166383633
39376235383562323865363865663266323337643635373734653631383532616365656361396333
63363639633134386335643334383730383838663538643361616438663931663633356137323365
39333163313165623964343164656632356632643935613930643938646164343836326136663938
39323066613138346166666633376365323139386637643063643030366139393636393931303132
36633734316537326539663134353764323230393334616631393130623562663139333564646637
30653263623336346234653135333264383935623265383961396533633838326663316136333164
61303834343263343031626334613337633964303639646431366230366631613832616465613530
38306235613339303136373235633937366234333436356364383730336634383533613365613735
34663232633836653333336139613137633964333538353164336330356661363036623238636331
32643231633965363166613831306263636437363232633339623231316662643830656433626430
32653337336339656231653234326565336635666133306263623135336163613730313436613664
31343764386161666332336161386561613766636665656432393133363039343861353336363764
32643164646530653631383463646165636631663537396534383562306164306533333237336439
30633231303137643037366435303764313935343339313062346437363964616233646335613131
63653966623130656138303865663566613039343666393237303331303737373133613635646262
34323138363032646162326365656332383830383936656532366165363135653632623637353033
63626535343434326465353961303930366239316265323738313362396432626331666539323032
38663732373436333933636132396536396134353738366461663132346434366632373334303866
63643438326561373331623034633131373066303836326366626463643362346566616163666262
33396565646461653236656666333530336538383437343134396134336162333939363565343738
63623463386161396462613232333561626137623133393134376430343237633963323137383936
33306437623865363336626638623232356136643639363135376232333334633239623361636235
39373336626538613861626434613532613435646133663736633738376631353638333230366363
30663234326435303133633763346136386465393734303661396634396633383834383865313337
35616665316638626162623639613239613165386433386331393031383065643336393739383137
31613431613632623637343564616336613933303963363037636333316261326637666162623266
66333064393438363634616561386263316436613662323932376564356130346263383661646263
63353366623264306338346461633431656462633530366165366636393139383762656366323266
31373865313638393866303530643930353861666362623732386132616433343366333162653561
64393462616463326230623038653133313265643063363738373833333234613330653533653839
66663137363661393962343063346563653935393234383366346234303636313932363134643034
36636465663963353261626166383164653431373433323464396561393566626230306365633235
38353434396236626666373738363530343531656439643632616538376639656463643637373539
65376431383935383634306334633334613039353065656362633163323462323236396433643131
65356539333330386265313638393064393934633263636566613339663730353162353239346634
37666464303166316165336335633934623365393731643233613338306264373063646634373737
34363732326432623637633436343964653265373831376562663338373937656265366637306661
62653432326531633336353632366238343034393763376565333166346132623063323432646439
32363930393665663232363136626538353538623130313864316362636532366137326537373766
64323366313434303131653566623433663163623461613730396533333137303133353233363966
36653537323739633730303261323034333031363530623864353434363963383531646665653339
65306461346561666631616531613430303164656465636332356539613564396632643932323436
64653863633362636662653664663038373031396535653361616665303264393862623534653939
34326466383033333765396132386564343363303833383430346266666231323438623733393362
63303732396637303532333361356630363530613866626563383963326436356630313134646264
66633939626262323339663032386262346163613165383465316132326362353764623261383566
30376537306630373530303366383833373333353361643637613235343464373930343936656464
30326261613037616266383735323766356330336632303839663964353630316639636237633938
36633137353133663935373364323237653564323865386362343161303366376163356330633936
63306139383133653164323234633662646332326466346331326632653565653564306561623639
36313264383435376433626661326234373935303332393536623862356263666430346365663230
32373631653662666635333938396530356633653365633939646136623937326430363934666466
38353535383264643264386464303331653863613131653339633835323232313866353430643638
35666462656336303164613936316632343932323363303561653036613830366638616239623463
66643363366564356137626534336339613932366535306431326266663064396330376239346661
30373235306138393434323138643334653061646132643032386161646635353436613032343739
32353434356238626562363537316438336135356464383835663034653939623466313763333033
36383261633466323839623862663166333365636566373131376339393964373064316532326364
33333065643332333361326266663966393130356664353136336134633030326235396239356138
62366335626330633636383834376465363438303237333132323739623333316136393638653539
35646564656632316363666134363133666266363761373636306230373763373637633966386164
35303238393365366461636663633962313133303631393138613936383236653834373737363135
36373461383031333833626462653935373765633838663866343031643865356161373835373333
61313332636535366531326637363364383462383137616462333966343830346235636165633937
65653930303463333339633531353133363462336231346563616463396230393037636133656430
31633665633266363365323832356632353333656639363336636530376134633837663739663936
33383736663665636239646461326137356364653865353137343031343965643364303434323932
66313565663762393237643738636532643638343032653866336436316233336533393331663366
36353135306231393134366564623932386663326337326561383830613436656165616662363138
64636431326563353761383234326364333864326434343032636466346566316233373132623464
65363562633833383965383662363562663039396532393136343635666637653463393432333039
36376334643739333334323934663366396633616263396234333739303535376437333836373764
3361393336353737333634386135313234326233633032306366
