$ANSIBLE_VAULT;1.1;AES256
36363536636435353134356530363062366232306235333662376132326562316364616466376130
3239343565343166343733623535356262393564306666340a656334353763336337363331373030
38306131303466316162643763633331663664313032336164653338656633316630343564356638
3263653431333831620a313864343034316237616232633639373166333464313663316333373832
39373033356337616430373364383535643964643630376234613939363833356264353165643663
64336265323838383737626536646462643663383138636333356130356339656539646162653331
61383835316638626137356334396466666364616566613332633361306163663336306163333537
33346236313566666631323838336661303436373939656130633363303861346234626333636137
66646334666263613763643962306439663939363464343365633030333861643034646637306166
37646264656466636233373435366334393138646432393663653762633030303230343636313532
61306330613735383862613932623831383263356437393266346466323938383632653230363866
30383232336439386665353366333066393264383563653133363139376361306531663731363966
31633961313132643463383830353964306564326334376634626537613535316665366235316361
30366665346337396362626265363939373731363166633335653362333835643138383765353764
30393737313065346162626335303766303466623862346161653939616266373163376432386134
62326161386333323962613061396363333132316334323534306563346630333731373265623030
32356633653261336365366266346534656466333063393938633430323630363762326435383838
38396235626465376363353561386665623561373963613134343365343837333162653934343265
38626233336166396631613433616132353236303662373437316433326266363937626134373236
63666163303464366635363830343762343132366337306231346266366131643966353434323838
30333866643430656433393361613130326432336633663464313638643162316132653062303066
34353462373961333838326232653434363163343237366339306165623331623463613861626333
33633733633536663164326339316333633766356631663631373661383439643336383662363364
33383639623864383637643937633334613836306430373961633336363432613133333661633633
31663439623464343738393033366162343233633432366339626263373431333139616335613835
30663762336130386464316363396438366361626339383433373931646438396363366239376636
65303531343037396434326635643139626266353439383336393166333363643230326366396238
30306664613734393865666563386537643866306664653762373131663334643738396237636536
63343431316364653965393433663731646563656432343466666462626536643636366461616364
62616462313133376664366263343234336532363138623663346336393035326336366131346431
34356532643463633839306434663561316133366263616638646538336261623363626630333466
34336131353538336439373237343964666562653832346437633033363764303030393665343730
34616663616364376634396133373664616134653862313333393433376535343634303232373334
32633939303235643130643534663438376336623030653035386434353937396331643962363365
66383930623532343066333233316336333763636366613739633835333339623266373338626263
31646138353835393139323164396663633262636134653362313336643834656665373531336633
34653839666561323861386465356533323734376566636136663763636461393361366539323231
65643731396437396535393065313932396437643935383334623338306466346536313431303238
63623636643031363464643338326432306137393632656439353463336239333036663038663763
32333361303934666134343062656433386335356164303166313636653335626236303838356666
39343363333766333763333261326235633533306232383035356333383563646261393235323034
39633638353037643935633237396264313331666534653034633932353538623765663530656363
61313962376230313461643465653933383834363239623636626530613233373833316436386633
62326562343065353061656661363736623235386430333866643838636539643131306138663366
35383964636631626566316231316163383163393234636233633364626264323034353933356665
35616335643464623663383638653262323239336162643963366636343561316264393866376630
62333736333738623832326561373862623365666635333365363235313864383265393430313863
66653731383935356330633939346565623065306565613237386363613266636163653935623737
31343839636633623637643239626339323637386339353734663434343639313835356435346461
37643736633631343966316463353538373934353561303466373863663137383331303365393730
38306134376139343939353436303462613765656464663432383738306130653737623665336161
31386430633863326663663333616431346366636337373431373933386637363136393835303662
33343462623231386664613935663635396231396130633866356563616337303533626338383734
38626662326336653861356639366239636434373266333434396439306237356663306538366531
32393733396132393930653837373761336634393637326432336130316562383433323435356533
63663533376130346632643465633731376630653534656532356336373233646233643637373233
34666134633065363864346131313736366263643132663233333637626164336435393538373730
64303836343137373030633866656339653238393564613232316337386365393466373939626231
37323130613233653366343665643661663861356435323639396166646261333965346539363133
61366165336466353932633234353263376230356636393832626463363231623663326362666133
65646331383239643534623535613133313336643562376232366238363539306538303038666166
62656464353932663561663636343662343264316335313764323562396665333035316536306439
37393531333535393831653339626438653337633362316237336433643964373430383366643730
63656661663366663539636365393732666639626133613733376562363239623037313235356565
38343234626634613638643037346266356536386563363164376163313537306234333231363437
63386638346538343963363638626135666664613331343865363736333838343336333639383765
61333364626665653231333765373234656230633434626565626663353135613035356235303033
33336565323231626231663837386436623531613564336366653166333332373633653039366562
30646263623331303565346335356566306361306537336430316333316261353538666138623563
39373063616333666236333630313139313432326532656164343561616539643337316662613330
63633834346330333332333033383732323634626138633363376236643561363563636434616236
63653930393232653133623935356362313734623134323465376231623235323164636336333737
36346631656237613236356635323663386264653437303733396132346363356366633765326366
61663332326136646332336434316637643234663839616165346530333831376534333163396537
61333964323566666464386639643432303933326133343263333333303065626630393337626165
30326332613532393461623062363365393833353532316563393733656431643665616163363935
38323138653039366433366666646162393866313437306333653865643131623465363731353931
39323965383336313663393465633665343730616366613037356338316463326464303034336435
34386161336435626537636332616335353233343535646437663461643838383030356535643663
33323735346435333032386661656365383339333764396562383132366666383762393239613538
30343436393566636136373731363131346464646164313730313834316365333232663665336535
62666265643734623566353831313130376337346264636465656335326533316437353337663034
38313561303564323265663161373862353939303037343666353566623862623066633363616235
66616561663933393364386331383036623930616636323838653232653337656432656335333565
38616264383434356234346264336639393932653437643437313266346330616265626335383436
62633737343936656233663064346235363334643531363532383761376536653562643630376333
30623666313331613834363137313265626332653461663230616139386638333337303432636263
32366138323462656437383337633236346338633163653535633133626139616563316562396235
32663633386136366533666663663536376466353138326664636465343038313032353864376233
33363230616537623537343533393463363636353736643030616430326534643432646162666437
34363066313261616263356438313134663931623431376264393234373431313037303838646139
39326462353739633832353835656663636237643161626561623134393331616235366131373735
36613734333638636439366130626266643764666164373365663736316631313361353738333061
30613835643738666332373665303066363230353464313663396465356262363964646165316463
64346437396531363561646261356463623331346433383135326261663233306663326232666334
31643137373561623839663661653731316130316235643230663533343263623466353032653831
63383736663130346532663739653965333261643566306434376435323532336638313136323865
30656461666666633531613138313736663837316333646631396131656536336634343038353162
61633534623839323862616334623365636561373839646139323238373163616236663366663532
63666566643731373137633161356438323637386465396134643531373939306162306439356665
34393434356330383863616138313639363432646232366533633738326461656336633961623061
38363837346636323334323239333334353431356264393437653165643564346162666435636363
35626430613334373732343634656563313739373765373264666361623838613638323338393664
37653837346531656535366235306663656632626337653939633631313462656336373437646132
39653463386165353430326630666230636335306533626263636464376134343539666232386630
66333366316138336238383438316237343566656434316230663135396335363339316362636333
32326364613533376439336162616633666138326162323838336237386330376564646363363635
38323735356464373632376636653265633034623663396264333964326161633638623238653765
34306533613366313532623834353639393263616561656265373335653635656262383465616366
33366466356664643532636130336230316361623263313530656438336163666666666338303763
65373164633135643962663366343536373039323735336335303833303561623165323261373735
35316465326166613130333032646535323837663834643339393761373432343830343539353330
32393830343964656333616534633561363363393631653032653263373466356137363939356432
33376266386331633631646135613731656663633037323861633435663931346666333536333436
39326639306362336138326631333166646362656632383633303338343465373532616364656461
37633035386639383636393762623930613032653564663462343861656630383536363765356162
65653936646137663135643966616162383439376132623732633062353861353462396231353435
37393438343435616462626336326635323663303637333263383863363661393039646532316133
64366636323833333535376465643930356135376161373539663331373730386461636639656661
33633965626333383364653932336238353531366163343233343130616636336266666533393635
33333530363136366439363165613737393961306539626638353939373034336437353536656436
32346633623030373035366333633432313533353932356466623235303665393136333539316266
34393830373161313330313339633337363539626336656131616531646637366162313230383332
63333962383233333861663363613039616231653635636538393339393663626665323962346336
37393361373933666261303232643764373765666465396536623865613864353633646132323662
32343464656239336336663865303662626538373432356132326136393861643331303636323630
61653434386531393661366463383836336262343834393865333963316639363965313930336334
37353732383264323833353834376362626134633161393130613262396265326161646435636133
62316266306363616432393865376662376632323562346462373537306231326136303534343630
32356663613032323464366535646436346135666434396635666665643339666236376463623265
36373537633933656635323661363364666364613862346163613764643536366131366163663965
39626136633963613635316238383830336432316336643131316462336539326636356337646337
37633966656630346563666131336166663639363130616332666131633265343531643134343133
33363362633933633732646462333938333233303062633331373731333536396431653634643835
61623862343731616636323833383766636263323931396534663731663134643137323738306363
37623938643430623261306139383636656165336436666132393634643632616564323764376635
62396661616465613930336439653733646261383066653764343430373836336262643936303438
30653935323836373261333934386133353131326433363166356630663435373035656134353739
39393038643163393862626161376262373533353162643632303632323533626562313564643730
32333761316432616465633266323937663233393838386436386237616266333230353433653035
30396432386630346339653161316464373265353932626233623536643930383833396464663961
65363662336534336236343464623336383863353134616161336532633438646661646162306363
33323766646639346466666131316333383934636634323931346439623266333638323963643861
38383330343165346163363936636337363433313563393231323533313139633532323234646637
35666636393132396237626430623231623466333265653065656131386161366464393831343530
31666232316230393338386238646332393235336164613064636562393663643637613833333165
66383162643239643730306366396265653065653862306433343239386336363831373632316164
30613639313561613735376531613965383739303666666534653832666339343031343237643934
65323261613030383139396534616465653966316239326436626662643732393434656262376363
39373539383234383362626366353233366562346439383330326264393163303531313866313136
34373137313230636131343139343464376332343138303936623761366430333039663166353630
38626331346364316261353262666332363230353562656330313265333466633330323863396532
37333564643965653963666133323038613264356663313935313634366233303437333939303533
63643233353536373566633732623635373938376630633538393333363366623565313463326539
37363637393135613038306430313466306137366631633134313434333262653135643938616133
36666437326637666262623862363966396330636536383337616333613636666331373839636534
64393365646333313437323139363532386236353633623839633938393439306233306337636638
64306132643464613964386537383763346239383464626561616364343766313834383665623034
33343536313864663836613532663161636131303362326334346163353461653237313636306438
35303930633263303137303362363461376361376138656633366134393465313230346135343966
38393338393934643332306262323634333335616365353637393639646465303531346562333832
31366436393736616461383334386437396666353666393534383563663836623266616338653661
36646165306437303364336661363930376131376465356632366361623965386466646337646166
34626432316336343633373438306537346133376131666361383734363937326134653563613865
66653061616266393163323764353263303434336338303962653538656133326234306332313666
62366431393435623134323437356331376664363361396266633234646132653465373365623338
63636231663763373937366631646366343166613666613162393236303861376431623137303965
31626161333433323734656463313537613561336664303339643562356566356237393636356365
63646631313932306164643236613837306635383832313166323364376564633231626366303437
34346237383065633937343361636433643338663861373539323830636638303935333766373433
33343765616334376435343834313435386665323938626437383238353933333566333739376465
64353864666534613132336161383538656634653931366630396166343732336662646539316130
30636535656265653166313037393734613861326333626238616533303664396632653965626565
61333263333737353634343231363535323530373537623963616338303031363562316135343335
61663166633930376536666439653061613663386539376638393734393439323439343766383862
31653231383766633237616230323334666666666332313464643365373835313938363530313632
38623434326662643364323630333131323765626566393632626361343265646437626235303462
61636239373637393562393338336465623663336366393962353134393430306437373233643262
32326132373530363630316164343665363865623230393332366538646664636138633930653461
36666266333766383132616466333532343562336561373766323338643265396630333632316339
33323830396235363464633638343334343732333763303964393464613266633062616439386439
65653235363962383162386663663837623762383237656561303061633137303365313433366632
61393134656331383839623365626537623938383865623134626236653633333936646231323637
37326463623636383830346435333066343230343861326663316133663038666461656333643464
36626562353838343130343164633837613731616231623535356338653239663165613365623061
32393531353962323333623136646266653662363632623032343433613336613737386435633633
33613462306533623232383435663533333931666639303433643463393464353763333736333765
63326362613163396464663634313035613039386264333938626563633164323934343539313263
34353462643639383435373266353236303864666539393032333838303136623134616631376439
64353833656532303166653237363330373361343537353763636635623135623163393265613062
39386666313336303062666239616435316438633662633665313465663730633930633931343238
64353539363534643833616633653539616462363561643039316335613931626239613731636438
37656432396234383237393636323563393365356431333634343465336661303966313832376331
34656562343664333463333438363966626361666261393836336637643135356163316665613034
37653036656437326539353733393265393737653438643637373139653366393235616131623537
38646664363733313531346132633932333361336666393731333661326535383733373834663064
65376430663064623837363033626138313164333131376430393462383530653231643137613535
30656538376330323732616131323538653038633539376462623537323638636531336363323136
37643462646137643831323731393666356261393262663566306635333938326464336432303764
36363337616332633832333966393663383035346338633635646561653862336530333938363366
64343162613234306262633061353061336564633665616533616430326130356361613633343563
37343061653063363639663263613265386461356630623235373364616361333865386230336538
30663362383761353237393964666533323162376536313036396430303836623139323430346661
37386536633637383133613231383665643038373634313534626235396434643135336463636363
66626537303239323862626163633539383537323532373239323165343536616232323932653164
32383237363930343831646463653137356332613139326464313366393134646632323037653665
64643931316230336365353430343337666234623339633538363236303862336330613361313261
65343139626533343438393238613834363137383136636237346362333462376566316364336131
33363134653766393536346266373737616136616234363566313865613435373161656163323664
35333336303239353938376638666630623662383664376264383765313534653235356261663537
39333565303238663838646364646263323932633763323961323930393832306135323634363136
38643439343663333136393265643838333132313134663030323631613963633262626164346330
33386230356134353032666638623334383331343132386535393235636434333563626132313732
39356465643238333766656233353934363866363865643834613332643137646666623434313233
61343038626463306231396335326133326265313533376336613337323237633532363364313966
34623362626637313530616362383436666339366531643764616539636265386230653235623566
33613663373663373964363265613036653364353366633437356364623366653530623332343062
31376637303634343637656438623538393735326432316361343137643434343132636339333236
32306637656663323033346134326562316538643933343932623738616566353035623763663261
38663465336435363931653832313865633663323235656132373239396537366662383834316265
32346133313134323166623036373266346565336337653733323234303938643065663563323838
64643639303639333431393161303131646562303564333437373138313736616266326138626431
33343234363636396438626266356536343634393564663435326435343463306335666638323331
31386366613265643864623861386132356539346638643334393332346365353334316262383335
39303536383539383361653434396637366337613161373630656336353862333632383938383761
31383333346433313539333031633937646434616539343834346636316163656162323164323532
32353361353965386630366262343630663061663936643462303337323036643638643863366663
35356636316332646336366236613365653632333661643331336531356537653337386432376563
33386533373263373731396266623330373563653630616439326433363631346130323935393830
63366137653261343934323937393964613062303332356363643665646464323834646562393230
66613331313363616236646363313236613433343932613665383966393638356563643834353639
30633433333430316462383638336235643633356465643839303435613736656331656264613531
31366136363965313430313161366162306332366337653262343633613461376532383231656230
32626562383339356461363333323666663962343863323063623935393932376531336332656139
65343264636436336135353061336530623233363633666564656233373664313239383964336163
37353566396637636136623465316562316234353262333734663730643834643634623932376439
36363330376566663136636331303532623430363037623163393661656466393733303331396164
64313334623461313831623437316434316639636566326433366630386266316166386332613964
37366531376432353539666262376535656265386339643966346461303434383133646139663836
39313237316338313139623838306430643563336464613838306564343330313864323863383234
61393830376438623966353833383831316439656163346363633863656361353738633938623566
39663331633466316462373765313036666237366538313631613435633061363631373630343335
34396532656138323637666566616666343064643039353331313034343436643031653064633031
65393362383132613965633530616566616436663533353963316136316339633239313830353533
37653162393638613933373233323338663134383361396234383035623064373030326637313330
61623830613865373937363936356239656237626331396632663432323233393439353332636538
63336139323762306136346661656266323366366234633565303061663966653537316533313030
34363466316364346332346435643239313263613630353663393539376636396133383139643862
31333638326161643335376466333030343064376631666263616661363362376665626438616332
30376637366239646636653930643766336431663130636434396634616234363138313930303534
39396633393438333530346431613936363361373334626130636530626439613961356163363834
39303836613363386131383638653266323334336233646634663862376139363139653137326365
39306262373363613331633732353264383361313463303237316165626133303266336434633933
30323830613230323533653233336135363635396634366330653637636363636432323165623430
38386334663434656165336563313331646331633239313961653135386237636535623963623032
66366461316566396232653230306436616232366266333761303239353938393336376332346339
38336439336563383039306436653139393636306133646134613766633537376561373163393632
36333433363133316462373636346131356334613236653238316330323966346433663732643731
61326663323636306338393866636636336262626531643332346631396339643061373037326464
66343931636661393634313130313139646137386661396162316361616464326265643038613038
64643634393934663162633966313464346135363636383034386461626263316262663739333538
36303966363839663734326639616533376665626136323533363432646431636631346466636130
39633263366465333961343564303263353762373435356566646562666239646661616664386565
65316530636532643332346130623865346632393731316563306239646361666232353838623530
38626464336664393636366166373738326139373735653035333138313230643539343937356239
36303931343662646361346339356365393237373463376331656631353135626634363332383437
62613039373863643833316230643536616635663733643865343836323065653762323230663961
37363435626534313437356332653831646361663439623534373038623031386464333764383939
39396439366666363133666365626361663736633631613466633735343564653832343963663364
37656638616135383737356330346561653466396234623338326566613336386438626531323065
31323539316636623535306430353230333733363461343133383036666231633138396130393835
38623636373132303731656162303364393032306461386534303463633565333736386564343966
66663463366530633136356231313234343765306364343533303833383238303031396432623563
37303336396232373131643834373635633864313566376234313162653265633438343436363637
39366665666538383632663230346164306532386331663733363135306234636132303962623538
65316636396135396530323563313337383664353465323662646265613430316138616631333133
63646138646138623431303037386561336238646462653864346631383730346634663335636536
35373430626334353964653262393239396163353264613665346130343635393234323638323063
65393861643436386666366630333232376135646364373233633233396338663930393538386532
32633133663264663230653931636139313862653265396338333362343965346662396437383637
64653361396434326233623362613837363037313562366165396538323861303831353862643637
61623431306366336261373663383863336539623366633030633763333766616461616264313865
33323534643138653837396133343137643961366163333361393362313831313736353863303363
31323437636436373764326531666331303862326361353064613935363361653035663636313063
36386334383839386161323664366637346233363264326430313233376262633464316265343737
30343436613438393262656231363365303131616135626635316338653438653639343330306630
36666136366633633437336665393339656661666639393635643930613663623866623332393334
61313736373330376537633664386261643638346431343732626231306663313338663364323765
31636131393465336163323438633433336266356534393963303765663830363735656534613162
35306331306562303536633764613532373639316534666235643134663561666464663039323861
37623931663033616231346162656631633430313664393632613663643934323238393365613739
61313866393261346362633037356366646465393034346466363135363537656361613165636166
62656266353438313864393366623237623735383363656366303832306337633539656663303565
66346561373066646434626164666264393165376539353137396438373163373733323937393430
65646131336531346465613934346463333334363630353035323932393962643363626365393864
64366439386636636236313661363066663333623838316233646234383638626363636664386533
33626162306163303963313830363366353432396166373063623531623933383333353261336265
34366465353532333539333762383232373936656135653335626539626134393861353038656137
34353961613739366663653837366463613635613064313164316633363337633438623834656166
66386438653631353237616265613932356539363661363630353434373566643162393839633039
61363732383165643863396439393830626637303137666232313437383539343438646230653730
62633338613930313038663037616230336537633961663838633538363561623934396538363035
31613832393031306464656537616631336139303737306138366363373866333562363465303564
62376631666533373962623062343061356137326566323261636361393633383130386362653739
61343065313830666661653736616662323939653136316535373832646433653464333431303331
37646564623565656438623762636539653330386633383166313136396433333166643462396439
38663463613635326639383262646561616532666635323066373831663835356162363237343462
63323463313066663530643365373135623239313332363634346565653132623439356638313032
66386637356164626661383231356132303966306533383734323964616461386336333835646637
31663036333863386138353330356630313035333032383162323034653931663663396330343834
66366134363336323437316530353731376435343936646561643662393161663139646466633032
61636166346466373730333436383763323562343535306466663636393936313830316334626364
39363634656464386462663732313134663865663231346433633865633930646431346334663361
39363963616236326134326135646533626462663931623639643836303234643531643133326531
38326165636537643537356638303136383933613066373239633535303338313932303962666563
30313531396131663132333930323136653764346231363138643334373561396230643961303439
66643932623939633733313563313735623839633162656233626236323139396562623562666535
32613964666534653264623263396333613863613133633035393832303939643030373937383265
62626434666533633930373334623463643762323134396432346636393962316165643363373564
34343839326432643165393232396330643031373266316134386664643034373966396638333732
61653234636136373864666165646162616236366530353935626365643434313933396231616537
33343034303436303864316230323730386636386530326364386638356536616338336463613264
32343531353638343164383064653739373233626565326431386232353965633239633132656531
38366134613866636336346462623935663766663833666663373464356430653562333235366239
36613363323036363862646661643238666664323038363933663264386336623331383362386133
37356338343334663663393836376330333336343061393166636565333864376361663032323532
34336536316361646661613338393136303739626532363330363363303731313762623231636530
39643437656631653963386665663630343966393133626533376266663435636132316165346364
62313964626364356235353235346135373334633866626330613239623264333164356130316261
37336164346365363465616563303362373735343462333234386666613065373764663333343037
37666539316630353565326161393932613663623337363365306136373537336438353737386361
66333238376633336534363432613935346533646464316637303232376134356463326231383930
31303066366331323165626338343039653032383431376134373964373362333330303535383762
37366633393261643132616339346237653566326132613262616231373131303832356230303532
39646630613562633661626233633930333562613635366233616164373637353932363232636633
39333138363038396132633461643030356335643834656363643035376538353661656465336266
34323533663462666435613931653338336538326637343231626530346439653838303634393433
63323932646362633465343666326239326437376363376163363635333163366564346439653066
63343834363762386661313565663730633133656261333239373432643265663862373161313738
38326563316130393463336236643733366236383236623633346533303066303837616534653835
36636562376161363035353439313463613239316531663064366235373639343130303064653431
62656162633733616264383930313062353865656166353433646330633761306361383063323639
37656263633266613765336539353632613334323938623364393234316330646336643165643736
32346233356332356336626238636266663936373662623931643531643833303438623331346165
30666138653864643365626333363162643037313136613432333334616566653437326366333932
61666363336531613234313439636466633037363865356661326238636439393366633333373232
61376165653630626535353664313831363363336235386138373661333266663765343139353839
64643839386662633537663764303531623039656665623763613562623361343161656362613161
37313230386232336363353865333136303062383161323131653837316265376432353663626331
64626238653538303963633966333439306562316633373461623333316665633138613132633862
35366533313564656166333966396432646462346137373330346436636463343966303762663165
62336334653764383164646263643064393366326437393632333337353237353766336565303130
30663662356431613431623566316137353063346539363738383139636233373132303063383934
65346135616365643635333266366165363433656132663438636462376335313437303039396235
31386663356666363565373633366163623161646230306334313265636661653534306530613734
34396332636564323365396565653137366665343631303031656234363733383066633933643132
38333662316333373632663235373661326431643963333161393264316364633339396632643262
31356338313830363565366534343462343037373332613739636266366535306430303539343637
31386135353136363730666236336334393561656138396361323066646263633330313333636365
35306230323430333862663339326430336664646663333437333565376530386237643166613035
32666166623034323739666663313761663830376262656535643365343530326665313262316638
63303837366363303735346133393463643134626134613434313836303436303663643832633830
64353538646231616535313261646565653534333766306537363562363032383661653065383562
61323833366333613433643661633665623139343533333537396639336232656230333636316334
34376437356564643231343231393863376538393036313234663866313066373965316338373338
34346561316164383663636435616463313734356631343739346166626664333832646138386339
65366234373637613631363564623263313161383364616538633838373739636130616431653161
31353931633336353233383663323932326337663765313535633463353930363462653931303836
38393736373937303530666561366335616539623637663262313063636265633861346236353231
37643332326262663239383538636435336636303261616363633964666234303235303461356464
62373064356437376232663866376638316265636162666464643035313538386165613864633731
32363163346533636334383237623738613733303938323365663938343232636666373564633637
37623433653361636531396436323231613062616661653434623337373465303331343161363435
36336233396366363263353231363032363037353831313237636537396138623463623737356661
31396566383236613062326434646366393565376465383734373535343837313032383830653039
33313162326236356130656365396564393734316435376131663061363263386561653066393665
65343565366134616533663662373766373763356161373230396264323262616536626338386535
65346561336163396561663364313731356431316534393832303562643438353332666635663433
32666263613564343138643335393663313033316662623737313962353162326466633764613333
62626161656562636138356435373635383136613763633964393438653637343861643362383261
36306663643431333361343136363934366334386265626164663161633634663935376636643066
38363231336532303136353931333236373030346462386562386438333532376339343832656534
30623361366331323865353961633330663331363831633965336630356661313934306166383936
37383463376337623965613433373538366133643663303337336632663131643937666333353037
36343033373235336664656132633830393939336635393766643336313638336464346265386238
33353337363063343237363562313336643161386535326165336137323433636231623265633362
33333232313362633330343531613034343132396633356535303136653265333561666661303537
34626566653636383231396266303934333933313837633362386636383766353830316136303732
36386364316535393633653836633362326434363632383364363136623534613438306162613066
66363335316533353863353161633436663738333237323436383132393036633866303930653061
38653330346666303134646365623166326334613966336665616463346662353736306566396235
39373831393231316639623432373164383636306439613734366664363864313932666166383432
61383664306462333662643538343237623261303838313232363232663766393331333037373436
38386130623239636332316661646232636361323361386662346239363662313439363061343865
63636364636232393832663536626363396434366566346439663331363531356536383865666631
62613563633930383634333561626130653262386331313832653636303039613864326437643238
61383031346330643437336534373638366566323132663836616536333736623162363638376138
36663963313462643835633735623963636639343636353466643639653766373039626535633434
33306438623232396366313462356339656336646130363433356335396331303739386139386634
30323262633061373565346362336461343731656232656539633833333432616633653530663464
38626531633934643138386538313166636532323235386161633566333839663862383132613563
36363231353463333536663565363233383236646636663765343931663932396166303236386533
66383430326262313938623638643337613036396430613630333863323233343635656230346439
63613936366637313564336464663663623461376131363464616632393430353532653334303535
30633761333932343233626634393330353463363734666334393561363230653530656562663133
30656331633632383337366566616430656464303466313933393864653932383832316334326666
61376133346539383336353131386565383236623963623735376263316162373138323761626135
32373232373032626135393862663463393966613436333634623130653938616464363631623232
66643865633036313539663239333632333537316565626462646533353430326336313137313337
36346239316363623430313337376339373862666162666332326133313637316338393637313238
61393932393639633832313266663937383132613835383165613338633637656433303230656533
65366639323337316438303562366135353265383364383237333337313530636637306436343138
38633030346237623365393961646638386632663233373137663661633161306463333235313466
36363864653137326461363032303232666439323738646562313432653762643163323430343038
31613838343531356365343138316233356338373530353935363534336536353236393835663563
30666163663762393031343933623563653263396435633439613836353536326337616565363864
66393433663661623138366165356362376439623737373537376666623930663735356531316666
66393633313334343534373761303232653531386331393162363730396236363239646232633830
65326232343135396230633063366138333766333466353033396638623061363962356234343533
63653864336130633032303939346433633435396364643161646561333330656433333931316337
36313566666637666239393065393436383337353862643432646331326639643633343961666563
37663635633135626535373635633464633863393234316562656564316135333462613530663235
66623536343731623437356366613064316431643261643830373564306163313734643366656261
35326461643430323936376465363930396631393232343832663565653937353162356462306638
36643136663535333461306233353366313461656538636362343564653364306564653532396536
33356662643637323036653566393365313330323432663532393330336330663063343430386333
32393238663637346638343038666438383331353733633336633764303937303166326435653134
61316233616633613366636234643564393835393265323732306663623935313364383362323232
30386461653430333665313536643164346637376665383336316532343734663834613761326661
64396266656465383361333262366439353235303665303230643339633432313762363234306566
61336132313164356461336533326332623133336536383132376531356438383731366338366339
65343264636233386632366436396463343034636436383362333539636136623030643561373530
36373765366565356230623037303362666164333363646135393030323430393938373265323936
38393839363563656565356636646632393038376633376137313934613665333832623063353762
32303633653732396661646536363731636438656632663437353138313765343637333535646333
30306431393663333638393261623132643836323862393965666661373465356264663761346234
35396530643131386534323237366263633838653533653931393239613433373064663134626435
33356538376237666437373865316639303438336437316163303239656563316531396130373134
39323435623234386631636137626539613064316534396463396638356561613061343063643735
38653963356438373962323066653965656533396336316134346530353732373239303739356539
32663934393030636235633561363364353934663236363737656237366230383963333336326330
36636662336535363764623731306337303532393466316266383338386363336564636162303565
62633331336235653162316635643136363364323736646139336436613163666261623161643438
66383763626664343734333561333165613664366637343235316232633439336230613165623262
31303461333931623261376561373236383762376232373061663562396431343565363133386664
36666563656130303663343364393562303436653135623430323464333336323234663665383961
36623465396166383461333030646565383436313965653337303238303463336361313337303361
63623530376633656232643934373063333736663165383139376437343065633431353333353237
64373335373137646461313836633466643131373937313035613762386639376431386362643130
66343132383565636262663234633665353733646238633364643133393633393637326330323265
36653534333932393463343232356339373938336266356539376533376162356333356262386633
36343665343538353863646134303365356439653936653632323538386134623535316661623431
64356535316232386431356630326138653036346434313264646465626339663831616266396637
35363030636633363138616330323631646366636133376365613633333832633337383564313661
36306362366433346635336366373634383635316463623430626434393732343632643338626334
36386532643332653235643635313839633561613932633636613663303633393965653465306436
30353463333039343030633134616364313362396131396264346662616136316338376635356663
34303962336535383861376466363230633933333730336639366466353732303039326539336465
33333366333266336265613932366536373331396364626561333832326634383139663236393331
63373537356230653062313363663134616365316639396362346137663264383662373833386535
34623833666562373862623236376138326564316361636338616530663939643734336130646531
38666135343437393066613433623665646564333935613231386134626436343164323938376561
64656563356536333232356365623665363063363431653239323938353138633334393836313164
37633835373266663439646539336230393537303135383034623035386632353066363530343964
66363833336561383337396566376166663039653139316263376462616136643638613266363531
62646133333435346630613232373430363236393863333136366437346161393262643864323364
39323931646362376232626366653561663838313530633964346661653930373532373533306131
38646262306538333363383562383964333037316365363339343562666563363464373463303239
30353235666338653230363334353665336636626135396535363938363838623132333565333137
64613338666162316537343936373439396136383832646631643865643734613665626165393365
31346637313538623330363135366532333162323263613538333538393166343633306663336436
30303531346362393364303939353534366437633466316432636463353431626439343063396533
30633233666539393130633238386238326634666236386134646632336630633863323937353130
61623831353735336332346333623131373532383961383863643635323234623661316135633362
34393538373866633632666532653634323733343332656237353336386161373838643330653135
38313463376234613464616131373535623837623738663262363765613564393631383336313936
34616562323964643835373265313466356565663137333236333336633537633138656536353832
32663261333035323534333564316536343237326235376363646566643434653739386233643365
34663132393439333761393563333261396463366335323066323436663730663461353633643161
38363232393363613866373432396366303365643662366332323233306564306530353733623732
63633363616537646166623038333033383036393038623662636537396435306635633438363134
34396136386463353662386332343961313861383631666365383630376466383438393062323764
61343862393263376430323437613535303136626262653164636131396633363863313263343231
66613431646362313338383535353837386364333938633531646630376566653861613361653836
39363664373864323437373264666636636465376464656330376437346262306163323538333530
36326366633861333062386536643532633736336161336231366465656636666133396539613739
30333964303337613935343535333966376263616631313466626261626337396536313333623430
63363434396234306533356431363336336232666163653336643536316363313733316134336538
64306239323530313664626364366436366461373236376635613532376266373630343931613037
33643462356630383961616436663561646538613232373939626439393235646432386235313364
30616330376563333930613761316463646437323463666234316134636439313263343834623235
37356261633230316164656566323861663436373333353437323663363961656533646139313933
31373539636465336534636633396164306136656262353963343561366463663864613332373863
65396132343439623761663465366439336662663130383464363834323964623134303262393462
61386535373133616436666636643132313737626365633435346235326466303933633964386162
39346136653765323737346663373061366237653931393835633963636634616163616639613762
62373139356263356438326665313961646165626336356139643135383263363263303435383362
65643461613731303337653866663464313138353432333266666465376132613664343330323131
63353237656232363466376132643130616135366538366561326630303732643661373139643563
35363132376666346563376362356130313935333166613961623630653637666466313365376136
35336163366634306235633334306166363731663232653563623135653033346162626466333230
33383930646565346633613861623335353163336361333731356661323063316461366239343231
32353335336332616139383035626338316363326137336231616632353935613336653361623534
31646363613238643833633762353738373837343333656563386334383065653938396161373831
30343234633634663933336630373163316438363339613565333632666233343634333437366265
66303937373463396139373365653836353632373265323130326133623335333133306163663338
39386362323263646435316330633865613066656563323561303561643735363562356231343432
36383962306561386136313937336166613964376261633835373863636265613763653532363234
31363536336436633335643263343264303736356333343934306131646566373731383039303761
34343636323734323237373535343432666537383065613363633865636331343135333637653965
30333836656261313736373834663038396236386664386365626262393430623839623661633039
35633730663230633433373032633437306262383733376163623535663163353664643737376335
36653165633164663066393064393337343533313637616537336231303239366233633664313963
35336533663337326630313463383731643934366438383038646133646332646264616536303032
63323433336331346264376266393330616439626562626337666131353863313466366338386538
62346332666466633665636631313461356561666566666430333830613037393538333937623434
61313562313662626337633065646337623831303034306632663165396166616563363666306636
62393163383062356362376637396436666536636633326461616139666432306463353365303739
65393036623562663061313537623734633166356366316136396234373366636630653464353930
38653462373234306639353236353365346139373430303764373532646361363663636538303766
33626330366266316333653164653536393039316666396136646436326338626239643338613838
64346132393565373632636466306632323631616139333734623536656332613137353666303934
66663436663739363539643336633534616137633831646131616133343133346631363133313134
64333963333238306665656664343932373333386335363861386130643761356466373436393166
35356465323965363534643737353539353561643033383638633963363338356338613534303466
33376637666266393763643362316131306465363762343366303365636633373162666462333166
63663266653065376161386466633738336565623839626637656232366463343637623463353630
32356666333862356363663533666538653838386632383034323639663566643131363836373436
32326664313430363734383136663765323264346465306635656630396165623136653138353436
37376536326238343132656534643364636565616136376437653134313739383139396435643532
62303132646434363439373130336235366430353464383166633764633635386263353838323362
39666539663332316432363938363937656239366566393964383563343631613636396434366666
31656134353134646232373337356131346131306137363962663730303066646238666263343236
37356538666266646635383639633532363535643664646539303933366430656466376265663231
30613430633630363233616431623862336433336338623662333234383830626634363234663339
64313264396362333535616430373764323131383234653364316166333666656339653933316330
66643434383035303865376136393733633738333161653166626466373333306534646561613463
36363033333861316337343737316534356635316236336635386263343466373465386230336165
61333736386235343862366530303832373638656537333834623835303638613034663062316661
65656663396530376138383661656634326537366437653664333234313265326335326333623736
63663432393630343238386332386334303934663961373132366134316339343466333737303238
65633565636162663066303364393737666263643734306435313762333131386235616634316532
33376136373239326435356137333961623966373866353963353539633734313138623930623564
61343765316365643033643761303533343135643661326661613261383836303562353538633338
33346438316338623538353934396162656262333237396435343134343835316434373437356236
32313936396664303032333264376465333765666639386331626137623963386261393033303864
39356238373535313031333433333931663833633130666638633964626163613763386138343933
39376162623263633230366238376136346566313761383261303630333635333563643338663361
38346532366265666432633134303637353561393438343234646264303664343364323934313663
62363432306464623739323430616535393534653933303166633962663831363262396438663930
31353830353963356131303661636135383232376336326566376432376566303831663165373431
64373862336233396331363561336661366335646139353632353063626463326230616364373835
64663038656563623365326465633033386164353236383131326662333135353337336466363461
31323039633237363234323938316463633061666130373038346166623535303261626330333439
65343265303438343532333035656134636666323432383865353366326465336236636665393539
66326261303861303563653137343939356562316361356438646362636364306561396365383430
38343832623764666536396430336161623938643236383436613335333830363863343965346562
32306130356262346561313736323062303134616434346462383438306335396335396161343162
30613361613931383564663130346535366237346433656230356264623833353434353733396561
39396632343864633962326638306562613462383631386331623362643136303837623163626637
65353161373734613934393536343037393030303331353336636466326439613061633931666637
39616339356263323663323864386162353133616633633935643065306135366238383131326462
65343231303433306134623565383737353664393364323033663761396537353036393434656638
35386365633338306137343031346662653665373931373338633434333362376538303031313638
30393735366633623239623965363966633865383264373634316165303934633365393935643065
39666332393731363765333739396333376162373664663531643432343765393834306565383938
35336631323632653138376235373462653365323638626638313761356336643263623231306362
31643434383937326666636462373962393061663134623465646238396161666239353162336265
31633435646361316261643836643263363635346635633362373636326439313261326364333930
32316138373563616136363733386635616533333466306265373135386238663038316661333434
61383433353536643763633462396161616434363161373464396463303466363262333131613839
37643139303037613565313166323164643633366364613534323461623631366461363364643531
61393939323564653464623064353865666639633231383864383939623631653863633264656364
30653932393333333963663864626365353331626237393763383337663237396532633532633865
30343139623932356462303766613532333837353336336235363330343034643765323632366633
30646662363230356630633833633839656337663164336435373666633436656630323862306563
64613563303235653061306331636637666536653666313165313966636462326634646530643963
34653064326139313265623963623339633132306666316431356464663930626662613037626232
33353936313034323638303030383163333131346662343336333831613339316137356361313735
31393766333433653734346632363235643231666562323331653163323061313731333565356632
66346631326534643461323965626537313737653631623861373131353531373239623261373866
35346436383364333431616239633431323333313038633233626163383564303862396335656562
64623138633235333764376565613031346131313465393439393233666363656539643631396461
30643638376438643739643565636435363036306435346637366438373131353431373037326431
31396234353561386135363832313561616431326166613962656634663936353935313531373963
64363530356633363838626131616438323864343334393164373866353236323363323235393436
62383762643731386335353936353535623537623237373065353838666434383231356637633863
32663066666561303463383531613537623964646333323735616330623039366531633263363962
66666561626366396231623130393465326235396331303163623236623633336435326230376236
32623732363862663938626130623763363665306230333536633731303863316130323133393532
36366266646161326138333732636436363561643833313165636537383737326361346363386364
66623430363435373165363132643932303936383237346133623762613734306330396236373033
35336163386361646566633066646331333436353733343434376233623933613536303338326466
65343364323966353931333631666132613232343538643430663338333531616431343030323937
32333830353839323962316663633038353466343737636362653930366138353837366161353266
31663766306632326564326336343636646630643730633637653865336565626638663035626666
31386265616237313763623937363961386565383633326163393562346139333635313965663065
39386132663031363432363861376162306363373461303162343435346138613630626536333762
65376665653061333661613431643866623062656466376635623630383665623662613961323339
34343635303366353365653334353861393061373562376263646338336365356265343664323436
36333635343963663035323938383365333038313232386662646361633531353137616262366131
37383365383466323034396431313135396236333033616162613162633830633137393530646139
64333966323866633737343631383362323431663038333965636463373062313764643137386538
64623365356566316434313565343038343933343134316664636264333665323738383236343864
30343663366235653561636237393761373663633835336537303936306637326436356465393333
32666532393463623866623635643236626562383039363962313661646437643161633336636464
36623463346238356531366335356537306365343732396466396537643936666130633962663262
34373934663665313534366361396638383163363530626339346364663862366430616464353866
39653665333535396665663163336535653163356635393335363961663466333835336239643662
63653664323531643330633861306138303537353765666365346232353934666431663164626339
30363439346461343361666161313035383432653536376233623263376534323836383138343863
34313138353831343034306131346333303337656463633264666633343931316266363737633062
64393965386434633432333062363031613533623834363932643065626131376437646336653133
37666334323736616433633530356239623532663837643265643137373663316465386561363838
37623130623861316233376131346538353461333135633439643532663133373736373833373635
34646238623034613531326563303039373864306133363739383631376632643364313235636131
39323762373262376165393064373034353961323665376363316235616534646136316665393461
39313435633338646262353034653432323235303835383665343566373835353261366632633239
33346138353266383265393261386232353361303430386332643031663865396631333733653537
32323863653263333633393461346564346635323462356639623064663663633561643465616564
32646262313134313732353239343063306537366434383164393031343837666466373434346436
36643630626636656235653466343461643433663332383639633530626431353239303130383961
33333763616365313966386265303230336232626661316137323863653961653135633637373033
38663763313761303561666333623435636331623831383030666638643065333763623236633661
35613931386661633965383433353530623361663631643665626431326663666334316237343165
61363935306436643761613034373532353263616631663330386661326333383366323634613531
62336565653435303765333537666331346463336130373663386630663331356165303561623432
62353963393931326436343034626136616462633436616463623061643566306565333966643462
39316238336535363335363431373063633530323838633937353930353035383239313862626635
63303331303238396631356263353736373162343838396130366461616331306137636632316233
64353264326664313236383764613566633433333135366166316264666461656463333334386633
34613635306234626331363430656238316533386130373332613237373332653732383963383234
36356336613937613833306366386236666666356436376333356163363332363965343364346538
37646633343462316637333962323139663764316561626231643030333437383734643138613235
32376139636261363763656334323566363235653337623266653863383632393963623136326638
35323861333161633339313939306666356132333763383537383939306364663839383830316361
33323536643935386366393130393765393263353130336232313433663465653730643463653036
36373166316334353065383032623430366463326232626566666430363730663262643732633132
30396266353565303930343639653833323364653432363063636632386437396563663864626332
30393134313231653063363064366662656365623631653563623666393762336665623065653963
63326433633931336335333437383333303738653365306534633736633163363938326331306361
62633362376331643038343062663665616530313662343938336166353336363039623538316132
32633731363830326534353539333838643238356638386432333332343037306566653863386463
61396361383534356163653037383365363361323365353663613838656164376630623634336139
33346439643235313034646337613838373438643638613862326531626530666633366463623039
38633436373536666132656236393565666431313833643864373934303230616134333632373535
30666437613564303535386265643432323538323864323537383862363765366337396465663138
36376636623633346164383766633632383461323534356236363531623062383536613035343931
31316239646633373737353461343762353937633735353436663634393364343834306231373565
63363164666239376261663230383561636433663339366132383135353661616236363732613832
37326437643734633634356433303431653232643630653732346632383637363464646435663238
62656538666361363035336365613139623938303436333438613734356438393131336531616537
38363965653133336362353930613738633738373634336332376132363765323331353464336166
61623665643766623133303662653161396631626361383266383830656463643934623334656538
38363032616337623066306165323931313036333233363961653363336261623866376465303033
66646236626362363333383335353461616462343232653033613838633064623261626663386161
65333137663139336435626265646264326138356564636362643862343435666137316339313039
37313536396433613363343933303761393963396161313732356434383566646532323133306135
34363863353966356263626261626233346539383930333732373763653839643833346636363039
62653634623236613237613135623962336464343134663032313734323961303865323034373330
33356365653336333234323632623166373830356236396661626633373737303533383135306637
61346435373938373361666533303865363862366361623339326236666632643538326565616335
34646636626166393839616338353364613039383931333533376130313739336632356331363833
30356162616163626637326634633432326137316362303230326537626632306234636133386235
37663835323463343439303663316431633932316364303837376431393038326139646135656631
38666165663866383832663766656265633437393731343935633966353130396661623536336538
38393632363734623835393537356461363261393636643666623237336632316438623337336435
62643333396265386433326138373132656661393035393465366633343334346330643865343531
65316131343536393063616333653936663236333837666532373738393036616233303364636433
35613664396136326361653565643731633965306431663139623230323961373739663937653334
36656635313339663637346533363434303236623863653036353961313938653366313735653139
37636161303130383261333565303133353663373330333038613863636232663738326165636561
65323638636235343637323735376661623661306435656231306538393963623138353764373666
31353337336462303264306437393866336339393038376535386134633065386438356135376139
30623139323537613562366638303263313435303531303432633064303439323266633065616464
64326233306437306566653430326633633265346337643463383330346332666433386235393237
65386365306132666566623130643165643731303062646636643462666164383563353534623232
65633064316164666162626661333836383964383637613134613232633466323038643731326464
63666535643361336163383731366434363963376538636335333161663261333137353736343235
33333031663266633731313633376331303562643065636163656134396235633230643664663733
38633163323964653232383161316131363438646562303335643966613466376637623265653066
62323639383265663538623635663833613664383233346331626338616264616466343535363136
64663737386262656437653165653537653765643964666361353333663134633539623261383534
64373963663861313037363962333739346165353933313331383363326330303937316363313531
64383565376538616566346438636232616464623734313738623361393866643732386432356134
65343064326565363562666562666436636561646537373739353261643135633332616639313065
39363934393639656331613636656431333834616638663766373039393263396434383632353038
34373136393538313138636365613733643163656137316266383033616139363830383030323430
61353933613437343964656265616238386338666361316637613966633934373362303733663734
61343166313832323830616137643239393537633364336262643039653534343536353731653930
32333334623566333830393236383465313630346561616634303338633964643065383932356236
62393731303638386363363863336333303865643634396364356437313865643537633233333332
39396638616664643564306530316464343334626237653861326163353037363237653133363837
35663965386231663436363735306231333039346263383861363063633163653264356537366266
30633038383865363431643366656132646365633239303231663661303562356666333566303033
64393966303733643134313433383139353330326637373737613062636661623965616461383334
63386566653861396564653931326338353530313430303764663464393836663333626434623866
34313765376333313664376332303132376364653665626562663861383238346661323962373631
66303033616438366365643739613637653965376533643662336261633235383132366433323231
35316638626331636164366162626664616235326233623462663234663735353766336465623137
35323731326133306236376165343966356231376238386635316335616437663265363065636635
36323930346365636137303865623838313861376463656335616263336537633639353735306535
61303538666532356631336136313433663934646636376131663064356331653136616265386536
38373865373439643032366531346633356330353739636163373436386131653232653463626366
61373136396262663564376163356365626531623965643436393734353131346263633830653538
32613138343032353638346363633464366662326436353662336162656161643133626432613266
31363361376531356438336666623962613466666661373565623135666634306663646166363337
65313063343265336330323436393830313032393333363538633636353532656231343234353438
32626464636134616137626135383962323837613364353362313465663962623833313130623834
65353438626236616630303936396430393835316338393538636365636164626665663264303036
32343137646139363632333562336364363030333632613862656238366532616362353236623139
34613566303138396164646335613036373363666363373537333437336266626133643931643037
32363866653633386535643033336266613836633536646138333662333535623433353537613963
34306639383836363731383365366563323633636336323338643061383833383861326261393262
33626566633730393834313866333561396564633132316132343561623263396330363262323562
32643934303133663165616363376638393866313738353239323865353066306533363534663433
30306134666262656239343361353934616661383732633633346462373465653661623365346665
30636631316634623535653532643938623731643466386430346438326461343931303633393064
35666139326466653463313862653039636165363732626161396234376537393830623765363864
39363536656137333939336238633937303064363530373062313765623564323130373465613035
32623436316633653262623233323065376633386166353234316237633133356162313632343764
64326662306333663064326666666332623637343937633737343038636135343761326661343563
37393534353834303634323435393962356464636663313838313538363564663834353766353266
64343633336161393939626237376631393665373333333935336663373733313934636364396438
61633734663864646461663732313365333733386532616236396137346531323565396364393330
38343035633834386434366137343032373731383635373139333536393638373031353631646566
39313066363465636436353964623430373431623561616462616466363139613131333866386330
64316537636230346538323764656439393661363833333130353664306637303437313734393635
33663961343164616563303438666361313165393565393364633261363434306433396538626337
61383962653338373831626163313665663864613933303738313764643334323161303137336334
30333034336564363231663363613433623137386263643630623165333863353138366663393863
37616665343538386631623064643239616137653739313233363233356465653032396633303038
32666532636239653866316438666164353363663737666232316230303735373362393061646263
39666462353533326664366661346462636330623361363439633566343763363435643030306139
65626137633334666230636436633236396637373736373062643466356164633737396538653565
65393266616532353364393636396432613136393634643439633833313933663264663031356262
30616237343536353565396237616162643730343932346336353932386434383937323565356438
66313633303836353161663037323836666665313762306139323739383739613533316334333164
31323136663365613033323138663462376339666266386163363364653865333732666636306434
33623732396331326338636462353337363064623431333165306134333162616333303331343066
34383731393065653463666339623138643739383937316235376431303130313862616330313739
33386532623066313132666439346130383437333264643265306461623333303537393066393765
31383935363735393833353030616638653434303765393131323865323061373066376565646333
62383730393833623964663330323363643030653565626431613730356234663830666538353838
62363830396232636565313235653432333231616565343238646338363166353764306661653661
65373430613462623337616530643834653734633663356634396134656334613538353264323333
30333633396266616637373633653365326333633762643366616136663436336236643836653538
34303062393166333930323361333537356361396563393737653333346635353661376438363838
66313264306134313134633535656532633036613563663639303835396461626666376130303039
64313133353539333034353330386661356230326236633230663231303966396466343165393030
38373236346637343565356463613139306434646430623534643832346232306665356136393766
35626438343237613332366662363033396165326132666437383866393735366162333132363761
34656535343665306336303164613265376337363237323764633063396466383464353832373337
62353939366162636637626134336261363264363461623033396361363135303831323130343833
36313863323461316336653863643139653165366166663730303836613339623264653865323064
65383830386132376436666165656261376435313732626536386165346362323861616435376132
38366330373432633632326262333166613235626161663165323762346463333335656135633163
34353664623734363431633636383361373466303962303333323732333838663162316361323335
37333233356232623762636134313561633762623133373335306537616563303938386535643865
64333332663165303233616663636230653664383535316662353237346563346666663565636661
64346531613230383464376534656537303638376132363865646231333665313565656536393034
37663562653166373966383864633332633865303833336330633464663761663861376637616234
32613163636565656431336363623163343362356234363238376161663265333662643035363831
39343335313038326432636461343764363762633333353739633966383733316439633532373230
32656666373835316136643434393934633331313932303432326431316439633739326361343639
64336631663334613461356135306463656363323436626665666164336161326566373361613661
32663338656537643663633931633534646238333831663065373663303436353263666637396138
38616438633430393563623537366164613436306337633466373930306538356434313263386363
31373930363936343362396631343861623661643161383534643938373635663363353032633161
66616438616333633564346535336464303865323663656363623437333238383663326437656236
36373237656130653933363561323634393038613461373063323036633131346331373638333564
32366136363532663134313662636134383238366665343566663530376336643066346164383164
39666531326632393439646337376337386634303334393537306665313432643763613536333864
39616330396632373038626431393737623336333135633362613030363436343535666564386432
36323630356433386462373338303063613461633066633261386534313138336137656230366465
65616431353166616135313231303133653530303937623863373639353061616236346165373266
62363139643237313330353562336433393237343766346636333039613465636634656537353532
66633832613634653736636562326366373634663362323566303935326433343738313266386461
65613938313561363462626231646232323033323235323161376362373565633962326534626561
30616238633035613537383762666563666364313363623064626338626639626136383638396263
62613931353461376535303939326361623338353866303163633862663434393965336632636435
65303638643763306531366338623263373039343033633436396363333834633962303537653262
66353034333636393066306132313331656364373031656337353266333066356262653465396535
64363230653132656664366632643836656331663438306364666133336639336363316565323834
63386535303339343638353435383764386632366465303430313532666563363539323739393038
38383962653437313330306465303866626663336432376634363736366639636166323235653639
65313839633036383230373161643830366630373638663761326164343132653338366666336263
62343734646238393265626234306533336333376462306138313538356465623934393433613533
66653533663166396666353434623233356563373337343466346462663065366462383938383265
61326139666635616465346461626130653665323335323430623966306361616330346165613566
63373730303034376337633164633365306434616639323831396334363538643330363838633732
34383337346561303330386135366361303634633732356331616535306461373232616238643862
34313333326637366133623662663238383664383662616339393864376661646136326465623730
32663663353030633237633933393231336436653633623236326333366233353534333934376563
36353634393833383631396534663038613666633064376139353165303436623233616263646137
31623566306233633039333737396335333530363934333435386537656530313565636635653235
33666463393233666338326137383034646338323362313964346661646437313565636330376334
34353464643633303461346633303332386461656364393366383836323666656530363365646361
32326237353936333766613832363464323865303433616461323835623438366564653561326131
38366133366166663638363634633431303666643539323436356437353266333562323062656564
37323863336132356330373238643066366238363430373561663665303864626335376239626261
39303764356632613031656265663364316264653262316235373762303939366237393939366463
65633537306638333935666664366162303262346237316465376631623666373931316564323332
62316137643062363736336266666365353565326664616130383261643638626162373161363262
63343932636566336235323261653963613266616363373261313233336535353235393132623963
63373463653839326334653765363237656337333432653538613261323936323665383531313830
31386330353331316230366333363662653132376135643530393362373362353564346631343462
36303430383465393835663236376163633634373832636666316633633535666136363939343338
35323130333137343632656535393430343332396138613336653032666362333638653632366338
36326338363066616437343366623738623662313830343835353765626438373532356438613833
65363263303866306563306236326537393431303536363931393263383531316339636336383362
64323236383936333733613134653735353230373932653330613833623064653138396564653537
34643933343662366530376133306266356462623132373561616330383632656562643665376562
36613161626339393863623430346635343862363134326135343837373539623431313234363235
66343761303233366438393839626531626635626562313332316538303737613365376162653030
65346334316630356332343565343865366135323830393837386232373831396232656163636439
61616337663336363035623931313462613033313535326330613932613364663231316632303938
37396537373964613065616432663132306130623733626237396435366339393461613639393932
37313230646338666366363261326432383632376138346437666436636566363364303033663335
33303137633834633363663066633963656661316133653362326564353935383761373264396661
33356266313566623532363563626239386163323732663931326337643234306331643337656430
64356332663037313236303037346163643933633364323466616434323863386166623135656466
62303939623065393435323931623165386237386131343032353665646538646131373036313235
63363062303163656161386565666463343566656334343161613165333964303237306661643733
32633234336532353338333037323131363463383562623331383133626636636532616338336433
33306637396662386265353834316537323266643762326238376238333139623864383635393837
35646537376538386165316430646163623363353337643738316363373939393831383464653230
62313939313134356666323164316535363432653861336632653465306339386264303063316463
61613765373536613032653765613265613137373665316361313134646335326438633531393336
34633038346337653436373563343836303434346632343565666139393731643835313538353864
38376262393231663933616139323035616532626462373930306261366636303866633664633936
33306661373536663635653164323965303461616436336136613136303165376635303962656531
39636430366163353366633763633438383035623539613438303335623165353430633761623631
64303934333034663235353765383933333533333133613736653135346139323462653934323134
32346339396437653439306138666131623032366162396434373731666465633166333565383766
35633235666435613763653638373230323139663331323334316565646330653662363862343431
38313330356633396364613830656136373166613665633937373935383837663932333934623163
33643035663564613265333165333539623535316364396233323238373234383965303934623031
65663866326432336230666338356231663261313334383438613662356334613731313363376637
37356662666365326239356234646135316363663163333834363630613736623135313966623764
31613933313938326339323861663536656438303763656362333165663535303131316536666438
32666466366237353063376430386232643464306131376439633436333835663733613539303833
62323130313965623763376137343131653039623864363766343336303232646661633561326532
37643834333439346638626232366432356235363036326165383563353130303565366637336362
65626163363530626562333466643832353733613266623932303331396635633638666463353530
35356632613363383262633837663363396561386332663436633033633063653130376532393336
66346133386535643732313565643331653364343937663861643663373430316663623661643765
38383539333766633739346633343363623134376438366431653732643962373738393532373764
36363832373066343235323438336131636330383764356162363636653038633766343262663066
64326130616531393639343235646361393361313064323563313365313532303863376631303539
31616637626365613365623736353261303833383431366261663030623432386338326336633139
36353036653038396634376133653666326430343536663661383962343031656538343266653665
39616632393331323934376337343239363131623363383637303934373439383666383865643561
30626333646634643937313563396264376634653130653765393638336530383666323837643136
62646432303338623339333661386339303061346661656562633037356539616636643032636430
33383862663835653037643235343138643761623731333036353138376534353765373365313936
62353931343765363738333139353735633230356333613138373861343761303831633265623264
37626633373665666164346539653861646134363037316363326138613466366661356334383538
36333863353938306431663461396364326134626635343462386233313337646338663235363236
32666263396532643630656334363836353263353933323165643664343961623636656366326538
62376331316431623031386462313032376339613833643338383465643537396566386531613336
32343363636333323733306463366565653062343438313239363263623730633965633963346639
66633535626561623236343036386437626266313765633765386633393363346439373239393864
65313562316436626335363538383839366565636237353364633836346139663161356431396635
61386137316366396232323261633737323332323536353637636331313132613535363862653163
30623565376265663730393963643966393138366365363330383431353930323335306434323733
63343734336565306265393063623363663761306662333233653566646461353134333637653030
65386563336264663835363461656663656432303263646663616433316636383566313830646235
31613332336534356266356563336261313466396233613164626135643131636332343734363939
36363261323432373337623334653266656565396561626139383963396563323337613235336662
37663036663333653735346235303262343830636134326437613536306339393137376636333231
65356535653033376232623566616632393365646164333932353463383434613065313238336631
35623535353837343432333161643538336530633134663366373261383936303230386165363931
36323263343735333461363839313337303233303162343336326162653464393037343035653638
37323231643733643062653231313935333836666131306531313363363732383033343039376661
38376561636366653161343137383063613763636536613166636139306331613832396134386338
37613866653532653637373939303235616561653164303035313861303165613764346535323931
32653035616466346164356133633336343762333565336133303335376437633430653963626135
34383230633232366232333039323235613738313636303331666563333661373430316463303636
31636662376262313563336366643965323936643661386564643831646562623964613131366338
61363132653337653533343536386564633637636466666535313738353362396238613666303534
34313935636465323162643234663732613933376338333433326538626561613461326263363534
31616336303334336637376566666464316637376139326461353565383533373638643030383930
34326539393838303062346466326434363037313436313361626461303463323765346332393162
31626662363661333766663730616431636366393364383435636534383934616462643133623130
32643937383934326437383731643035336631353935356238643966303436393034656333393938
63633333366130376630663366373233643731656538613233643337616363396161626137643864
35663638353438386539363236383762373838643634343664643035383863363361663039346138
31383462336465663134303130653437336437363132313930366538636333356366333134623435
31393761333962326363636162636662333866373163313533363137386364623766363039616363
65356235656430323066323732393366613661613563633638356533323361633861346336656436
66316463383936376461396566303364383032316564316463656164613663376236626238653761
35613266353531363762346333316539656139393065396264363762636466333665643035383665
39653461623162393439626133326435393465633963356362376565383234383536326232333933
61663830613162616637393266313035393033333164633862643161663464656131313462303936
34633039373936393637383134656562313136653061313339316363613736333934353265373235
64383330343937643033663562623437633163626437393839623030306463306233326362373639
30663736633732613631613730616435393836623639663030323930643933303234373364383534
63373431383361386531313138336662356661646435346334346335343030646131313762383138
35626463353133656338653234346532616536396239386364356666353162376465346361383062
36613531626630316634343732653763663432373962356263393730376632376432303434376531
32316339633765376663343433383936653261336161653661306466343236643930343938653436
62353335353464656132373037323539363266313937343331303533623063396536333361616265
37653733363662663636633636666164333433366633366432383534356264326164613365323839
34373933303936623561366564303230313239663233636236373166633037303839663330373831
35653837356338633233643062666530636665626361373032643330663037333039636131616565
62633532396530366166383561653464316166663932613264623462616132343062616363613537
37373364376462653332616432316636363037646262323038363138353463636266396437356332
30616465313835353430306333383966343637386436363234396565646563373639663562313233
36333933356565303131353764353330663038333639663664313237616134396264353363396564
37616436656533323231353666653866356337346333376237663062626564376530613263303633
62663135326638616230316439353064393463663330633039633138656137376138613630353239
61333862613830333162383934323039663935633366636137323035363239363838636539616532
64353835333630346232323263666262616366396266386362313338373365323933396139323435
66336139323938323731626539613938396163636335366264346533666163303932393232343836
35613166646164343563633230303734666230363337373765366234383138376634353932653032
30386164616234343335366131663239323331656438656364626439353239303463613466343335
65363061626437626162326335346431663966633234393439636534366336643766336538613034
66343438316638626664393437663061323465393236313462303536646662356163366265653334
34663635346436623165363039643039383935663935303031373236366362393330366531376663
34643661393734323066323939643735333434623862396366356433393537666137303035326533
38376665653562343831666532373534323932373965633534613930383863393936643830333837
65663762376633396633616638366432373965303430383066626364366366353539666432306361
62613032393534616631613261366666396539656433353163333535303231633263393362323539
65373333356239633331666162386566316131663561376337363232643863316136623262353437
65386463356465643331636331373837363431616566383566666232343734363365303366663338
65633663353630393665623434636534326234323331343234623139666532326462353239313866
30663662373532393566663163393633336333636533333837356663313231316664346166633961
34326235653738333531613133373834323832343937656461346533353134313262383736383331
62383331373163313134386662373163343137303365656364313364366130383437636232363665
34333362306364643133313236656561386365343531613135623563623731306231623661636364
38353636376432643235643630666663613435313263396437646564313762363765376337336134
34666536346234663165373736356362323032336536616134333065303466333632363264646264
31376265393639633965666135313666323666616136633066383462363630626638323739303462
65376462353366363238656664303235343066656530363362616466333364653965666437393961
33653066303133396230373832636438626137653535366564646666363163373462313166363733
66623363616135333530616232346265626666356432353939373065363230373337373839336536
62356437653239636535393037636564373362333061623365373937636231396364623536303334
35653738613230383564333739613834316333363765356137623065613864663034666466616163
63396134366437646539643930333966333262643431386163306238313561366431376334373165
62376233373232623831376565653038363832393464383363313562326134666464353563366430
64613831313266343233393863323635376237366234626637343137303939363931663064653730
63616561346436623063383963613564366339343166646333613963643832646533313961353765
35326534623438373534313932656239343237636461366130353363633334333533613032626435
36653562316363653962356266656339666337626137313565316539373739633139346332353438
63313636386665393966643530653562653838613064366336656332393233363732356463303437
37626666313735656461643731643935366538623931306561656430386338363932653730306662
33366462613263636637636537383334346238383231383733363661353732316162313938356266
37633866343864653434613462376564643235623164346464346334373537613732623035623032
63313866373662366536323837343266343832363536343438343561363139353935373462366437
64343663313436323561373136616632376261653966636464626163643663366632343163383733
62396432353763653763336139623935333063333532363930353337653730653536303066393766
66643936306539356166313234366461353136643932303430376539656534643461376163323530
64633364643566346635393335643764353739383532333162663036323930303063636634643736
30353431316439316633313330393861393235346238323663663539626631653433623365303666
64326166363965396565393237343232323964643239653562656333616665613065303233316131
30653663633732343564396465353666343639306461646336623862643035396438376261376261
38323631346639663666636131336534343138616538366162356164306438326664343934346339
30616262656363646438613466653138653030383565666433323065356435363932616132626265
32303537626166626238396665656463373730393531663265383232633334306238643961343466
38316634653133383734636138393061316230313531393937616439313831356366653664666366
65383535656335353234316339393938616338366363616233386262316366376165653865636435
35616337333966616137366464333230636631656665353239326535323165333237343766316666
64316534386566366566313062303233653436343765666665643565626133623537353836633261
33636564323030333939643166656137656133626234353363303062373832333836656634653566
33343339363462313133383964343133393462366231303530396565633566373035393538393431
30383839343162653139343865643431346136396535313835656664366230383338393236373735
65306136623362663766643236666239613135626237393632373331323336376533376132623031
61623962313562303134386134393462623638323533303431333164393538613266636636663161
61333732633736336661353563616362303832316562363032343462613963303162343236613063
65356236656238356434333464306431353031656230653162333966323133323564626433306162
33323733666263666561393736306438626562636133613263623465636335636666386362316661
61393530323064396138326338613766653530313465383030343339613039376239353331613335
65646339663332306639616164616663323664633535383238383430653931343565366162653266
32366164643830306330343066326363643535376235363566313830643836353230313762626332
31336636616538303938313066333837393634313236633532386665386162623731346432336336
33323738386463356337386239346136353736643433613938636165633331323435653434343939
39646138313933373066316133616433393138356538343637313661653939656561356430353637
39323037623964346461636630323263336636633464666637643066333633633063303933373830
39313336616139663761366334613562633230633763323063363434366464333161363636643863
63663833303962353433323262343561313332613662363162346338366232303364376232316166
38653563373636363334346538383830363237326464346232336665336136363733303930663663
65373632646334633239616238616333363664386439643566653535663732356330653831623361
35623662313065396437303635623864343066333665616234656366653661323134333965376139
62383433363234613936313064643835333062363763353863613961656365373965323336326535
63663037346338636165336362613935643239633238363364393530313133356639623331643733
38383531656432353365386562663135333061636163626435353162373034666232303765353836
39316533333165623162326561336133656564333065653236666634643531306435656332356334
34663835386236346564373564663061343637323065343964613061643366373062363564643633
32363931336636623739653239383730343830656239383138366231643239343635363966316133
30666233636134383064356364303264353931653638326563636232646137633436396165353838
34323137643335363432346263313737383936393861313466363766663238663534376334373336
36383766333132316539653530613436323533646665666664623930656565616434303331613633
32396662626235326535383365383062613263393966356337643038393738333331663136663931
39303661653330656164393034356463326262346538306338303363633836656636366332623931
38396234653831343034326537313762343164333562386338663231333837653435353561333566
33613236336263313864303935356537386566646463636661386339356663326139396266646333
66616564346162646133303831323534343463326330323430383238323035333861383139656330
64646437393934393538346537353737633037656235633866343432333161373038363862386435
33643962353761663366316265333830306465386131656163343339353565353761326262386161
33353631313739626537396235653338333466643230386563393033346335636564613037623765
62353561356366336638363438643338316365666232653934663964613538343837666462623633
39313334333264376135613762656236666131613331303638316136623239326538343039353134
62646234653563313631353637633862383339386539326536653036613365653737396564313635
32303732646463313537313462333761616635643233636163383830666163363133613731396339
33656333366434643764373863656466356364306235626162623263346134323234353830366232
31663764363732323935336434663135653961346230376431313363316461633463363937616630
36366532636133386232343961333462633237366165646562306365373334303061303331323534
32653464646366356639303436346264626130663763346135663130336532636538633637383030
31633137323937323932353830653063343835666238303564656536636662306330613863666135
62346331396130313330393638386161636530316637333437663038333139303536613037313136
33633038623961623033343163623338316664623465623937623336333566326164323464396664
33636239663361363533363337626638326238333962313032633839643266383866396539396266
37613234393666626539643266616261326636323831303330323533376163366332373734383730
30633630336461333235356632353839303161363135633530353032303133653137616333666239
37653965313532353231373934393465636637646362356539653637623163326237353164653330
63626435656531613132666466663338653138666162356566393864633831323665333539386465
34663038313634616435656230633834366166353531336437613433373938386535316538626533
31323133303839333338643231366636633533646365323637383533646237376464343938313134
33646530323463623237333331666333306566666265613163343232653864636630333533343961
34346636353439336530303736386563386430326164653836386465316338623833623064373962
38636433383164373530633035336330653062653762396265656163343532346330393963616331
36643866656634393839633234343765613962363036633536636535383165636535343439633664
30383131613066646666656662623033633439306637643633656665383966663232666266616530
30333436333834306639303430643532323632373437313465393830663535313135656565316461
35633635656666393836633833333666386162316366663233623861626532343230306666373036
37626639366435323438663631353136333036396562353464393831303038376662666232353063
31633534306635626465663030356138333238316364303430333432613232613232366663333139
35313062623232336536333362393735643264663434613565623566396263656432323638646662
61623539323339663236333365376536653333636236363835666436313064323263613330346465
36373862643033616263393536303839303961653661343833633561396163656338353366616164
35636135346466343961633037303535303231343761646666616664353839336532356337336364
33303338646437306235303563343163613638323836303132663864346365626330653765323566
63366365386332643230646539646161663562393463363834666432316465616438343833643739
66303034646666356435623462373434336665393539333266346265316132336431313361373231
32333836396566386532613563633732333162303032636232346661643362303664666634366261
32396264616262346231623538653562323564346239316335383931363465643365323036623066
39656665653063646633663435623164623333326233366331646362356266386637613737656436
35333363623735626533386538323432333937393437666632656338646365353634333735643131
35623735333062383963613531366433323239643264383433366431633661396138363437663231
34643032316330623061303533616362343662666332383435386562366130643835366562363766
31313266316561313935326562633331373133336663313939363965343337386131396133323832
37386437616430646334326137383462666163613766333434613965373830643735383037623362
36303535316439336334613830343063316332333966333861316261323765336435323435623239
30383437633665636639363139653432633335343935356631396439346333373439356337396438
66376562316363393037336339616666326431633231663263626263366261316565336539643038
36643533336162643130336139343230616531376466326362656533343734643562326134633039
61613737383564643464653163346231316261643939383030376238363162666465623661613937
61646563623663666136313666623337303732633336393435653564303430643136356238306262
34393738623838633538343665343864326363653566306338373362633837646437383163386630
35343533393131636665313664333165666639303733363133313362336335353865393163313031
66636539313764336339636235393833363463613161393665316366623230333134303434363862
63643331646465653263326431656634646132333139363135346263313964326661373238613062
30376631396638643938616164366535326362303032336632323864613863396564356339343930
63666463653962613362303666656165353066326535666232636639623733333564343034646266
66663637333837373635623466346237363464373630626163633731636266343838333034316333
35386632376266623039316663653230363034643734663433386336633464623165306165373437
36363761373763623834323235653831663266353132663136356535633761393737353164326566
30636233386563653035623663663535663939393632383364306566633162353764333835643731
65636335396339306636323138336335323839663838383864633364663333636433633062333137
31303036633564613066653636303939363366666235366335653331653963356233306636346363
64643539363564373438333334616264346532313234643935393033343965396561323531373038
39636335383436643932323739356461383034303463653133656138353332393535396163663736
63363861343631343531396163353362323231373237333862663630633963636337303065393765
36396631376565666630383533393163616336373264303035613735313335356134393535346164
64336361366233383836613465303763663333646630353638386661663665316665333033626132
39343565393261373636346238376636663233386566643262616364636535386537646432323134
31663138346366316562313838353162646461386634656631353432356563303333373035663336
38303463383139613462333135363266303461393232393263653866313261666433393235396439
61346261306362623530643532633033363764306265633839363739353861383533343935353031
35646362323335613063363663343338393566303334336364303463613265643133396363313232
30303364313138303139643439363031303236326665316435326630316566626336353134616134
38313636303039303764643364656435326361383539653363306533393537613666373463313339
61636532653834353863386231373833636337313362353934363633383961616432316539313739
38613138346263613536623861633163353662643831653930346566653864363038336333623031
34363533623632333232376662653634376661363933643936653636353462353239613931613634
6637
