$ANSIBLE_VAULT;1.1;AES256
34303363623734336666303135333362373937333630653637656230393862353831653665633766
6537346536373733343733356336306132356536643664610a663663343435323131353031396432
33343130393534373934393431326462303063613336356639383533343838646264353637623237
3964633136313765610a313632393139313533313531306431366534386132323564383664643134
65363564373231386662643236313534373938326238386538303238663933353362633162306534
66346539376234346534663234643165626130636333396435393762393964303764363937613461
32643537396261353862323637366265336264663634656536396666336233373562343863633532
61623766643931663065326134613832326662306564333231343062656637306165633338393535
66663436363837653239386665346236373138356466323737626136353665656439633633363636
65613538653464396435353464636162623063613635663661376639393066643439363138393031
38396562643336396563663361373365623630306465626338333738366635636631643133333937
39623935346161663831306539313362306261396565643034623437643038336637396263666165
64383265633437376636386331333231663862636235383634636466353337656437616631383435
30613361643532333530656336646232323935613638386461323764363639336636393337363861
65313433616363366363313739663137663638306462323862363532303766666631666533386636
66346163353130333038323535653137303233313930336164616336636238653731663332346136
30306531333537363865663937623031653436376463656163363237343761633335616164383663
39383732666564353634633766343365613235346135313739353332663035336533376235373436
34373437393338343935353333653430323133363232313934373365653964323931383037663533
37626138633035353733333331396434313463613030386463303962323530366566313761383661
30366331643231326230646363306536316436303639636231633863386137333566323033333963
30356363333938353830383637323534666661666639306663653261616366323663306566343065
37303638346637613530636265363166326666633433353239383835376231386534323739656665
39623431343933386632623537313664663466376539303632343664633335663932333363626136
36326332656635356134356162383939353832303565636166343838623262666431646465633935
32373238663836613636363132373832386339373762316666393134643364336639363637373166
66383538373765336338313962633635626361663661643039383863396337363237643730333562
65653831363165376639393662373030353730323264636165643764336239663533313937613865
34333336333530346236386135653730636463653962633166663866623430656464393032353765
30623039656532373066316136636565353932623364616530663535363361633863383235343061
33396336613035316264643036373933303334313965663861656234336565623632613432666565
31323234316234623261366664336333333563396236306433333431663365313132633933303562
62663438633462643332643234313238323539626330303132323565363234623839666137356365
35633966653166643935663365333630633062353064623731306638353066386134373566643735
66633866386334396639633965633061366536353939363364376264636538613064326436303036
64626361613066353264376235643561356365373465323232333335663731633030663831323732
66633534613063323363303964396666396437663539383764386335356130613330333639613034
39376365383436633535623737313936383534656136336430643430363238306365326164356566
65363361336530326463656162356166653565303132343532643936636634613736636366623333
64643362346265626265663037663335666366313263616332383761353361316263373637346438
37326334656464633932333536323330363761663364353431386164353264303731613137363162
61373238633633343737363366643039323833346338323062343435363833343635343966363763
35656662643533316565666633326539356435316134303932623330366630386233326533346634
33626161363461383337373533633737326663373137313366616535333762343834633930626462
36623239623432623436636432376432343332663763643335343031393236333965326463306636
37343936326132653664616666636637343532326233383930313265313833356137633066636465
64643163353566383431393462306535653962323934373131343136366265366362333833643138
63326463333965393862616636363739353065626339626563346365386438306233303465373835
64323930306162366538373739646231363939393239623462396232323663636139666465363461
33633764373962343539333166613165626631656365323161613366353764333638393365313532
63633435616465363239656535356334363665656236336264666239663439313862313665376634
30313035363766663761336634373866303266663733326562616538386364376238343161383662
65323733386562343164346630383035313330366137323736643666646638356237373934363963
31373932393931323266396235613532303064383463653764326363636337623463633965633933
31306133653366396261613739323138653665306239323465346635396333363039323835623264
61393266636339346138663035366162326133623164646362633466666561636533306566633361
61346636323237343463363462636165653335656632333663346137623931396535623861643864
62326563336636623261353761646163636264353031633566656135376264626161643361653737
37303436363030353836663032323632313435333964363637666464303063666363376432323233
31623432373730306230313330656566383536303366653836343437376237656665303634343964
37666636363263386139333961346137653537306663333139383236663861393666666436366132
66353636333732306465633166326230313133623737306636343934353263666135626630663332
63323734633562393465636539636430323238386439353137373233616634613362366166333137
35336232363965336666623330353863363062303163613364326434393865623730623965313937
38306438663739353138356463663861386432326566386664393336333235343033616237653439
30656232633633323334636534653330306566323966373161613333373261313433303931326661
64376437643661313563646664313239653233623832643130313339353663626531313831343339
30663366653232643837616666626633343836326638326365636165633830653438666664656364
31396166666130386330346666613436663064613365393734653139313662386638613564646664
31373866383566616561326436613938313536333733373438333536653265626661653365646566
32393361626466623836656666613239336637613232316563366662666637623036343663343761
39613234323736666231353439666430303538343030333630306533376366616639613234383333
33666138343533613231326639636434666330343934363461336430333461356431333162353063
66613565663661633234393335356665313339613063613365306136313362613862323865663131
35656564336130366333643034396361393835386266303933346133333064666632633036613033
36333737333562306537336431303433393961396334653635353837303931643263386331396464
39363736383466633662656138656465623637373134396564386562363339626366366232316139
30393965613730383265396532643461336238643130376334623235666266383238343863336662
63633432366464633366323139366434323834623863323830353661303931336232623363353438
66363161376263366431346137363763333837623364336661653163633563383137386363346538
36303863313265303366303931636139383261666465613532353264373634356635376630336639
38656266353834343637306366323632316133326365366335316135346139363061306232326434
32643664343964306239643463636330356432646163396431373761336330383339623038393365
65633564646137383530646234353632323965393565636636626330343466336230313066346534
65643466353166383163353733623263346662653735353162303463393264623538313666383131
62373464653661626631663534633534343064323838376437303133386466373130323236333037
30613533636565363363363533366366613437333864393561396330633832393237366264616134
32303565633435313835646364653664376163373036653463656133623439623337316664666632
64343463313938326632636666646134663934626333336636373734306537363039376466313933
65316237636532396365336134386433393433393834373630373237636136346332356366363061
35346465366636643465343763306135623132396366396339383261636537303136643237663939
32373731393562613935656536336263653635353566653136313763626662326339613535613339
65373764663362383233666439353230336137666239303066613862646136613464326232303134
61383565393132613365613937326566383234316133656536323637333034353264646463623466
33303836643561336561383230663632376135346630393037363162373464313536353938623238
63613532653663393236333665656563636465336538353563363662646538613132666261356336
32653937356232353066386438356433393164303232363832623566306561303035613630613464
63323936623761313663633432343363633666666137636139353630373666663738663930373063
39343834323135333231616664656663643863613136616337323330373363363465393937636232
36633330306265313566313665663933333631323337623834653736656661313338363335343336
38346264383061383135343436636434376266323762336338353032386131386330386431313933
30333932306338313838346364376535653131613039386266343061373130356237326362643065
36353633646361613330326230343539386539323033663134323139653932396561323163623663
32323165376439613937396635633733323863366436396231313830373963663039303236643933
66393032663465303762313137376631326536343132656339326231386662623631646437303264
33323735636566363330333262356234343264343336386336363561616263643939396130663365
37333664643232613734623461396234663139363235316666393431623833333732363336613035
32663261373366336434306433613163613761626437653164396537643264326134343731343632
66353538303831383765646566613364376536346132633961633833663135303262653437393133
39346239616537643937383032396339396261323062656532613564373866363636363638363131
31633466663732643264313035376362316431393638643362653436616334613336636339313531
33353137633032316563643662623136373066353932356434633062666463663338646538646531
32626433666366356531616562303131616562323032393330666130336636393162653837356638
34336663303539613533613732613561646164643735633130376263376133343661363335616330
36313065333362613661313734346239663164663732623836613437613334643365343330386263
39396130326464353165326165373038303030646561356436313633383662383535633763373035
39316235636661323635646237333330386566656339343232623831336530653334663334653630
33326437363135666265316435386530303131353465666466386131383233643662633737623637
61313465373837613062623134386465393966623266626439613230346630386134643165313730
34663137363736373465633837626232336138373361656665643235666564386235313638313166
31353038646636623732353530636637363965633134623762636365323737306561356632663864
62633361383665386366353961316161376661363766303230383639666264643938353636306561
37396539343931633561383666633732613439663064363535313334623036343864336632396435
37643731633233316637663736373738626434666634393530633164333166643265633638336632
37373266656631313932646437353934656330656537303836643563373236326235316336666136
34316137393036346134646236636165613066373533633133386231383731363436333261313766
61663364373833313461323465373131633431306436353436366263636232616363613237313464
34386530666362323833346637396333646362333162653330386134333834313964396437306337
32633036636466633061633037313730343333356239633764373834656661656233386139373339
39623137383131656564323230613064326239643861666531623630313666343137383431636531
34366466373530376465303561316231643634623163383732653862623635316263613766373763
33343635386631363664396331313634663738613365366161363136623165333133363134626265
62656434663539633338326361383839373737613436356231353339333964376634633234333963
66623662353433663865393738373266343562386666666630343539363334343837306463346462
35373862613963616631613534313465313835313930613532616134313735613662356463616437
30373337316331613461333966373634383462343762343636663832626639386432353732313364
65376633636538323636303264353039616439303865653264333139343338333335396234613639
35393832636438636461333832323065353736363434636165356331626238616165363963393038
37656536323937383864666431636466323332313766393935646637616336626334626661636132
37326365626639336535636235396638323466346632396239316163386561363665666330326661
30623266373738303964393730396466616661656436303236623161633766393263353530663139
31346139656261626238363739653334343935373934393835623566373136353464316530346264
62643037303662633434316337393330633762643632363531323733363230383636636561363063
33303030363231626464636233373365343638313634343837666134346135313266386636633636
38633232626335623464356436363930623564303039653961363335623337626630353163343832
35656137323261666562636635313465383265656333306662346633633062306263316536653235
62616339316538343263363135316537666435376161343763356437666132373861646639653366
30643139626634663331616261373934363764613031613062343765336234316461336239353338
30656665323938663536626233633162383830373431373033336330353233373465373233313264
34363136336363636534666161346139633665336234643836376464343732343330373164373333
30386566386634356561396536333631356564386632366262366562393234343832663238653830
66393431366634313438386438303432646635303164666336313836623334316631646535613866
66613335616134336132306338626431653937643237376366323165303061323861313963643838
65383631386631366665343736303835346463346136326333363966303336646236656563663636
37343934356536646366306234366439653734663535633661656437646631373530346162623163
33393466613666646265643866303331393531326539366365636435373466323931636262326533
66616362393636343637643636643631646435333732623866666136646536383939643531336565
39623365626364393462626537353731373033636537613539313362656364313331346264653631
66363133643361626232396537653062623532663935323761323130373839633533633132303631
35626430346531306230393261613633636533613633633439336139323639383932643061343039
35363262346463316135663139313266356561306634393962653765623335376538633930326530
65373061383538363139336134333138333630613761616562373064333165346266346561373164
66643739346338363635373337393636393864393831626532306463363063383133363632373136
32313339656462636239653765663238656261643236396266353464303666303330326636353731
39336533356331636364313334323333386138373863636261623039663833623830343666363961
35643638326532656430653537303532333066656232393232613531343632303236323031326635
38653739643862303861636464353664646162383334333930346363333239663834366166653266
32323463646264363131656633363164626463336237653134363938386462373435666165626232
30303236343061313434323666303631306334623433393166313335623962666363653830386163
31623135303033613466623063376364663664366361623930306239643038663136633666366134
31633437623334383237386436373164323838666236306132636131623862316535616164313035
37343233333436666134616262363562323235626137383535653333653632313739316339303730
64363936353032323130363738336262653462316134306136353033373862386137636330316638
65333063363062663839653064323266323036626465393834646432646531353765643430396162
33623830376434633936353163613261636539343161643233333738323763313565636238343830
33303131333663643061643536646265383939386132313437363736396231346461656663313734
38613938373561326636393634666632356564373962653762616638656463663036666266666230
34626665623136303038626235356537653232333134376539356338356236336636363932326166
63393263313034326136353264636661383930346433623538353634373462633132363735343435
61616334316365666632623965386661323764376161343662343565356233613031633666646631
37646663336639613262323538393730613038633964623665363661643738326363623566383230
64663635373865316631386564623237666639336538666135363264623134633931353332636532
34326339313363323763303538366663313463636633303065376163623838643939376335313437
63616136386166363564326261306661646637656539316162346130383033623436353466333331
36636463663734313766326633623361306337336465346265646239623732373765386165376462
64366330303930386263383465366230376337386636393931343961643365313162396536333532
32363063336661353730373064623063363934633862386334653830653763333431303964393433
36383162393839346139653031646134623261313066383132343939306134653363643833363134
34323363383135363933376236653033666136376463363762333639333935623534653237353732
30396439353464656139316239626236353533646365356639373666646364393933613638353866
36663536353939326561653664306137323337393230303533376663383438636435386137396336
32313039333832343134356635613130616237303137353434303966396361616332643164336238
31376566386633323135373766636232616466373464306666643138363335313366636361313938
30663131363933663263333732326430336266633534366237663737373236653531353166363562
65383732386233333564336439623864383166386230336636616131653330316533346532343433
30613834323832616266386438353138666231623763643863393636663862343631386265383730
65623835326136333936633263663063343565333532663838633331626232393038336165306436
65393666326366613262323936333830376636373663393564613534363535663339373931656161
37626564643865626362383266643632643538363035626664623332633739613965316339313166
35306566626433623963373162366361633239353863396336323666643861613339373030333664
34623736343139656361633466303739666338316334343361363531613731333661626161373334
31613031373464306164376664353566643061393337346432363864333035656237346637306631
37373530313537363139626339656464643834383836623364313066336231616537383032333161
39653366326234366638643230303634386235383535613164323764343064633831393966303633
30636535363136326339316635633763343232306330323137633437313338323334613238613362
38353763343261366434383336646361623739333137303631313234313236623630623265326161
37663664666533356337396365386363353133363765346132386431346137383631386563336336
65633731366364316564333537353565316665336263353730633031376166613438363736626264
39313962643932643239636163653561646430313937636136343235626664663231303866316135
33663034383630633363653161663062383762356662356231633436373536323630313031653634
31306338383564326231653934323936316130353462616461313466643337333235393861656432
31336432396138336532353033386639353566623635613633636637613739353135363733643234
65326239313832336632383438623936363232653539613864613234376535303264336230393431
30613966336538666636346261316565383333646361633766613633636638666265646561353162
63643437363439653333613863303361663361373239313963373135626231333334653861336231
36306538646431383863333638626462613738613662313838343062363330626235383963376439
64613734656434303332663131643937346135653965333135353962386233376565313330313564
37396530306531646565336138353166363339353839393239346564303362353237393966346531
37623338666135333031636131346431323563326463353762383430666465663966626130363539
32663035633737303664353736336131326566316231623464363161613562343763383036326566
34343434656639656166303735363533333631383764303031333763363062323933363138376638
35316539383936313364623536653964383837663136643739376534623234356638336565346537
34346335663163356162356635646139336637613136396137343433643930373736323862613031
62306263326433336261343665626436393966346663653965633961316362396164643366323763
31303562653632313435623566366465363464393031643837356131326237623664353431633736
35373035623733303164353066326538353365363536333938393063636537346165616135393534
38353336303761623834366334343332616566656365373432373065616666363032653635363666
63333231313533653335313739356237616564313339343066323338656432383565663130623964
33613436393464333232306166636165623234366564303765666561626638613332363963626663
37323339383535633635626439663233643134376134623232656539373538386137663838313131
39643035303337353161396337366364336235306530363264356530363632643466663535383936
35646162346663666136323566373564636262646438396538636139346162393334343631393931
64653336663864326465653939316361336362366338386438376635313563323237663934313661
65643035653033326637653233373066636562336663623634623466346463643962633434653038
62613636396662346439616334623534373766323337386636323966633965346231303764306661
39336230656333643137333964356162373462333965376361623334346166636136306233343031
65363339323938333833313030386239386531366537323662386365663362626462363035393364
66623137616435343932363437343333326566653861643138373364653337393635383239326662
32643762613139353236356665326532396133636634623437646539643537323937353230326562
61613133346561643565313136386536336533333931383333376538303431623262633865376131
32383232313838313933303762323730393431313639646631663766666232663566343465316264
32393638333235633737323132306435616236643634666530346361356566336334666130616264
63393632636337633732396361636231616430323265373766363839656432373237616230666435
30373231383564616662366264666237346662393038393861313265633837613465613937396561
36383361653437613962313461323564633431383464343733623537323235376236326230613234
37336261393631633730373233373033656138383831666532366265333933656265633434333232
36393034653365376364343131333235363561666633353039393836636234613335343734666465
36636464323337333035666663353734663337613262346139333064303066303737343862306634
65326636656363303836626462376336643766316131393133306432373966373032316265393339
31656362386661303264663032313534383332623831356639663935306232663462353961353234
63373936646466396535333265346565333563313932663563396465393063353661623562343139
31313063356336663932313266666666643562663965323230393964383036316163323866613236
64393964343434316137303332623736306136643030303033633735306636373066636266323532
34626139366434666536656462633934306636366438646535343131376435336263363436653964
30396439636331313836396531336562356135646136653861383838366535653766643263376366
62356634613031366231393337623561343163353731393731646633366366346235633533613362
33393432303664383465306661616335366137356237616462323532383430343339393731653465
61653161656339666138363836316534613936636664333565643935303862313434623335656135
39616230303637623732333130396266636361623238306231393237613233333630626637346338
37366632393632643933393665663536623936613536633238326237383462646633396434346532
64653666636633353036353833303339653530386232386336303061643034393561366166666331
32343766663539313161323863373862336362396162633262313230376363353133633862323136
31656262633835346163303432613331623234343938653535633066656331316437366633306438
61303065373637323363343164383163356563656439623732636265656532393738616137366633
65383930663863343733323131363636333835313662313661346234376533646635366334383661
31343931306631643137343931373432333432613138393032643665353664383538666532346263
36626533373036376438316566626635646563383837323233643038653238613430383063646438
64353934653338333962653137303963396630626161613635336338636464626131626461303966
37623933326132303631626463363330613061643531363632643864643664613339336636363230
38306334326637363766386535343435646435313937656664343963326533316565613738616433
65626535633337343238316436366664663933383534353338303966316565393239326635313334
31396532306132633434656630313931633733653033316539653963363063623536663039303837
61386437333362363339626135633335303937326265653437643763333532656635666564623566
35626138626534356361366337313762373137326134633535343262656262383936316134303838
63343466363862313438396463313535306463663332323165663931643731303266303763626235
61383833623161656261393931383461376365393938323733326662383934363937383732306165
61353064633038653831303062346331656663323163303330323832386339303463363364353632
63643238323262336639393233393937383433393961396133356662363963616535343237653234
65653934323833633161336663626335376265356631303333656634336136636131376363346438
39613431383038303239346236633363326238353464363665623863646433363263353464313039
38373865373663333662343035623536626561653266313835363631613734386531386232373365
61653461616664383463343066393135613266313164633264643638613939363636343836383238
30663736626365623935313265343864666130343830303238653066613438363533613063623633
32623964666666616337323939663830636361363263376162383463326262373738653662363734
66373765303063613564323634303039376632613938363836343631316438326562366561666539
65656238623864633763656439643833316130653738316234313261623532386430666133623664
31623563353737353934396565643933326636333231333761376563646462393839306166316663
33613363363936653231303564386336656437336537343533306562363939313333633837306433
65343730393162303935323933656363306232646462643834303866396566316634616533643631
65366631353538396236356661316333646339346638323134343764373662646663333333646136
63636365353364333839656530643438383962303630653835363561326461643631623234623436
35343665316130663038363466376536633561633964653666333562393966623462633530643635
36663536623239343064333434346664333738633663303436623639363734336536643334656433
30366439376431656433376532333435663463343362316136386131353530363538633731326464
62376236613635643932393431323932343233316637373537303465353166346562363361343763
62316265383735643532396135313130323633316562623235613338333037663664313865303362
36353733386531313561323639313337326433343166616466643962643031383164663862663964
61666263633661643838633234306261333662333839656336346165303961323839313661363934
31366135623863366436663235613939616262326138633663613533393136346364383032613031
30613035396439616632376538643831353631313164653139383936373065343131363737343163
37383363393831626237303335626564343035323939343263303639376339633533323264643033
33613437363338653735626164396132326430363135353736613566383733656266653761313534
61626663653966663939626330313635353262623766653161343931333530343564633939366237
38623532393961326266616539326231613031333630393261386364346531666566323939373635
35326434663238656437653737373162623534663136313131666134643136343037333030623532
36313265333963306630373433333164373365333431653837386233353364613961363538653231
61316435623632366333393262316364363939343264313038643564313263343864643164396235
36336633636564343134326637636466303263386131306336393265333333386466633764623662
32306364376133333861316538646334383735386634303632343131663034623864663435346236
31626266363264343564383938333163353764396438333333656436386633633364356564343966
38633563633064373138666663656335356530333638346463303035313333353262363162626133
37656333303062343831386530336135303032373036616365356630636334366635666337363339
32633939656334313430616535333634386164663533613065353837663634313737343866383834
66353638396561333136396363623938323465616235306437623730306638376131333334376230
37653637656332626433303636356135373830353639393564666238666534363235616135393962
32316430386531363934636530366535393662653539636364613638663035616366653230303666
66356430626430633264353435323238656534336663313466353436343538353830663364386536
31313832363965373734616464656366383931646561306331626637393461643733393234623439
64653737336139353865623131323838653338643431626130313238326232363232613333616630
34386539633161623063343561343962623165373537313332626139373835343239656430396538
62643365663731343863343633346365366265346165656438373135653036636638333435633937
34616564303830643236623962386134623536656635646466643166666437626363316431316636
31303731333630623534326465396236663161366530353333613139316633663138313362623139
31613637356234376535336466326231616630613261356331316339663437646333316133386565
30653234356265666238333661316233363066656330376433376461343331376437666166376330
63313436306239643537343861323463623831363038333332336364336535323165633630303038
39323033666534303563383132363335383739376335333064653163376132306138666237626264
36646566363031313133373939623261346164666237333732646232343834333166396239313538
31643034633865343762336632353839316536646563333633636631303731373765363333336337
37316463373438626338323432356263346139383530353662356532326234646437323530626138
63616430646562386632633666353334623439636635666661626337313766313631633430313139
35366265353230326230343231646432396366336332363632356161636139323035323633623334
64663062353464323233646530346335363235356133306237646634396430636461643632386630
37386561336164376130646663616566356465613764323539333265386231616639373937336263
36383065303133613137333436353866613834393863666330656134316231303837333938316565
66303564616139363963643735643064303961396332396466303837616334633739373238643137
30343432303234613163386137373134663934616166353439613230363864663763376233333333
61363238636338353231666135363761316233303334346235666237386635663462323364356439
32383238343065346437376163313932373331623939386566366464326164316262653730613664
62633664376138393863313034633935303066373462343436636235393431353630346366333934
38386232353436636339386235333565623964363139376361343561333364616136303737643665
34303663353331633562323132636132326464613762653235626637646435313165303565306465
66326664613432316236656666366639353233626433343731666532386163616234343561326366
36383039653231636131306537383537653262343864383364636433363365323836373066643763
32613561386463393935303430356132363465626365366231386139383963323462343335383665
65653766656139303265313931663733333162373332643564376335303232356235633331636237
38363761323038666465313435626433633266396161393934353961393665333531353636366134
65376130616465333566623762373830633664626236323335333339393462623331373634626636
66646565303735616330386333623962376233306337373233326365346431356339646633613739
30356133643965633831363132656132656430623262643331653539663330613466316630376332
35643533653365356333653836353034616139366464353839306262383330303166313839643436
31346632643531366163353563666135333565333038613961616166666463633761326332653932
65316362356338393163303638376261386266306330613863336335333436623162326134373839
36376165653037303464633663363536643335343730626135356432363064323362393432326163
36316661643731323362336231383039653162633830373630626662616464376661653562323031
65336635346638346539303466393966346464363466363866343761376461623732336162666132
38656666303430353834343632396335653362626337366261616435363039623431653831393634
63336462653431636261323938623837303331656162643161353265383035366262616539633938
38663736643633306534373637376263626232363162653131393239623161346561653939323335
35663365633462366135353634393733653633313165626131623636303462663434306136396638
32386433346631376437383631343731396633633362653437393861613639303335353563346637
31346439623730626138316230343265323566633737343661356663393331663139303036633634
35303166646239343534346464613035363734393730323936623939326435333635313630636339
64353064666136353138303630623737326462366566333863656431623536316331356639613435
61623235633564336566336133613637323337343534353232616237623264336463316331643435
65326239373266636133373730363265313164323831353631376533383564306363363133636432
65616466663661373732666138366136393130656136386131613365356465366434373234663330
63653162633533373933326131356131636536373236616534626365663833666666386231616661
34313238303938353964653232353263396262623731306364353537663565623532616363313761
36636531383637646165373635643231313932616331643764366263643232386338656462656237
34653365373164646437333935653831333337383130373938663339313333656632633330323730
35393464346531616235313132626162623837386432313265626562333033373965393237396330
37303766613137626463653933386335376262306462613133653239383365353738653137336133
61663434613235663432623734613139343264353865343533356163336466336563646564613661
37333837633566633330636234636462336662343636663433636434303032636631663164636338
38656235323334363830343661663233316664633933303432393935666233306436643662653762
32303732303832333739663935613337343262333336353834313062646437303730323733356431
65373662353236616334623464653134396231623930306137383232623134613037396337356335
63393433633464356636316665333434303539336261386561376562343163646237386337663739
32353663343532393466323834343633613861336432373965383637636465626230613561366637
39326437366436343839386134333533383962333136316535656331656239663666303738383764
31663966356333653230346637386136646565616361623831393463646464663764386334363332
35313161626366363363623337316463343332346361643030336364316134303136376534616166
34373137326634653733393036613134376532666162636334376633323266323964373139663761
32386638303635333736396237323934363061343439383930306438336163303431316231653162
63393531346638303335373361356534306164653734653537303338306637333438613034653362
31306539306264396233633665336563326266363236366435313165363864383330313138396530
66656239303439663635616433343664663062313536343163623364333531303434333633303665
64623062653934653439643537383336366464333763633637633233386165363534376366316661
61376637373462376262336461316239623138306661333338336161383863386638616336383364
33323839313938353933633730396239363532333762623634346635383131386566323963616435
38393566366266376666666133643837306338326163643532646163386338613031656630396332
39666364636532613736626165633131336361656633663663303934333139326132366665643139
39626431613237626131353132343235346663666566643666366136393236643461366233353037
31333732383965336234633637383464336535316536633535653934343362653131313238643362
65396636616432636532646439643835396335353834303264313337626530356637373965626261
31643137326233376334303034613165343536383733653534616532386633363830383965366530
39626334303136613930323732316134313763393963303034306264643661376137323664316238
61663465366262376161666331373639663464633462653166386430613039313565643734383431
31346534346137313534326632373766366439623634643166623638393831343265646636656631
63663333623934306466333134336635316336376438336263613961303163646631333632633961
36623634366262636130663864363637623161306635376162613037656465396362363537373965
66343438376533366539326236363164656162313131326664376133353262663664633063356263
38346138663230363935343566386261303664353634306237333131303739653337393739663636
36623164633431356237646136306539336634393439323033663365353261653130383531353636
61353765393963376264616435353765343964626539353034653630316330613862313862306234
38386131663932373963373236373633333334643539666138363662343664356362383239363062
37343064353731653564343433373837363736373033316662666665383231613636396263393634
65343530633433636636366462646332323233373962383432383036326661613138613262313737
38386335666563313332383439353534333434316539396435363064393432383666323565656536
66343564373236373031656363313536303633396665623638613635666564303765363866396566
62383134303236333036396634663430633639363232636132626162323537326337353366353366
61626338316238666531366338313065313363366264383233336136626465646237636630613136
31303661333563336339303663313363613663366466343931613631343337383335366130623637
32623937633761373166636164323566653030366630666535333236363363313665313338633134
64316330386465333333656465633333396632666136373463326432643133393939326366336133
65393762346630643038313238636562666161353639636235636438616565373838376662633138
35306666613230663935613038316363626130306436613166613338386137323331383437316237
61383837626237363232303631666239316238666234616432313432303461313065646336373236
61353264316439303133383032613961636466376339356562303039306431333531626364363138
39366662373931323062333730393334366535393863383633376562313935386233373737326166
32613535366266313766353133313862616461376537616535633261376637626533363062363861
31616635376231393536633436333338626237356565626633663264623933663431316539353830
35633164356135626333343864353030363739353132656238633436303935343866656432393062
64656436666566323463376437363336633565636437393137316436636432653665336132353932
66356165383233306437393564626666386661666539306337313334656137303431663361643666
65316261316365633961343364346437343731653938643665643234356132383835373566323861
62396561346662353639656166643034646230616665663065336164353464643164393835353138
61646132613432373138656264316231663261356639303434386264306462386337326534303030
32323862346361633863326638326134323036623034656436633565613434333434356333613139
34333466656332306632373863343066633533663131663064636162333064343261346634356331
38353436306361396539653036376363353134613361643766643937623137356562613265363038
37666239353831303931353562316635653439393461386261626662363430653262663237656564
36313930383564323236353639376565313734313832373938386639323663393337643731303430
38366130613765336465316139656365323066393162616535326631303634393839643136656237
36343064376639616635633834346634353063646231303537343336666363313036396162623466
61353563373330626333636539326234313033653435313032663435383863393935333763313633
34353330373466343436303363613536623234373631323463613764316339373630633131653631
33333666396265633037393334346439303461666339366264643230343736333330623631646631
33386564373964383833313038643334383230396362646363623438323134363335666266366435
39343230366263646463313137373032356136616562316439383339333365633038633766393636
64613262623633373133366235613736393937303633616135386134656264346336646131376438
36306236393665643562383936393732323434373764346365316665663236613231313233623936
32623565306437326638626462653734393338323836363466643632633836363362303234626432
34616235366563623562393662376631313633653864343134626162383335333566623933393761
30663137643336326261343732366266323736646262363464663563626134373865356431346661
63366632643837393465366633386439323462623266626539383639653432353563366532366434
64353432653734666637616132643366393130393061646262316435636436303233633566353537
61653933376334623062643638366262306630383366626365633765303931653366613338626632
39346435626137306333613864663139346363633534346133383432646665383663313362613739
39346137623630353433656365363636636235346163396630373261363830343633323332393736
39363131663133366537383732613036616337623564666336633435626438343431343962646131
36373565633536303239383432333136623661363166373939393865346138643135356237356232
36623039663465363031303862303631343539666363613761396236336562666362316661353333
39613564633934383561646530303061666365616433613132396532396261643932663164373036
38643866343761336238333464336334376533613861613166363838636633663133366537333666
34376431653164343663336637386266333239353635623861366535326561623437306563633463
30643038373639663662643732363937623662303763383764326231616466303066633533393835
36373632663833666163366265623236316338353233623831623639393166323062303861396666
36653831356432663261363265363833326336323735646431343837313964333537646230353336
39633564336166393538613637313330313065323430623735643164396239343164396132616133
64353565343663393866363765643562353634386461356465303461323065666566336431633134
66383835336332343436386161356531636438663564313835353265326262666236376130323133
66313763633737633238396332643562303466356438353838333234646461393035323261626462
30346636303162643665333665663162623432623961393464303533663866356633393462306564
32613630646334663339326232353832366234656334303038306338343265333061393637346638
62363463633530383662353232643339363635363265663030373538663965613863333138373133
64343430363930353862626336653331633737386437373064343461306430303536353430613365
36626463363934333533303130623337636634326138633131666336663631373839383365363538
62343234343866666266636363393735646332653163386238313965333338363064616466323264
33326262626530663461643630303730333130363234373563356634323062393163323834386562
33333436663230396162376337643432366134653333313762346230363363623738623465653337
66616239663035393430336634333632653132656332663838386234306564656133373032333864
32633333653834326264623634653263393065373362646166306433383065653131663637643362
34353765643036373539356334653165346465313763326635313837613661643533626639393930
32373833653734303839333138363965303230633733623935343462393633653139643862313936
39313338643361643663653037616637346339323432663438626136373634356536626132323630
66326561373266633931353563633236643863346235646263336432376237313764393362626435
65653363623034333830666632353735633435613038353762626639316364623634336261313231
38353132353865336435363430346164326661623766653734336263643836623032623965376637
39383730663164666663306536323965663664386464346361366531626637613932326430383164
38383932633834373732366636383966326234356130306162626637346664653935346434326437
32363765396332613435333863316437663030363237393366643739613637396361396165303863
66653463666437303536383134663634356634383037353138323139386466316230343234336131
37333336373961666139393337383763653466326665353062333536383065616266383236663264
33373565643333653138323632316664663363323832326134393566663161623665333630353735
34383137386161636533303862353832323265613030356433383235333264643766373334353864
33353261376362633762313634646363313638623065646461623930663634643864366235333538
33353663373766343633323066663937633361373137336635343261323438396237613132643237
66336134623966643531623866336233353330373238346164646130326132646438666430336433
65393666626536396339636165643834303737336134623437623462313864656635393333633938
36313930393338383339613738663530653137306162666131356632363737643437633236623864
34306264366166363838393362663965666538336534623435376166653633396331376665626436
38316635383338653431646465646434303139313663353866623261376131303561333961326432
36356366373966373962663361666162363439366438636665326239366264653437303662623431
39646263636465303964333665643234366161326535353932303339303363346133636363363239
37323162616138313432366565613535383734333136626363663234666461326361643665363938
34393332633964306635346632636566343031323730633334343235623965363864353839376236
62613061343065323739343037346465666437336466356237643962393366653265643261376437
31386164353837323863656636653830333035633635363933643730373461303164316334623134
61326264373261333935626334383961333163316638646335626434393936316339346662643534
38323163616338393362663033343433663039303765393338343762333637343637363839623262
39363263383039636537313135623234613865326336376439336437633166363961316336373837
63373664643338356134626630306332356334313065616663313262333937633035346432396662
30353363363964303033636332656237363532323333313864326363613534643433326531303033
36316664373666663766376466666436356133663336653535343534383931316162636437633832
66633364633134643063613461313265393131366466353162306162306431356239333162643061
36613633303432363332383833336134393936656230356164386238376665613737653061336233
65353736346136333064623638383737363430663063366330323738336439626631376262373036
33656630613638313365386462396438656162633561373662613939643761366565363432646364
37356334383439363230396136613038633931386361653864313266353735383632393333356462
32333539623031313962323636316337333665636431316130353338343030303036666235663832
66663365643262373163393461643965393231633733303133346661306131326236376632396636
66353238643336343532303436386431623138616131303031626262383531326234376438633936
64616235306437613063323866303763323231383731623139323730666237373536663733356532
65643561303231313631626533616263333237316562393864646165626231393638303638383533
32353834313861346238613965633435653239393163343337356365346338333836653730393035
61613630313134653261393831323131626132323566633865613065653638306531323630316237
30343938353139643266386462623532626630613637663063613763313235633062646136373364
35653461623463643636663531343964653961366637376434656235343130363535626666366330
39303863303566663935383739323239323066643732383264646234646531376637336162396163
33373736643534646663363539663631383138653732386135373863343863643962303632326137
35616661303435656136393834326138343333643033623339616333393862346462366462663164
61646131396239663866646434336635626661666661313662636664643733666566383933656465
31306534336363333631323330336134353739656637323231313461613363636432343863386562
32303333336264666565323537656464343866323036333865343838366661616164316231383631
31666434323137313139666630386538666430643233343931613131366634346134356665666562
65393861343035373238333462646365653966663637666633313138656636623835366338653438
34353262363363646265373332353037313835356131373661323665336665626564326663383434
61346339633864326565383935366439383164626138653936623737313934646463373964653332
37363537323165303663346333323631656337343764336265343132663930376663616364656531
62303438353364353939626632643739333435383435616464363366633466336165616539333263
32623233383064333565623866306462633865353966353334383462653632613130396431623761
39663633613534613430396266653665646134646639313963396539396131366463353634373962
36616662393834613065613361646434643035613633363161363564353264363733343565656137
30393339333030336139303263313439643331323063356436666134326363653639353165366530
32346337386663336135386332626231393963386264396533303933336230646262376164383435
38653531626235323732333534386335376634313731313066656332323335313162333066383739
35396338666165613231386665623938643363613966663062373937366232666230663335383731
64613263343761653864653238343632623139613336616266393236393436333361303961373833
36313935393438613962343339613337303535666435613964646536303366333565396137316264
34643537363437623063636539383134653566653336303535336566633931333530623361646562
62363566646230663933393331376533616263656335306635353631306231383831626230653935
66323938646630616337616432323332323363313239653430623461663265383130623033356230
65396236303936663538343236623137386639363035353031373439316131643666636438356438
35646362336537336530626161396562373838333338383762666666336261646633386464613638
32363630646161633837646162393662383563653133663965373132636332626337623132303434
30336364666635653137616537343165656235633465333937623865616337336236633633633638
33663432303132346232383732383030623562626362326339313132633735623332376462336634
63393662656163326333373433663031363437633633356433366430633666306132623966313537
39313561333338633939653961373930306562646537353832373734366161373966303435396466
32366163366532386335393831656537633566383337343464643332313631613935333630383135
63333366623861393961616634663836383635313434353163343832336133363462353035613861
37343130353234626639366666396463303064353835313235346636633939376661626263373164
65323232373836666135393334326131383264343833613861383639663034383365626331343034
65626338666430343636666131383163646634326438623930623438323430326532333737643566
30643038383835356530313735343931366434663930653633633261343433633932373736366131
33323561613562373962303865643539393238306165363761633031363331363239666231363365
61613730373634643734363030333766336161336261386132636636393135363665626635656330
66323062363962303965333939616137386237663637323264633736613537613338353864366531
33363433333131653264316333356133383735346437326264623235653564306238313863636464
33303761636266613335653261363733663637623235366661653731373234653236653632663532
36393564393532343431323835343564386666303766386265336362653831623637316463363064
65373630316339613765386364363066353637633031353138393161373833633766613836623666
65393966653466643438353565313464353762623331346437346230323031623665373166633764
61333465313064333861643633663730343533663464383831376534336436336163643138386666
35363130343834306232626234666438363037613439353663396531363135626537616231363136
62346239363330353634646166623731663039393435343639363635313265363963396430346233
35376539633564353664306261383235623532316538316466646337633532663164313435616362
61373166663531316365343634373664633832366238646234393765303138383438633634383136
62366365366232343030333234356264333839663434663738646563613562393035306230343764
39383161353066386663623436346635383236666137613862646262306536316666633837333637
32346161653361336266626665313565653438306533316434356238623231653436333033633838
37623331666531346231346136333832343464373432646334616131623466633837346263613239
66303635353166393833616238656163613036343933386530613365306131326561303739326434
62623031356138303765346338623532323737373639343632323335666139336330373664366634
36646638366661313537666637646431376439656434363337656632346661383930333263383062
34393533363133616137643736626363666236653839396462636331633632326235613438363561
31616637636136343231646433303734356435353931353430356466326136633438336263643934
32653261363436313862396238646135346331306137623664343730633031616463333962303235
66333863303236336434363835353034326337623465336464656635303463343565633532303731
36393938613333656530396431303861343162666639643933356165313463363932316436373134
37323038303563336336616435653566316539623638323531373233333534316162316232623163
33383761666237363635326461363834386337353463396162373238383835343138663365346335
65386535623563636438313064666363346530393233386639323833333933616366643637626462
35336664323265336538373265363836313933666432613163626164306465343734313562656634
65306162346435653032383933626339613265343466393965616636656564396436353035663462
37373933326134656533363862626135623931376364373739363433643463323561393731663436
64623432653330303864396430656438303333396632646265373965356564626261623839366161
34343438393437373362383039316139613333633037636239656530373966616235306461326538
30303232396430346332343131303065313761366538343565626332303062343638636238323236
62653037616537626438366639386339326264626334373631386335623265373139633638653765
63353262616561666165666633626561336639626564366362393364616366363865333063343862
36333266323537316336303030396135373133366230336338383537623530643665326663643166
63353766316565653632353265396663306562633466363638303033383238663230313230326133
63346263313836643130363930333131346139336361646161643264323536366265653039643437
30306632373339313032353263313631646135646439393938366434663262366131613831663461
61666336643332366138323738323236613735366263633432316432356632626662366236616664
35333336633562343331366565353461316661656630633634373634626366626362646636646261
33336533616538613037393630613130363639613730623464613865643462663030656437303137
34643161623637346635663033316538623237363536613862313462636136396437306461326131
37353265383461303339323233376130323962383263393734356432323839363362616166356261
65323161323938373537346534303730626630383632333136383437313165373239376663643433
33623438653839616637303034376437336633363136313166636539303936643565363566373839
33373437373664626139633531643864393562353237626139356130363031366536636134623761
39653439313738343937316662643362326438326137633661383865303565316666376232303538
34653835653737616261643937313837326538616162346234366462333036383465376264333030
61653931336239366164353938373366396231353638616366366663666239636165383436633339
38326633353062346135306438363931323534626334333562393636626166623432616333343738
39383461336262653663643365306564326236613336353239616230633461653233366136306536
62376462306430616238643765376632393839623638633339633430663035366536613937633461
39363662303565313364323261396232306233356365613738376163656233663134636634303063
62613139643538643730626637376138393836663861643732313232323536393439383537616661
66373939356234663533653164373538666438303238646633386464373837396363643065336165
31333035323834373235623434396530323739366538303163396333636631663661633764343135
36313532343132316539393462633134616564386232303365613534643031326330376238643661
34343335613763303238663736333062626533343032323831393061363731366334633162323265
39346664303839636663633661333034653162356231326139306164626564643365366639613633
61656631613438663230336234323830303863326264376363353330303863646664366166313233
34376130366461306264626663336332643432653935353231363830396132663762363935303563
64636631643166323865383463303732336534633337393536396131353766623063333638303931
30633263633139393531336437623165653333303937353039346661363339643861356135653263
32356361656137386566326265353331396562303736373535666335346533353132666363653162
61343138383138643130663935343234653762373832323363633365616461303839343134643430
33336538333731623261356262353030623862313139663061376161316463613633316462356530
64383532613130363965636665313636316336353332313361396232393433313835323666393663
37313034363032333131313335386663363138663230613662643837633865313966376235323930
30303761646331353163346537643737373431313666363166393861343533383630613937613738
65303361616130396337356431356332666330323064306666336566613039366531343739373831
34626430656231346537383633363632356533376163313162313863396439633334373461303131
39646461336564343033623938343631633437663763646530323165393061346630643537333562
64303835323666326161386536626136323665633930306136613330333639313838636337353964
65616236383266643765633832646138646633613636616436393230643132373638366265303563
32613034663035663062316337363032396633626361313664333739616237623565616261623566
32663565396638666166306634663930366166393638336436666437646536653762336437323634
63636138366435643334316330636232626539323062363637623765363136303663663765643130
61363365663865626633303534623939396666326530306364393432646633303531383261373632
37343937373665393464343535303364393264316531363466386364386136653065643762636634
38313561633838326533666233313135316630333962346135373339333835623861313939656666
62633130636633663135653235386637636565313461356134306231373066656161333937343737
37653265633333626362363666666165653038376665383832666432643036616463316266326665
62393566626539633231623732396232333365643033306561616533393563343239363666663337
34646138303966383261306339646663613565616365396631663935643237363231363136346339
35303935616164663434346138303263613965393737633464623961643561333635313163346532
37653066303635383062653837396231373561303036313762636333653462613464346530363537
63393531363134643062663737333039353566656634353864356162633466663235623733373233
30396639623638633932386466373966643334663834306333643131663539353565653264376432
35623230376530383533396230623732386366346439306565313332623464613262373436343361
30613036666133316135653761303865333665396436666436613065396138366330666232383237
35336563616138653038636437636162613165326663636463363838343433356639306665313434
39323561623430313233383433616533393361333338653264366332653934633165393262326266
31313732316164636534633032343366656534393230373532373835323631643766626262633439
35313333643738363265363832343161633666613766663138306535343536323134383736353165
66623864656436356436373361306431383536366333313061356263316432366466626433353330
37383638373530353131386635636166393663373463316335316366626630353862666438663932
35316439333431633266613639306466616262386430623333623766613631366261653265353834
32336434346536323363366431323635323664306536326331656163303333346431346164383061
65626666643732373733626239626237383238373934343761333232363066363136383236666165
66666538663661306664613732386133656333393838316361353966636439306136333736363165
38346631316534373239376361636234353031313634626166336231653564393136643262303561
34653663313339653538323730326331313138393363313936663030353663333633613861336230
32626339356238366239623664333361333335313363396439633064346530313535396630613238
30616261613630613039303234353330376361653237633339393863303733643663356363643934
35653337376661656264646166643864383162626636306362626133653535636530643731666631
30613333613935313566313461303030626638363335386631353239323237616332616138633538
37386139333664663464306661373039636339636239613666393834336134396130323539316236
30313165623037353362636561383030666165613062626135613166303933633463643037623062
62356637656533336238346365336462346235363265366265396562343666326563666433656431
36623132366634303562313236656432316462643464363034613034366262326337323337323066
30663637336137373562613061373033633364623666363435353366316631363161666234333163
30316438376266666565326535656162326639363330386137346566353933333138316362383863
31316664356563383765666162656561373565303632633938373632356366386666313735313566
39666664626462316333613865376531346233386434656464646630376237636639613934343336
33623834343963643064333732376534613566323231656564393363343532393138373935626638
33383766336336336433346666306132653533343339616636633131643632383738613038666638
62393834653865646661333534613436626536326137326537333634643662366536666465346132
30313137636365323461333336356531346537646162383730323565626166303137353737313232
64306466343637616432323037373231646333313038333433306232373533653237383333623236
62626465316538323363313235663432663030353664616662613130396236376230666539353465
35363531396339636531336633343063326235346638313533633262353437393665633333633434
35376530646435613335336437306431666430333132656663363666303038313731396364383433
30623864646430656465663034393835376464333366333235356437656631303430343737616435
32666637373732633661663466346134626661383934376533393338386664636634363436333165
62363539363966626637373732353430386465616361353033313239363339386361326238333135
66663166303064306165393732333134613734356663363466346138383037363161343665643639
33326666306139376638323065393334373066323338303536666137366563636137386562613231
32363731316638643039316461623662333262313231656236653565343235373839636263663136
33643637396539383634633833616639376566333931623636353563323832373064363333656133
65633233366132393038373034383466316433383638656334656336656637646364646366636564
39326535613138626132343661383265396230396265363931613033613762383761393362656439
35633635666663653733353463383731356531326330353632386631373430323735313661383838
36613834386237363038633266313637336236616238366639656432323935643430663135666331
39653637316331363862613663666332346165333431666132613732646131326164373563333336
63643333643833356538653337663965663766336437626130633437333735336466353963353636
34336235346535366237393262656139393336326462326437323963613832343066333762313234
39353662313366393138646565373261363564393961393033333138326266343238643332666363
32636565313933643432616266653732323436653135356530323838303430383537323530663337
66636632383361316336373263393566376237396231316139393664343136326137386233376234
62623432336439343234363365323936613939376638333831633339653233663931383638396564
31393437383966346434393137323337666663383364333165333431303939356232346365303261
38656361373536303930636462373034393761646232393433326233356338653066333966663033
33383164653033626662353030633038353035636138383330663465373639366631363966363532
35656237393565666536646362363135383132396237636562326634343434306238636665666433
31346366633739626538333734373137623536383465396464333738323538356564313036623530
65346231636561653430656330646632663235643566393334653766323263646130626164636466
65303566353933623632326631376133616237666131633632306263656433333030343230363737
66666131383762313036643530633235353864346232313631393565623631373239323734646239
32663336616261366461386430646534626265336166663464373432373462636536626462626639
63626365653763393364353163303764623361383061383137346334336533323161303766353462
35653433656532643265643364356462636261633638666330613231623762393163323462643764
35393134376166636536623932616438356138663965313732393063626533666565303963613862
35346364643035303464646339316263346134383339343237346161393738643665376235653636
38646338623862306164376434386236623062313439306230393838383738626462643633633235
34616266363337363332663265383862333962383736643735636139336437623838653631383364
64626239323036376530356131383632663435653266646539623663303533376637636636633531
66346334376563613735373331346162636564613730313966346135316235653531336265616330
62653563613539326561303963616331353263306334363339353535653762333933623939343935
31366631376266346431616338366532646630643762666566363531393361303034333031626561
36373866313733613031653037356239323238396636633137353765393565313131393439343833
62306366333136373432396338636332303038643533373636383432386437353134663732383736
65353938313766656566323033383738366461333835373065623938393266346166336338656166
61613366396135346162363866333537633232383137613466346138653864376236396432623734
66656639623461306134623066623930326138623338323434303434316530366162663134323037
62333234383433643735643963623433363563326132623032396134333036356566646335353566
37316632393130663035393965306332396436666531333437633730356138393738333539633163
66666337663433303639363134396332386634653565653561363031623537353631303836626266
63663830363134346337396263626266633630613834326464373337343930353234626434666233
64663763346265643463333433613331666266396132313332323562636631323033316233626163
30336432343762326436306132346665306130383366363065303366633530326563653835383732
32666639336565366530633130313964303236633038356565353435333737656434366561313038
64373231656135383232303864663630623162636566313531373439333762313536306233333762
35373334323532373763623738376366353564363764663037326264326532386163653738316238
39326361393566653837356439383466373734356262306532373433343939316539323037383239
32373735366263376461313131353364313531396330346335643530393565386235393539353338
34303165303034306465333463633534396238343730316534363761336362313539333163646332
32346564386637323738346537653962623966323838643232363334646330313937363565353935
34303533393365366538376236613163346164306366613264376366336164656235353465376537
37623562353430366630323530663131326636616462623539376566633830623762643030623663
61346562316539303464336464366661343037613033633838666666376233373238386434393336
35653134353765643131373964353432303634323036376530303037636532333631623065643133
34396338303338616335373736333566396634623832316130356433323033666634363235353266
65663534313332373662393762636638336661616638353530633261626463323035643138363164
30656364366431376133356535636139623630663938636137643233366366616435666132323331
37336335646464653462346633333035363965376531383935646538336334323939636365663337
61373830343332346361383835633233326630366631613334643361383338653630303233353332
34396238333536346635376131353739626539396332313862383037326537646663393439366134
66336435393564656563323230376563633039343334343735303364383939373936393935326164
36376364366361323061643730313965663432373432613832346365363439303533306333373635
37643164363633363037313237653831313039343332643731313132613266363339313634303862
35376163633861376335316238623434363165643934386430646236656464623138626338633932
38313132663564373439313539613034386538623234356232353561393234313661663139656531
61363963633139356461663632306366353436303539373434333635633764303831313936313065
62623562333431653533363066383635646531323866656535353039653339383066346334353038
65333133346264323833393664303030326137363137326539663834663065643861313335343533
31336563336237326661333562643331653335383331313465663166623732393831643136393062
36636430386437613039386330336562303731363362386137666235306630323536323061396137
35313332653336623963376437376364636363633665343336666430613936306464623666663232
63316564323336336433303031643063363163653461376336326666623931326465626661366630
63636230323963616135663566623739636663356432383366663366633164623335346634663431
65393465623735633539623762363266646536616336353237396334366239393330656362643935
36383534343862656139373164323434386437323164343737633032333532623338663038353139
35373230373138346239636432356539373236633636623965653137363065613530663338666633
36363734396363373861303237363664353535623661333534333231383039613933616535616464
34383965363932323437353435613366663662366435636137653365383231656163363362306235
65373866393932313165356533316266653131396664386434663661623931333835663532346164
66643332306435326331363136343434303030343064656535343230373430363235613461653439
65663031336135613363326137376139376366616337336466653630363362393463356432633365
35363866623461393733376461373834313733633637366465313034333538303364336234306330
39303733316339626661653265323964613438653131373838393230353864303134366630393739
34333030656166396630303562656630353362366436346135616563653134666434643964373966
31666663656432653063353337333065353032373663323366653634306363313339313532333466
66333538393038313836366163643464343736373764363334366266353133393332626231336164
62353133383965323366633633666661383161323061633766643261373738643136643335663431
30653866626135306434326439373433643730383936653132353364313365333439303661653233
39313430643138306632376161626437616534613565623039653533386337326564363363366235
37383639623937383938626238336337386639663139626332353262633432343461336435626538
65636333363132643832646433646538326234653766623732393661313236633536393366623665
33613862303166336331343631633238303139366438643238396439656536633237646664313866
35326630376534356237623639313134626238316565613335666630626630336535326534653037
38376563363764646265646636626665376262613236653864633332613261373664353566396161
64336135366166663435333465393438613966366634663063666638363336656662323738343466
30663861623535336633363265396533366237623731616534326431353837633432656133366433
33656638336564616338323066393365303864623832663330313430393261333963623734333633
32356436363730346664306437303137666462346638623865613261386336383234383633396230
62313039316434653231306166333036623262356262666465313930343138303862336133656535
34393335356330363962613336653336623333663638313533396630643366306465306439626666
36626166646435323736316634343432356239383633333266323061653362633161326366623262
38323038373763636431626338363861636263306438643062643762633737623263613834383363
39303731646161326363333262316233323666343162313632636430326633633632326131363131
65643336346433653166653533373539303530663263303532343533306131623436373537316531
37653931386133636138616634373437303835306364633261373238306331363662646464376565
64373431376433376433636533376532343362336637363466653035366234633663353737663666
61363561303566656230646164646361623261373635653835626362376535656134623430326635
61383566623461363433653563613830316561336530383866316133663732333266653761373361
34323435313164643232303539333566633231663734396663663136363533646464373461343364
35653464636633336238326332633636646665316437653761653866346431383537626366653632
37393538376462343637373236653163393733396563303164303535353765646335636633336663
66313166316431373332323730356634336338636530636262373662313938633136633030623665
64363764666564376663303130356235386333346266306563616437313435333538303730346564
61613464666264616333333537343163336661663736326431353731633537616365363839386435
64643136653930386362373336363863383331656164646463373232376530326362396136623638
64396634373232316131623434373665643134663966343930613636313165656433653131373038
37323766306135623064373366326435393538336133373462333438663964636332323164366230
63346461333736316339346233376430356163663163396633363439366238326633386232313539
34643263376264663763646338653463343561666130373730323864376432663666323539323636
65303039306334363762386666646366373064316535666334343763353166376539313637346531
64386362646538333363386135656238353266326335316161323264623665316439323964396237
33326362646365613432316663636431623266316535316330633231303637626366663030326536
32313139623266313766303965663262333332313138333362656631326437323435373661323431
32663465356162373233373339613434653031666337633935666536636536613266646235353033
31316338616338386666393262633938376338653964643333346135346163386161653062376134
32396434616463613032363065663432643039326235376561643162353731663232316261373030
61323531333461643132393836646665613931653434346165373861643661636562303662643738
38316361663666393839303866643163633936323137653532346235663661656430306633306331
36643339666133666139353461643336353566613236366634393863343937623932613265366436
62613864323337343063313737636239373230366339633434643365653335343463636130656237
66313230363133303065386638336336343833663438363464366439616230346335373633663765
33376261383630616131336532343161373032616664623666613636353731363365633035323766
64313036363435626338396339626361646138313730383039316131396363366164323435643233
33643761343935633933383162643033313035363439333461643862346265646339613830313532
32633230646438393266623633343166636137333132326661626530626338663032356266316137
35393236613833363262303435623136353631333963393131633363383563353633373961666332
35323037326536303738363130393333623236383532383832663863343766363135316662323136
35336539643863666336373537646531333138613835306166656630363930313964623938373230
34653064333535386336643665353565363662343462323763666134643430396662326235613731
33316661356434313838626665653761383161363265633931623731356537383939373339353365
64353536353636306536353833366562333039623965623131383834373161333534373333356162
30356331373335346362616239626666663764613864396664306663323561356433323633613466
37323066623163373635666531323833306535373831316161373866613263313637303131373039
30373661323936393836633566396163646237373734336635353461366166643463643162613836
34373734393865333761343535626466393530356562626531343831373565303164396563353162
34336634326636393730373766336263306433333130336665356666653162643733333838326436
64316132373337333766356330326263643434623537303032636530666163383561616131333762
38336230393764633531333631386537623533383133653834656266653361353865326332366331
30313064323137343730623062373631353332656330313864636635333832313066353037313931
33393934643835653366653837356337323361383862306138363966626264663664373238653764
31363637633737633236366164363434616461306637316134363531386437653664643538653361
62343538376464393961656430306435623436626165623839616633316264373264616230656461
36363836613734636639386538303961313033643935326232663633393836636339313362346535
30363734343536663536386234333432366230386438393836623766663231373639353335663166
61363464366139633637623266393066323863303661323031336233363438326330326438303966
63376434646630386633353236623534373630363137653961326564393638643436323031323437
37376236306163373139316365383538363866396539313561383839313531343539323263653362
62313864636131646263613164666362383964373464656665356432373933666461303431386634
33386235613466393432623762633335363964666230653738663766366436353062616464666165
39643064323861336439396433646266363735386130643936636330323962343734646530643132
34653965316530333564333838396136393132303666643830323632363332383635653230316564
38666466663931366538633035613365366366653736326461303965616264363463633335366535
37353437636533313934623433626365643838656239656661663238323330343864396437663038
62643766376161376361633065313365343864623230626164646333316131656235633736363462
30336337646338376664633261346265666162626332623337306331643362306662313161396665
33626461393434646566653338336362303030626561386266623035303532383664366630333663
63343433333463316262636336343833396434663962653464353936333662386232353161313432
35353832303937613939356361346530303238376336313237646665323735383537346533343935
39326362336339393363613161663264396366623861393432333962653265623530336133346664
33306431373765613464376565613438613735636565383331633238396635636231656136326238
38623835316536623564383164323361326236323834366239376430646264373033326266303162
35316262356631356464663838326634626432386535623331336337383734313630633363356433
65653964623966643038313139303338343032393066363433643433306138303839303030626566
66626266633538336165656666316537353235343936626163343535643031613762383663316264
30346534303133666638373435656261616563316633383230363539646134663135666262363937
63346235366566663934386636316262376638343636353637376465353435313263396239353231
61383234393536636134616437333034366139373463643031313532333738633034623237323361
37623932353832346238303834376462393564326134303163343033656237313931316238303632
34383234373061326263316337613038623633363639313339393037373137376462663130666332
36336564343131353561366664326333363966613761373338353462643137353963346337363139
63303336386162333166346138666331306138313635643461643336376637393836323261623733
37616631626166663762343638663931323565373939613366306336343033643236666334653763
35333430646462366232633539383932636434616534366563303936646230333830656233323937
36303233306438653162343837373035333036613462366532326336656136396264323764313636
33656434623637663636366231633035376135633938343430656135656630623364376163653530
32393239356461656131313039353061373265653761663832376530343864646134336132316133
32636138626163646565633163396163303665333437616231346538333931666639623863343730
65393963643439366137636366626138373964656165366332313564616630306162316131646632
65303262656633376532613532353335663636653436643564376161376461663237373931376463
30633232383662646331663635373661386533383064656530656330643264653237343533303933
37323366356437356432633831623762666233613839326262366362626138623137333265313364
35623937316535366437366531666632376666633832643365333666616139303465316535653135
32393032623064353235313831356230663632356135303861623633373138396364356230633961
39383765323535333730393437336663633537393431663432363261373333346163316266346135
34376133323363373536356263373939653163343531313731396464356234343162373831656261
39343963363538663332316663653337646266323934623065663331383932343630313338326633
30346666356537623730316433306232633637623934373338323262346663383530366565393037
36386439346630343638353139623239316534303031336136663264373835623565353561386361
35666133356238616531623231646634656365333039373665666435633938313066313630346263
39326635633338346162303361623865633830316535626437356636316636333264393832633731
31613164343537303136666437336466656538663431396230383333353733663136356666323766
61646533346639333737353035336437323836383934633537653530336239356232373938316163
66646137623333396266633335323635613537323339663231643038303563393338633165326634
61613738303464616238396138643963646565313838653662316363623363393863366463363332
64333133346237653230373061343963626232383534303263643766636637346535353263393364
63623234316438616465363036353937643166623934333763613466656534666632306139633334
38393239393861336231663939643961363264363031316363653262363832623062306565393530
37336434623137656239326134323036663934303165623863646363306439356133663133666162
38303831646564623465333331313635333835333666663764646230383861613439336132626535
62363139633039653765323366366364346534376431383333343532383530663437656638623439
31616632653065633131323530613262616334363833366139363237366163643164386235336562
61363266636630646133336333656334336566363965646132373766336335306433306466663438
38633239323333306466346231616466306533393830363131343034363962353539326162383438
32323031643933643330346366353935616536306236343662323237396363393935366338626134
37363936343337306661663430386162376164346365356633316339373338633439643331633966
39313932643530643733323763383938313530663562343366633733336364346434336163323831
30666264393432613639323061313632623835666566623237336138356230663239613539303862
31363637646566343030633465626539656331383838633438643465383337623462346332616266
63623566653138653635633231626664666366396637316363393764376534363663336233306233
66376530376464383334626264373966626230376164343565636532393630303031366530376334
36666437326134636466383364393134656265303561333234323661356538646265336634633866
65633639623732323138316535626333373164653466616539336236656363313536393132313830
31373666643365383261613738336432663762653035623136336439313966373036666539623361
66626333626536373631373230383166376334646335333964663934366539323566316561303539
38343834346630613130333436613366636437636365656465346161643832323131323637613238
64336264646333656334333935616234323431316465646664313938376161626531336464353363
35366264313834326636623036366432316438316637613861653631393337626164626639666365
33626564636238336131333233666162613466326631363665613630333966303166623663306237
63353438383033346431336138336637326337366430306562323062386362363536636133366133
38643732633237323939343962316430303237633865656634396538336263386134343163663034
35353661343462316566613162653237353630376632643437663565383961306530336163393831
33666564653139393064323338383831346433613966353664623336393463386565663530323935
34656433343630363161613337613433653761646266306332333336643066613133313538333330
66373361306532393934393430653761343132366136363064386131313761643936333938396362
34626564306434383436336363336365326532623061313831636137626162306437383738336263
39396331393937393935626136363935343261663966343663633764373530336337373166616234
37643666373333383439623062613335383064383037393766396432356561303237663965643864
34636431633037616437386433383265383333626535633733646330316165663433653363613665
63373432356338393638656164376666343731333737306634343838623132363462646562343030
63613366366164663035653133333132363136313861393931373961663138393762363264626539
35353764346563663232356533646561613238386564613139363630383838656564363639613262
33313337626131613030316133306333366133396633323737336262386236323932643032306438
62363064646166613438366662323730333132346661653466373137626466643431386335643835
37386537663433613632633635623835353461303435366464636639643938323832656436653563
36323230336533333663336339373765663431636164313531396363373738626237666263373832
61393834363764316462356337306235316463313032316536316265646336303230373137646364
66653264353564333064363434376238353430633036616662313262623037316330353130646237
66323930333362363661356637353764383135613033396138316264623234303563333666656436
36633836313133666132383936383063353663343336386530303937343737306562356631323764
34663032346335636261633063626630396435373337643630636638636133623739666230376638
30653537313436376437363934383463353834303961646639376230623163373237366161343733
36623066633834383833383364616366353430353061393961343731636539623834623437663861
61366534633337393139646337316530613764623434623239333966333232663261626234336338
31633638383363376132626432623962656436633661373633656336373139633039343663616635
31353462333033626361636563616365356237363531323866383431333663613339316237303562
65633232313335653461643738373939313661643465623638353936393365323036636633396230
65613036376264313861346436353736333737396435323162623731366565373233346236366163
32643039643037346462356265356366333735386430366332623130643735336634383439636365
30633136633263643837346665333736643733653838623231373665636634613230656638356538
37663034363164396231656438616235346232383464656264373862623466643931353564353564
32623062333539656334353762626139336634353735663832396339356132653564643136663538
62663936653636623335313731373933323465383639343630363164633535663631623964306464
61303831376566613734343163346664326539353965393132356432326535613833386466383365
33356134373665373234626538656539626539353962623936393234616264656136333234353631
34366565323263393434376434386134363836363333643239626233343565666435336538323538
31626563313863636238653838646532663064323639643432656161613738386537303539656361
66383266396632636239333338333538643263323836323035326364666339336432336465346638
62326163636661643739663236313461653532653635343636316433333966373339383234643034
64616261666438323761333032613061636363663362323331663736336138303939346637366133
30303637326466626162363830303163326339643963613339656164396432313265383665333034
36313430336666346466303937653838333633373663333265343635316665663865383739373839
65326138346662386365353962386462613364303736653865393931636535633835333232633037
61613533386234333030366131346539633366646363383861666535343261616461376166623961
35636535356433636538633632633761343362633839643130663131626438346231353033633238
66363164643635393366613833306562376166316239613064353235643737666332363961636436
35666363623634613831653938336263326363393836373261373065323364346564353936643835
30303764383739393636363437666338363436303435313462346333666664343866646237306433
33346265353965613231653239326638363138616531663566396664353936373538396635633331
30313136666136363432626130623366343133613238313139653361363137386632663933333366
33396562363833656135383433333062363236646235373038356162643465616539626162376139
39633364363564646533633665313063666665353031333233343233353531316662663532636632
65663234306138663536346663656162306631663036383032643336396132666231306436386137
35646535366161363064316236393363306130316363343964633737616536373535613161353036
61326133363832393866663938363332306265643434326565313963333739303265336336656535
36623536346335396166303565303230303136613730383437336338356337343561636562326661
66316339623466626263646130613432386335383565636639663464373639333764656437643464
63323430343231613433663539346437323065373061323930326631616564303562646635353135
31623764333433643638356539666532643535306632396162303137356231656265386436333533
62653538313237643733643238653738636237316231393237363866653036623432613235333866
33303661333033316165333361643535323966663666633161346166626461373162306431633637
65303865383338373439356164346139636239623666313163343732356134653836663939643266
65663831363537653033323039363134303536383631383432653561613335303431383536356265
36396138323230393438636139396461613639653336323339326330343365666561666433613437
34643330646436323333363231376331393331656236356135333939616437663261336637323331
65393233613839306161346631646663313335626662376332636563366131363239333931336662
36643433363234376638363634303436623637306339666131636665353436363438303764306464
38313634386535333438373534333438333564386531306533653062373633356264396264383864
35633761633564643438336230376430313736386265623431313966366162343032666437373133
35303866663263356537343363663961373239356561386335616534646466623962326331613937
63623032336338363665303364623636633334313766346238636665316232393435393035353962
34393164383863623030386361626538313036396466393565306436346361646631326464303563
30336339373237326434306639303639646631316564363936316262653464343364653163663333
62653365383365626236323436316136316132336638613534313230326231313565373161656231
30363766333639666336653334343430303439643365646632336163353231643064303632626233
39306563613334303962376365346462346162306231313133616533366139333332373235346664
61393839326135656135363432626333636263396333366164393465323932663536633038633238
66383434393532363230646233376238323934353035623432666138623835393637313265373364
37643965386432613361666262656435356539363061646630613763373739646336343435633939
65633063346665633338643731336465353065303431363565373431303736373733343438633665
62353637626333343963626537643434613132626564353963323965333737316632363033333532
65656430363834333239623239376339326331373035396634386635356331333864326465616661
63663966323736633563353663643163656362373731353333346537376438393937363539393236
61303232326332343933323935666138613338323764646539643533343238653339333965616134
35306635313961353035373235306331643034356634376662616139656265303435373237363161
31653738613430656331653761376334616239623666613863386236343839373731343633383531
32346362616564333166636631313830386630643936383661313966626236336236616535343964
39653531393335616535386230623061386264373138613965363134303330636333393734383562
35336266343332336464326435313530326233663033346462393563646330306663383066346365
33643535326434356163353361316365653765353866633666616639656638323433366639666461
39653864656233323365633136636664613330386336323632656133363636366139623262643137
30343263386230363432396236323930383635616639316665366266353938616435303835613366
63306561376336343865353162623662363262386362356536386538643162636530643366363534
64616539393433663931396533316436613332623634666338383731626164386639613135313964
62616461326138303763343539316435626539613134393661623839356163323564373733383262
31333334356661353231303261393232613334376334346364333363646538636631306266643338
36393262663938316666393434383733393861353266613339303235613034333639376362626434
31383431623265626565383532333965323336666535323233396463646138323864613033653530
32363833366239303635613062643736363238346531323538323266643238373631646431373265
62343565306538396265353366666637613333343031656563636161383831393163363064346336
30323266303635316434656163386636323035636435336430316365343737623033353566633430
33376663356436326262333162373230356463333739636464636138623966323961396331633138
64303061646336653265303531313039383936616462353434363031323631613037393933333161
37343738323139333130613361316438343663353737656233363733646438616636303438393637
31373435303061623565323638633831616262656264323362633137366565333136623634363739
34313637333732313638623834646461666537663835316238333531643032663232313330613038
38653862646331303335333935613233316461646238353439363266393538373733373835323230
63633833303933613262653565343237663133663261366230323936373338303766653166363534
31663637663263373432383136643432376565626438303439346565333738616437383563353135
32386634663035343832333836346563356264363463653862353033616365373266306662383463
37363863633861363865373833333734316339623731363432616537356562323939663930613634
36376437356535646434393039353734363931346531383265623432636537306265363137656230
31306539643464313735323837323530613530613865363436353637613666656239326666653932
37313730313361313832373430623763666631383761346331373166656637626334396436643566
36646336356436303231383665323738656531663962393636393035306661306462626233343634
65633731643361396333636533353730363930396633626265373564663761643631353464633930
36646539633534643437616166623530343064383630633330323064323864616334383134313931
64363735383962323163383330313230323233353233653765653266663966666533626361393561
30353332386339336637323531316461366132393433393164656637313539303261616132363362
34326530333831666336386666663235333364643964363963343561396662316231363734303535
64666162306439666161346365653866366638356465653035376230366462356639616137663561
39646561303937643933336430656430663632376336376163663630376231333232366139343436
63623262363138333561353932643539643837636166313664386430623565643363366337336638
65306437353839393535383762386539663262383261323766393366376336303538633261653332
39643433636338303834666633323137333666663531353031346431656239663963353161303762
33323335636437626335343139636434623866343033396138656565383038346234323439626261
39623864333664326663383632303833343636373133613966613938653133363264323464366161
37316232363365303962663931313831636462643233326134353061306430653138313335366638
33616432383935626530636231336231633834333364613535396261666362353862313632396234
66633730626431356336323039393964366366313033316136373035396131613634633837376437
34363861353163653065316232393762616233666539636461663431366136336132363933323065
65616263363732383731613066356366343630366138646332363734393762646164623539646566
32616531383530613835653837646430373237386234343837393939393866663763663265366666
39353062396537333139666330383432363131343332616130353561343532646166666161346532
32666335376639363365653165353364326231353264313139383262376163656336323036313931
32636538383366626133363039633565393034613433386533303036363435623532643539663436
34663637613833323262353161633735653537633262333665663862646133383964396139373631
64613164303961303262353130666434323935326230336137666637353930643933643163356565
32316438363832313730356432306435303866613039356266306534373035363530613435353763
33353630316433306333333434633234303763373866316161653734656238643330343332653337
31653933326637303662653532303461343430383961376562373034353562616463343032326430
37323531633163646530373864646130666331646330656531613465643130313631393331393363
30666339386430326262633233613963373231636563333936313131376332353131306466393361
34613130666431613965643534643331346338376636383930323861393766663538656531363963
63323638333733353437396133616266316635616661316436346430663165386436653838343031
33633262316164326231643431616334613264303436303263616433383865666433393130316639
63373862383162346336333337393737623761393738636235626562323236383238333635646233
30636165323961613339373533393138633637653736346366633764363131383035633537656662
61633031656533396333343930386463613533303837326331623530306462656633393935326363
37666266386631663436623833613563346637656430313338633062653236313964373434336635
30636265393163303366616632383131626631623666326463353239396239643436306363616339
38616238616139363964646466393537666461353863363861323631393538386330653431363838
61326139393932393834373961656362363465626232616432336537393135613265353165666665
35653661316462323639313131326335656230373662356666306635616464616137363432363238
36643863643561363366656561656663383365393134386261623539343730383733623132313165
31373438656264386466353933323036356565373562316338373164613036363738316233663333
39623933653637313236326133666661373534363163346337636166663639363135626564313133
34313665363232333839306531386463363761643336613635343338653537343662663339623338
32313030373566643439303434393731343238633462383762353939353865383535633239646631
62386432326233666135323136656234623530313263633235353762653964616465313632636463
63653066333539363538656536376133636262633764326334356538373962376230666235383034
30333036376433346365643934353563316161626432386564363731346661313634613565366330
61376435306261326139343765313964366632336134353461366464333533313632663432336261
38656666663734663537386534343638383633366139393865663438333464343838343133653134
39616662366530316364653062653163623663373362613736303932333237646136646536333862
39366339643236353636616131643532333964626431383939323366633063333033663065626162
38366337663563323564383261353733333537323534326165323339633738636332366630386331
37616564373164643735653633303661616635353338303930306233393866626462316134316130
31343961363265646463633431343061613931616638303063396363303638383634313430613833
37356438616130653538303535303765356531653935636133316135343932613964323761623830
31326230373536633665343862653331663033336564356364633962306663356361393431663366
66393735303534366539356331623435633036656635306564643233663965626536623364353334
36653030386636656162626161323961333837366330353132616230316434336138306265623261
62393262313862343665653035626164343466383632313265653837353938383238323532643034
33666162643330616437353634636239373565613063636536613530396565666634663834356266
39656236626531643335636463616530646364353061326466653739313165306431653032366463
62386233636435343364373030393563643034333636663132303539306238666235316136643033
32393161353434646230323330656234343433626364383536316135393038343830643235306539
32303936323037633363376666623763393734643035316539333036633139366333346138306661
65303766313166366434656432636163343137336266633430646261363565373639376530333035
65666463353639383730623064633439653932643266363530323532366438633762643632623564
61313938656233336233623637623062633935316637303437663737616532353035393237633830
66383232633138633362373061636138643439316137363738393261623665323461386638623931
61306161366461356637646161616235386436616664666361343036396636303939633132326562
36386631303566333366333865373662363166616438306337353839346464633832343661393266
38636538653436306536353865306362386131613538646664323637653133383332363737316465
61633062653261636161663734393463356437383437303866313638353861643636333435643832
33623761663764626363316531313838393837653363613430373635303231393131323961336261
36613333303536306531623139353264393163653238306435623161356361306363333537336134
64306561616537663630306266666430646465626164356462303162623735656566353862643835
34663235636234373033343432613230356634393966353336643030343039623066653230393136
36346638643738396636393635356164383138316232613861386635353863386463653437386233
63333739663230376138326235346463313637303633646561383837323863316235333762633732
37363135663263663930626334623161636462343436623264333734666462346264333163326665
61636632353564383136653034346332386134656434363336643864393164363031393131363163
38353761323338333435363662643930323136366335363734333730663337666530353238616532
64643738666666346666336235356335623562363830303663343833643836633665376561663261
35653165666438333731363138386330643737646538633836636165333430643965643433666335
61613161313937616566303739613133623432636436376332356238613336326564346463333563
32616133613664343039343066663633306530326665623466366631393932396132323337353336
39343361356165363636663635373366656236373432313638613035313262626262643237353235
39623831366634633161613461386437653564633864346535353836393862623132323566386132
62363031373164366331393530366137393338313465346635363831623032646434343465383865
39626434396266623836666338356331633435663930653834633631653730633638356162326365
32326633366663396439356436653065353361353865313635643764626338613264303666353233
38363665383237393661376538316635353463386438393466626264376435613737343661316134
39626165326561353239323266623830356130333132613130323537663239316364666239623537
38366464656432613635366230646539646461393564336231393634333739666166393735626662
32613761316536393537656563383238613235666363376434306230356662376530316135663866
62363039336265633132346436363962656531616137313062373762656166376135333036643934
62383937366565303465613862376663396662613361306537646531393233636537373332336263
65636635656431343264343764333031653761646266633435393232326238333865386532653666
64653238623237623665353330623638356166313866633333663535393435303837666535353132
36396464303135383261666636643839346437633334353937306537616263313635633637373237
33323664646137383665343933613534386565343762343931666232363333613261623066643139
39656162623462323663616231383866383433366563353034373566613135306461656332353033
36626333613538376237316566623632383763616233376134646535336130343761383135376361
35656630393862323238353133636435326463383236653864323836653663373335653733353131
36656339393837393736643466623739396233663831666134666538373436383565623936336362
37626361393034613232626464336365303231356465613264323433303062616132396666383964
32313139326135383361633662626666373166653734383034343565386564333265643161303463
6433
