$ANSIBLE_VAULT;1.1;AES256
61383339353064383138646365613934316333373238343861633236363264626231316536666131
6635336461626663303637313465653265613261633766630a343030303334356134373538353763
61346133326132353338623735336432383761313738616664353237636165616632336237666366
3331396432343338370a343231613434333432653430343533623266626638616338336462643631
64346135663363646263313331306133616239363838643630323061316364656536343937376463
34633162333531663662396131363732303661366561653734373161656537333933303436623533
34353864333464373430366335396666616164396337333030346239376365303935623737643530
32613433313637626163616338363766633531393131306433666437373561653963383132386161
34323834343535343733646335396139333335313966646166613431303439663766383336616435
62633236326637306630323865366131393064656638666334656235373139323138343738313861
35336662303861643165616338633163323834653336623134316463383336643435393038636162
31326633643664363638363662353863666136323330313134373438343233356132393733613963
32333763386234323664393835623465653565313761376137623861353935353363633861656134
64663335376363376431663239313530343564353832353534643534333730383365633335613931
32383538366466383133636233386432323265623562313361343563316230383435366361323534
30343237313632353334656565343838613437666438363437363334623066323663386530326432
61393062653732646635343365336132623265393463313662323135633238646461623234646363
64646137343539653961326364323137643766633338636338346133653734383564626536643361
62633132383037353939653662333361303066383136623161393533383236626131666536353135
61393566363534643862613366303339613562363636643335633030626239363261303664313762
39376666393933303834613533623338623138626164393464386662613234653638656231386461
32646330343635373532353665366337613661316530636531386137323531313466376666623330
63613936613238633563666539343838303831633562323265643137386366353934633333616237
64373633326130336435646664346233343135303464326635373266323263633632326631393935
38303363353736656431386365353130323161656661353866633035376639666437383938386532
38303165633438313565396537393432376266356332613235336535376663333334356462666335
31316261613230383766306366393663326132643466386530363161633965383665636638363135
64393937653537393839323962613739653461323363356533353965393931666238636236323636
36376439383332646134363763303939623161303235326235336161636332356631646636623837
32313061656136363336663966633261333062663062313435363232326234633533316239316436
34343735363330323139633165376435646463323735663433323639626436636639303434326162
38373066626533396662636637383161643063366164313936616535373039366534336637356264
38383439393066643261393036363734623235626134656134306263303938666239386335626565
65643535326536616537303865376334323666303861383730356330636164366663396466643764
34353665663966663535653937626335663838323966333437303861376565616637343764633931
31646463333564326234323338303132383339663962373562366562303463636461346130643739
38613932306336623764323730393135346365396564333234633933353937646331396564626363
65306166343733343063373036353161646230653634353336623262376664383261653838366435
32353262626262613136376239316532396366643435316539663533366234343230383938396238
62373465386564336330636130663833666530363834356335373463373566343061656230376663
37356536343131653237303262323963656432376139623534326531353465353138386238643164
66353435343231303731323564623531636537343261353637643761613137393030666431616163
34653433653965333664633232616331393839323538656436643035643930333534393563313463
63313635383135653931303332636161666261646433333732333035613130376364303362316638
31353466363135303433386334643036353433656131323865306561396137306262306139613032
31663932396564313938383966323364616661393238303136616534623532323663636566323533
34636363653935353031326630353266666132386531613232343863393032633565336462613837
34323466643931323630353062313936323038396639663631386334353534313138353138316135
37613437633539636361336239356539333830396231613637343730356435633030323236356432
66313438313633633063313866636465326266323538633933303131303038343936626161393737
31643538383339626332386635353037376335306663646634366332316535613935656230336332
31373038303166333539616234356630626333633862623234393563663439653566643230633637
33316163386562643062316163646666616132343830303839336162373433353561366464363263
33653236333138643463383161346339336266376237373739626137663161613662656262653166
64306464633162373062373366626235306639343235636261653064646462333533336365323839
64316365376431363065306234623362336232616165326130653161333966356463373232376435
35356235386236346132313633643837613136636262346130346132323830336434663935373565
36343538636533626434616437343233303035326666353763383562346666303939303062363761
30656562336563313936646335666538626166616334313464333434643230653430616661363930
37363337326666323766616666396234313739393265653363656136623430613831353434623535
62343830363632623835616236376164656264643638666666643735373138653335393634666462
30326562386439616633633837313239373963336339643137363439616564646537613334343666
63396232303435366235353233323134306666626166386334653134303235633834646534616633
66343138356162386136636435343230373438343336646465303535623461376430383561323433
62323364666162303137636666393630303364343630316436363066396337623832633433633635
39333136313339646235363239613835643636636239626130623439323937643464326433306537
35666135666436343537373335623537656332616637643333613135636335356265383366316264
31323036326130623666326133656165636537653331353666333039656230383138646462373531
33326433363532633063366535393137666662366265376630623766373030633536343332626264
36653830626533316339386533633332323062396536376365633638616638623531643933313361
34386336306239373265333638343066333333383336306137663161623631666336333335373036
30306362373036373538393066366432313961306337626533616534663733616134363762303839
30326538343330613235623538626438623830653436306535323561376263373166396164633333
30663362623865653136346437316661323937653663323530323361396533313836663765653436
31333466326539326464313032646162336430653239353461626437373063333834346165353339
63373236336532613131616435653661623730643563383031613866343666363638323839393063
34333037373031386531313061363663326638613031626431343466396465376562346533653039
62363231356534373761393564363936366566633730396261363730303266363137663934386661
33366538613331653730356362383636323936646461383066336562636463393964373238366633
66346562373664316137653166313262613133333762613936613065396363356361626463643735
38313039346530643531353339363563396131303038323830353662613261393533303631316231
36396666363730656432383233343932326166353361303461333434343563363031323164666135
65313932356135623864366335343466396162306361386436663537363038656132623937316262
30616236643536653137613232316639363164346532333838386630653537313565343763363365
37363362613964366661653235633062616565623735363735653137613161363962346633663861
62663136613265666239643133613431323135313536393333343332336663366561623439626637
66373831393764383839346238353039396239616461623435343439646133356139313738633261
37663730633836633962663334333562306561663738623635366664323963316335316637343034
34326465626562613065313861386564376530613131646638313333316337343437333161343035
32646265643331666265323734333232366264333035323839656264363166663137303335306661
33373962633738313839343039393863626333326563383438346137626263343366386435303861
64323165353964376231326264336665346230376465633931336531656639343138373030336161
33323037363539616632316530366634376266313266353666316237616563633765656561613963
39363936386139396530643838316534303537643462643231383333363365643065633437306538
31313439353934393834613062666231663836323766376465343532346265623461396433306631
61313561333339323637636166326465306137613965343532303361386266663335643033653265
65636138663063616339376335636331313730363035333636326133303966626633623363336239
63366430393534383965613863306230363436643437326461393630303062653634636463323530
31316135353639363733613339363762356561393862373131376438613764383839356164343934
61623231376463323766656236666366346131623565333332633766633564636264373031363165
35326665613439616333363730643430373764303063363337306638636233663431336161363432
33623035326462343461376663656132336662643562386233633137356436396163623439653332
33363030363861313936663030616339356633646536323862336463383131636437613730613366
64623164666635353539616663326533653638633265313262396437333530303462396434313237
38373037636431633763633330636439343135623435303030316133396430353466383737383334
37303638323162666562323963333166336439303262653235643933313833316537393861303465
35343238613330363839666166633965326461336335633339636334346561373730363430323939
62346130623262333737336130336231643736373063646136316463366466353531663339616632
38393435363238353436313766626162646635323538646462393734666632643963353839313264
38633461656134333330353333386334616236343462353937363033653731333735623737306561
36353531363465323835626261633962663034613236613862646266373130633466333763386138
65653662636664663463373533633765656433303163386161633933313036323561336564653737
35646335303332363735313864363033303163376162386462633263656437616635343734333533
66336330353163616237636364343930343936303861303739353461373861653033613761313262
61383231656236353864646162666539626262613863366163386538646131326137363936376138
33633434663162386635656531643532383264336561633037386536623965666433336635616330
33383931363531616163323461613137643534346233626435663162666461636261656239663465
32613033393761363932666239616532376337646533376231643361383734633735636331356363
62666236396362333930386364626337366639333765636335316430336365646534346634316564
37613939653732343738386430393136663034303833663765343462313034623331333537313364
32316166356464643730643530613037666232353432313136356266323861633966363162653233
32646661666230633835316432613636336339663937643665363735323962393366656133393535
31636131646663656234323464356165396432326333313366663663643634646461636133633063
32626563323338363036306132383839346335366165663666616637346532353564616437393436
62626364653764643463373630306334383064633862393365373039303234323566313935653164
61616437353131616335663534636332336664616434356161386338343562653633376433613063
33313163636466383134623665323437306533393332383536313333346138333137313838373937
61366331346465616366656433656639343061326334646635616566393435363135653561376266
30326661646161663766393735393761653935356439386331613962636435396136376361653631
32633266316564303061316263623963383530363736626139363166353835643538623234323962
32386132326366313333336362383636653137663031656635316236323336373932653330626461
63393336653935633133386465303434353639323064316638376136353766333939623265653037
63303436363235313038393631356335393937336332643332356365353965613230396565363232
63373063613631656635373137643866613239383661336231353237623665343630383632343637
63633031386532336563383164616634393533653734316465336363653162316337313939646330
30303039646234343863376165383061353563343834663435323361393733363061306337356230
63663133646565333336396362303131303661303130326237373932613936663462656263326131
32383334356136316130336561633134353133643064303938643131346536636633313333666634
66353934353065363030313730333330383630636663643230343430643138636663626431373035
66636165373932356336353564643131306564303936376336666632383531363335373634663966
31376432363431356435656338646638343965323536336361343830386437626433373939613661
63393330653666346130336232636266366663363361623563353362623631646134313235663935
36396337626666353037613961646532386663333934346462643734316330346266633335323363
34626339306637393633393130623966363561666565656630313562613639356233653161393962
33323666333234393961356231363033626566336432623965383732643031396632623339663161
38613966346234376438326563663162313939306438366238663830393234363032633136663933
30666630373036663263353738383562343936613237303934313161333238666534623032373330
64356561383639613132323733343733656137623865633634613935666462663338396130313439
63626361663765386334303961333265666430316263313361333162626433613862643839613164
33346638373536333261613436616432383063306166326265653764643732376537616565363233
65336665373639663563616530356264323566623364633263643939613565343839616265653766
37306330396132396535343466313961373633323065303262313062336431376164376337616135
36636236643664393732343661386139313663643663343863306334383563663864316136616634
32663636613832343136616666663965353434653333646237383763353834333835646333306432
31306436636563396637366161396661656337386434333636373336373866633462313531646537
32323234323237306237643839623430323231383463376666386630663764326535646531613465
63323966303965333536386432323432386239343330383939356532306361623935373534313061
37393131326461393463373465396166336330323465356638303963626633633461306237386430
36346137616635393161653934316130373037623632653133363837313865366661303035313337
36623064653961376231613963643631336463326361326463383361623235646364663134343464
37363061616439396539633038393964306465623634353063366239343435323232386134323036
35353730356536323662386331356535376537326563383430666635363938373332623935666462
35643035666136323935373666303565333639396239666235663961303836653362303666653962
32333033623763386165366564383238363161613239303865666630393337646563333532636336
31343562386130646662623239376333336165323032373839653766646332333662613162363562
30356361613735366539653366303264306438363938666464376136616666343364343633633838
61366339306265363035333232363237333738663262333332323737663966396438323234653339
30666239303832383665343936316137666161363838393665346636663632613036663533373761
65386433626561313735323632343439393262376363353539346163323638333831326134646232
62623933393364376661336665316162323731313938313466643038373436373534306530633133
39323364643162343530653335663961333433333630376435633136383434393930656661306362
34646465643032323762373363313635626639303233386461396433353361333533623830336139
32386561313539383538376239353164396163623039333833643036613134666236656666613039
63303939303437313763366266343463663533316633393432653063373464333433653438366533
62663436356263663737316433363037363037616634653635376561313962353936653665646361
33376364663233613564613837633262353531343538336662333665626631386464386264306334
36626534653632346462653761666634663137666134316636656232343238643636663261616439
62633831663636653236653963616135663762353635656163386133646230356665666138623230
30383938623637313433306262383335316135396666386234376362346330333839303662343363
37303562663364396331646537303934323837363366333163616164306536326133653162363563
61383136376263663562326562653932366533653530353438333430373831323036643837613831
62626263336630373030393536373136313332623137353739326230393466663437633561333531
34646434346634353166306339356137393939643732663331333438383735306637613439346632
30306435373139343764336434656639393330323732353030633839363030366633363832626538
30666537613039316231656466336235323265336130313263626363303161616134653339656264
38663465633530386537393635343066333764356665633635653633303432663031633163316662
65333361346332366462316337303934303335306163633337313864356361306266623336373336
62333564663138333566383363373264353636653430373138333437653264613130643564613136
33376366643866616538366563386663646263323937343061643866383432613430313636633433
64383331643033653163646164303239613165633861343931613432643539336366653536336636
31303330393863336665643762366235636664303235333462313335613865386366323662313665
38343838313666643236316331326232313838303838643733343237653862303932353762623666
37653765666536346661303133633665353066333861396539383766326633356465343532353965
33316432666531396262323839356331373964646166613432346235626536356162636438326638
34386132313231396333313366343638633035613437353735353964383734663136393837613836
34373062326335343166323165623733636231323763633665363036383664633536623164663433
33306136616262393937396531366662356265623634383862393330356661366437336366663631
34643339656332393035653631616332643838616164303536386436633938363731626432613265
61663239613432343333396465663939346136636662383538353465393632643835366632323432
32363735353965616464396662656533653337363330653737613765383736623933366363646139
61396465653337376633363436633635663639623338303761623265396634353132333231636535
65333564313039656232393834323461393131643837376638616337393432666334383766366236
66626634393761333233653264626533303839636263636131373165303133656437653036376639
63316534616565633964343966313036633961663430653266323233323735393638366532346661
62376363376438646332363562383336376239373966353462616330653031313665383532346336
37306432386331333531653138613937356265386665613162353934323730346333353736393737
63343235343539663235643565653664393439646331326464346162643065363561636139303737
39323362323865383739653336353864393634313132343263303334346362333437363538623731
32636164303136366264393838313862303164313232643863366466663731363432633535613738
63613232666564663937346364356638336433323731613361366666346566623761383161303336
64623963633731663434316361653235363638663937313433656538313736366166666161336130
65663237383239656632356332363362666465323833663039336539386365323262623137363865
32373465633335363433353034633333366134366462323062396530366237303132366638643736
32633438626135623662396262373735326361633964326662663435326265366434643664306464
30636464393661616435663732336332663434366237323061386634343237626665313133643164
37313631393030383533323164333332653831626230663338373462623231613134653131303739
34323637333565663035313430316236666336303235616435373233303631343962323330653161
66383439323239663033656435373833396538653536636133663961316264343662366638333634
62643238316465383637313832663938376239303830336434623661393933666263363834373036
30363932313437653866386435356637646532636561346238623137383564316135323065323135
38633964616132636433663633653961396464396365313333383036343166643563323966626436
65626233633630613463613836333939633436643337646138363935386531376162356136353131
37396564613133623339623765346435303234383061373734633663316365346338346338386236
63666663313962633630366538326630396165663761366466646130336231313835366230643930
37343535623235383463343564306564383935316661336130643631376535353166393332373235
62643863376633633761363031313432326630373739656661303764633338616365346164303335
36333734356463363930346363363831373138613331336436656133366639366230373031643866
61316135626530653637656131356662656231623632363731313461366439336461393135313234
32353035666430326166326137313362346465313166396135636430646137386131613064313263
38336539633239663131616235303337373638343538356539323263323132366137616436663137
61356231363434633932626237316533636463306133623063356237343232313361366561393536
35616263636338633161356433616534346636646233346137336233643730336463626637643162
39653830343062623639396132626434386236646134653136363832356235396634623735396233
35663737633634313661643133336331376133353163306461666638626531643465343536323534
38363062313965333034663830646436356561356436326630623561633333663639643332623139
32613939386562666332336262376538663637323239306134626265636136613464303537613630
39633735356432613235346165323436353466666533656234356232303663343762323838353038
39396263646435366232646234353739346166363563316530376664306636333531376638626532
61386266613764336635363462323236396666646132343139306634393737366236666335303532
61643936366365613038363866343663643438373938623466326565353161653734366339323433
37626333623761333761646335383730623537376262346265646536316637643530613931356537
64356162373339333561663134626361343932653664336232393739666464643361656261323430
34316563336161633434666430363961643434643565393335343235666337636634626663626134
33373130393739303433336330353739323266393163616438646165653963386564393134336237
63333864663534313439336336643862343638343636326133656261393565616132646463396131
61636263663935373333633664303563366637303466376136313937326337323836383830623466
38383966356631386463613864356530666639616339623538306234666336323037386332323534
38303039623064396632613935626261646335353530326361613532613939656336666662663066
31616132303131316165663365363965646161643533356466653862383465323061326162636530
63376662613835633862366261376532623566393035633764313837363461646236396633636338
38623933663230346533313937333532623337303034343035363634363534616339373734333836
66616233613965333238323065643434653765333330333739313033356639613761336264656563
66653263326139643666306437663232353031346639396330316365363037663139316333313363
62333761396138656662383963623833393130623533663365666237636233323863613765366534
33383562613537306162613436313964633939613831386432376331343831386632333836643934
66653261626462313030343931313234623433353636633365363436313364663839343632356634
34363461356461633262386538316231646261363033616531353934306564396336663233663066
35356330353534393361643063343934346563623166666330333232323237653638623061356636
36323131353634636336326134336530336462313961373962396366393539346366316566616537
38653236313163613231363035613239643965393564666464343132626430393939633833323261
31636461353431383565326337663264326539316332336431646165363734666531393762386236
64393134343762616466353166303966623336386439646531653166326263393138363734326637
65383735356261656263656433333532343339663532316261666534636530643765376631353033
31656636636338313632623664306635663763623864396537333835626463316565383561616464
35616637623037363364353839323131666633316134343364393062623636623364303539653236
39643937313662303561326634303263323330386362373832333335626666346263623765613534
39313033613164626538363665393164663137383763633334653430636464623565306464383963
32323838353262616639666538646363343162396235653763323335376230333466386630386434
63653837333332393737386233653866643466636536666264366664663934366662616464656431
34663238366232396236646562303032343037393462656139656131653734383733376662313935
30366663643164626265313333386439363462653134373166643063383362383466353464306533
33376135636661636465643230303434653265343563306662376130393430626432343230393734
37323337653065333064663932643765663233666538313532643739336336353261346136396162
32616534323334366134623638623363333033666464303136356235653739396163393037633464
63323361323132376663393539663837376637656339333361353263626435333339383137356165
65363630366561663266613062393739393761336131636165303535376135643331393838636633
61616561343232653436316635623636343137393931363939373238306539356264633039316364
31376432313038643666373132626131633932326134386432393732643932313831653531626335
39356338646635623230306365343833663933653461616237633432366131323334343738383862
33303332393333613530346639343863356437356233356465396364323564313239333064316436
30353436376662623831383662356333646164633932666336653931343933623062343066323335
32353464623833336362373562666234363633623937646661663763373132303563626334656433
36306264306461303533323235316662306463383430623561393130623437633637313362373232
31663538616632636133343066393437343036306137333031313931393030383339316165333239
64393164386462313665353763663837306435376630306131383265643531303066666435393566
33663138373331373663613064306631363433646533373731383761393165623061613664663961
38373861626563373031396631353264323562613839323636383838646463643534616166356334
31643131663961633332626263306366336235333465366162316163343938363364653038333830
38323163363061616236323364306430366637386563646461623135356561366366636232656535
66353430343036636364623862616366643062353631326131373036336432333662383265613731
33633164363732336566633637646463653538653334303038383930386335366566366237376365
30363566383535323837663666313630343838373631633037393164326231333961353238303436
64316436656536656231326363363732653964393163386133363433613561653535326161326234
38336539663839383436303933303537316565396164646163316333386530643039306564636562
65386362316538383562306534653063636532643937303566303263313061653235313964623537
39316262383133313532653031623331353364623636656136613530373162316461653233383861
32663634613639313462626461373638323336393737303133643337333930373361333330373037
61366230353437333437646134313965626637383333333531343161636465633231366666663232
39376134346430636636353262343635623464303832323133663761346330366235616231656666
35653865663563326564393639393139653664633664346637626563303037363063313266383861
62653066386339663164623035373137363230353334623430303331656231633364356666656437
36316138386466646537346365383831656631646433616131363734393635656232383836633532
63666438326539623030663735653263616162363339663435666537383138386564333236653632
39623434623934623039326436333061376138373665393039336161386430643638396561346238
32383839643065396538343836626231636564363330633466336531366165653132386163613864
39396631646361323435396436633864626534373361306361623331376433313064633531303237
34623134333930353730616461353838386630306365666534356566613334366264303131353666
39643065633538663465373138636263646163393738373537353666666433303463373038313165
33623231343265336639306330666463656138333432363361363435633835633537623131616564
36386230656463346434313238323731363137623164383635316164633932353137316330353939
35326662373432313165346235613764623163656230383736353364646165393733656264656565
35336634613166386234353437623563313564633066376331643337323833316331626364323630
36323639323235353631376362643034313937666435376338333465633436643431333662346337
38383933656639643363656236396330623232323437663762306632613163636535303937376336
65316365316432626135353732613461383964646537376637656131643037366534376136323432
64666262353863623937343837346530633436636136646165343833373939343963313739393761
36656434396463653337636337616137623962653932663065313662303532616662643831613930
66353836636337306536626632353130313939643739346166316366613134373434653037323734
64373662626466343836383737396132376330393234636135643535666230613065356262396335
38323333343666633938303532663831643834656162633464653166336464326538656265626662
66363761343639616261643530333331653830346430316133376464623533366364333030666137
38633932383039663833393962373134393761643736313163303133393664303030343466353166
64396663326330393365393161326562373061343062373066626334363938373733393663323365
32373836643137393834396130346462363039363866393566376137626635396663313838353961
30613466633034316138616265353639306138623931636331393265386237323866356334626439
30326361633133356533353962393532613430373964373231616136653839386163636132333632
64613263643739636132663630303536316163333565666561333763366438323966366338313336
35613434653036643063666461633733323261373763393732306164333862646134663339326633
30313939313234386166636435316330313432366364363536353562633036383663333566303964
32343838366533326131316366393533353132323436663538623430333430623238633862326333
31313431373236663066326237333433633630313333613337303964323166613761346439616130
62656262643365653363303266333561623834333166393531353839626634336266306666386136
66306266643531653138376539373561373432656263613939646162303635333636353164326630
31633432376639626665366539616632653431653833313666666133653637333939373935313830
62373862373562323737366266623631323639616461363430666331383162363638306166663332
33636235623231666263373665656432643863666230393362353565333834666638613634366464
36323134653430343238666533386162646166663363616534356131633738323864353938323736
66626137366262306563373539643764643262633536626338666432666236346133333033323432
39333530623664363661316433656461376464396434373136666662393035376561336437616133
32333966656236353039653037326332663139386333616563646334356564623830336366383630
32663235613961306231353435336632363433633038626535316331373562343131313365353363
34666439373339666665643164343266613836323239303738306362323139663564643830626331
30346132626433316237653531393938363834386266346466313831383532613537623634363065
31666133666230393935666339643232326164626265343330306264663464333964393465333434
64633531623935396364633234623337373238656534616539343863333131613532303033386231
63333363663237643831373230626535643862653862336666333634336361323732303861313235
36646466366535336561386135393134323865363134323531373865666335646539623266623262
33646639636365613139613932653737353762303934636161356137386534313633363436613462
61333635646230326462396461393937633935393939666331656630653037366333393237613836
31316662363333636535326462333262626438313333353162393336346566653831613938643562
63613065376539366338346665376264666462653539396235346238383266393734663237356635
31336636393764353338323632373135623236643433626335316266623936643236633432333564
39633531396236353261363931356363613233646232626436313361643831663337356437643335
61646333623466383364613134656139363861616262316662396632343561343433376564623636
62636561346662373232616330333537663132656534326337643639383034613563316239373332
63316663323638353436393034366438393166363265643639363037343031626535633235396531
64373532343866613236643663653464373835303535333364636164653439303233626163313464
33636332373636386234376135353636666138303731643533393565396130636437373062343134
65646465366537363037346330326633366538306230316462663862316564343734326237393438
64633863383238323436663239316533666239303266316530333039653761393565386433363761
36303734613730313736333636613439323433333362363539356130326163666263303737616264
34616364613836336431616233323130343436363939396639616636313839343531313134353735
38663661653862613866353935366630363532633736633463373130313031373536616235316430
31383033306163353965303433343261623036656138313831383930316161303664366335313466
64643638646137376635303365616137636137633039663536323138356231656134356564343139
37363336366332366561656165323533303834316639326339353535346430626131393132343436
65653965313534336137313130663633363862656665333566366565393739306366326532393964
32373330663064346237343164303066303630333638656639653766613732343337383661643730
30633738343739613630386538316433616338366530366565353737633931343032313337656137
61323963623861336661353563653532396131373238626165386164633632373738313339306438
39666166633836333164386635386433313965393435653565326630663363653965336262623732
39633433623138643664663735663734343032306130643436383532626661396232616566386161
39373235653330323738343033383238633363616561623061326535396539323737363336353465
34376331306135386661393937616263313265373665626635393638326332616265653537616636
37356161643331393036343463633238386433303831316662313439356466373865386262303161
66613663366561373966663338636635613034663435353137626436346261613064333336623639
61396461663565623732613264373831316163386461623337626166663133616435616439353962
39653838343864386331333064333830396266396631626239363130333637353662336266663064
37656239643265626637306465356132303565386661386332623037376639326439396362353437
64653361636634366266363533393061313836393731336262666134333162383931313264353366
33333935396561623333366633656562326534363732346539383839383163623362396636653264
61643635373339303364616536646438363532363235653230623466666431356564303866393936
33393539343331303566343431323036643138376631333933353130666364326538623764326634
64353437643933373939393139373265643963626536303036623062346236616436323032623830
62663838306165393161663938323133386636386338383562633561383466373064303734633435
31646464626337396138343034303365363365326164643739633831303266343730643863616464
35663063646566346664633938303363656538653333343563386365353165613339343136346535
32383133663132636435376431323336386638343765636163366634646164656632313837376636
37636531353234653738646631313563336361323162666437633264613361373163643638393066
64323262383638643639313531383838346266386662393962613835323839616263333765316232
63316461366335356636383432323934666366343339323831646162643266376239383865383263
30316232653537636165616536613562643236666233646264333737323561313433656264656535
34626562396233386133656236343636393033343035303536653162396263623662396534613464
65386430326231373036643630363239306630666564303231623035326536623161343336623366
65343865353631393233633964306263393639663237383939633534303132663730633434353638
64623034353666373730383863386166336334633433373262656632646638303062356463376531
63613234396662643831383865633235303439643362383436646431333463303430313565306335
33316237363761383732386538323830396366613539346533626134663738363438303634623530
34623530613734666137343266393662356463366662633866376332363365313361356365626439
62373634653630306264626330373136636338356662636632333339356437353662333536346135
34303534313337313662333137333732353162653730346563626334626137376363633233356334
30373930383539313737383433643337353566646635363864656639306665653764613835333865
36643034643830633330303365633165373937303436613130613063303965643735616233636138
61356635386435663633646532666261333730323165386438646239306433366531643763616664
30643361333132646465613762313062646633313334376436323162376464303235626635376334
64303231373063313438656262363032656237363437356232616462633432643031356464626366
30383365643161306635326634363834353161633630616162313234323133323163346434636631
33363039383630346332616236353436643239333934633432393730336639336236393633366261
30336564343962633266373434643232373965313939633731313763356136383538663335643931
62303562386338656432333437303236313962316234396565323832333332623661666434633532
33643561323636356631343664646637373362653236343935323035303637336338373231383961
36346466343865353765663866383161353432393731363564386264653762636432373962346265
64323537643438333633613835323833383038333063646633303935373239646434653736363662
35363430366234643332393336333263343238363032393935663232653032356433386235663964
65386330343937356566663963316433626436313634326362663737393035636166366138306633
32643762333562323036623033353033343934346364383630613562313264343430616336353363
61633864303830396162353633613065373530333033363262656136396262303736363331326332
66346163366666373561663632373830373539656462376361333435376533346633623432626565
66393632626163373434313664663931636435356538633132643432663038383930643165386563
38653336663864376631343265306639656163633536613837393865366466623933313362383865
35306266353337326239313233343633663562383462396661353864613735653830643137316161
39346266626439626661383835383636386434386431616338623462656664346139323562393335
39323266316265373231643061356331383266316263353630363866626630383438323636323930
63653332393936313032363465616634616535656461623131333636343530343336643838346131
35373236363537313434373365313639376237316662396561303562656263386263363639646262
36306262373161323063636238626330363435613637656530656131663732323531666366656263
34393333643037616236303639633866663366666634363163343363643362383262393463376366
33636334393537386562353164383536303565643930613064313338626465303336353463343436
32636338393938353562646538386566343834613832373639323834313831383661363864366163
66376539643836383638393864616134396561656465313533666337356530383031386163656332
65343734306466306237656135343763306536353539376136636238643031646532623432376461
31323866353138363639343931303361666334646638363162373134383965326330393862666662
64396639636130303038386433663239316261356232653830373964333636353234633566326435
31643034326466656264303532393064346165363362656530666236343139613834613230323030
38613364643362613834323665363134323062623533323533323566383339303863663433303937
34633565343137316532336331306435363863656439613663366233626565393539303239306265
64353963373839626462353839643930393364363235646638343332323763303663656538613366
39393235633533373664623735616235383837386564613062326535373439353638383939653333
39623162666231666135643531316161303937663064303432343239356638656538643936366434
66643332663462663264663332316161323732393939666265643332656561373130316139373134
31353038363932363966366661333234636265646132383765666565653461643365343566333662
34373761313862636432326362643533353636656430366530346662353366326164346435653433
62376636656337353032396361383334643166303562393161633137376564376134616535353232
35343733396266666161376330333463303433343163626539343037666265626234663538343961
32363363303133316532393932653439306439613935656463663564653363646537343261303562
61363262386331613064313161366463353065353264363130623739613162383064386633653935
30623636653630663966336134646535613264396139616536303165303561633238323239666263
64313961383764303562363539613763346466326137633664393736383565323035643738373164
35313165663361373566393639366236396331626632333766363337353934616365353639663863
62366562383366633237326439333864373139643564623034356533383661343032353461666663
34303832323533613332663935623431326164373633346432383337316234393262333161623039
35383335313537633738323435343034616630333336363632663038373431306239643635616461
34383236353432656334303530666331323136346433643064396538336465326434363638633538
33616632613861616332356465323465333530666635633032663662373938643638313030623539
38356361353536383939646439356332323762393263343561633233343662383132383366613234
38633663623633666635396661306561306535656337303566326364313163313563363732393836
64616262613032323166656634333339363839663365303031343139646233336561376631356231
63333765636139643364663130613062623531386565313231353465326331313637636165313838
39623237636439343462393366353966363063383864383130396462646133653163376465633832
33353561633738366330623663343339313630343137643533363365376566313232646636356138
32313836613365643162643434303531643933396235366534623530643937616438373664653336
64393963373962616563663935376561326137633030623730383739333730656461396538343532
36373461373530653664613637356435616231646261383539383263313832366137636461613962
33646566323930346533616634323235656235303732383330666565306136353737653330373435
33303433313965353531633166663732633064663533373665393036383538363464353038396439
66393363663732333531346630333139636532643866386366346238353663333564613835663263
33333230303331636564393038363132303961663632326638383235303066376139656230306563
34316363316635373434623130386337303331663166623838666332386430646332326232303338
64643636383836363830643636313231393366653961366663323062373662316466346131646363
30383532343230633863613139343461633239636436373961663861316235353131393534366131
35373233663136366530663839303834393737363737393265663761316130396436613761323130
38633761623938383464643735346133306430323438396636396164353663393535366164346235
63383431303333373339326539303238623765663733666339373962336366633336616365333539
31613564616533383534653135626239633331353333356437626237386166353964623835313535
61636566313139646462626564366161306437366564373863613434666465613463383731636465
30666161393265633730393332353037323931653439336463386363366239643465353530663935
35333538376436643237663765363264316462616534336132373166653134356337646466663665
62346432323237663937613961666561346563373063643238626664363536346532636162376337
63343932316538316237646665333138643363356462336338613230653730393166623166313337
31623939643063386633383531633564393363626132643736613437666434663839613165346433
30333439363934356433363835346165353061303334353864333565663531326163343332363637
64376562336331363539656539386533633437343639333066626235396330336338393162656136
31396234653237643138343537376534366261383566653965346130646162616665333064373333
34616665656635303332386531383232366662613563393266356530616338383861343534373034
66306363373762623830633031616331343933643438356438623063646263633962353562353433
65633830313435356434653634353036323532303162643436663535306331383534393563336336
39613438666231653236336366336538633362623364346239623633393536353537336566353436
63333961306537396331373233323230343934356363326363366536663137613633336135363635
66303738653231666162343766373433383337393435633639336366326333346136333336393462
39633162363562393035653337343166663766646130613965386137633766623864656366643637
66613535323665396265383266383564633237363639323866646632333135396332383835383339
65643038613264396637636138653236326131636664396230343563646636623465316539613630
35303363626466316634613864306362343363343163616233363238303535633636663832363837
65666661303238393166306566366639323837663636323236663664383432616236306166326132
33396236366661396338663330303463623031633036623966633434333561653262396438393961
65313433636432306662666565623562393733373363323830623932373130636130366130613335
30343534653565353139303666663039376239303166626532653463343632616261653135306461
33613264633533303865396231653865333361623766323464323033393965656163636432636139
30613962613632336263663662333739633730643763663062643735313164303933353166646266
37333938373939663363346431616637383036333933383631396337633531363130633431363465
63313936346538633233633938346564323661626563306135626134623461393766366130383565
32333566343832626362393830393035663362653637656434326636636333646165303633663162
61303230633762336530616534613235383836633530623631363334363063366532346134316535
34623633653962316334306236623962366163316638303131633365313661363562653537623663
37393564646538323766646366363733326364616130366666346332626432376532366635623236
34386530373933633433656237653662323530663436656538666566633231323036626636306331
66366438323437626130366436663935306535613265343335313637623634366461663062643334
34643635346638636131316462623461306230363266383161363866383731643261303465383039
32656632346532376361306264366462306538363632653337613432313032633932336631356234
66373666363834326438363532353331323037623637383030306163623737343238303939373065
36636131633737643535323736353230643333326564333435396366666632616235323132343330
34613239386565373530393037643435656464656262363463323562323036663132333766643132
39333464386135653338363261353732333631663963356566356632383030383434313030363536
66336138313236653535323965313564353533653163613763616563363833633861366231353537
30613166623332653233623730333465663431386663653463633338336630333364366438346134
33343334356364643662636661326666343933323239613033303763333062346531666533366265
36363537633330333237333563336461306339303562623838316139383035646339633736366335
34333161353131306466373432356430363636653863383862376631383933303132643539363737
33613035333565363364316530343335303235656261316234326532653633353066646534386564
30646363303964633564333235346563623261366239383733386466616332313936643132393338
37653636306136656631356331303731396161386662313238393466366665373632653663633561
32303535303837313563333837386463613164333733366238323661323164663966633364623664
61666561363863356232373738653862376334646664376433623936383730363234303730333135
31383161373636353932633862383033323537303537393431386235326337393637343966623862
38363931663636316265393838393034333037623834386232643064303263356637356335373537
35396465363439666631356165373465666431323861653831336535303933336130333463313736
65383039633063386232663735646161666639363063613939656138396565303033643031366232
61633332626261373764306338643763333563306135626562373630336361373363393465326532
31663463666436316434646232613333376435613961383364393439373137316163376233633166
33396164633135656139616435323032633933383661366365636562336331613432656562653832
39333532636139623737303730396466303337333732656139666562383037393963643236316639
31326263646230633865383036633037383863383363613065633065383364636135633236373464
34343730393737353865393963636462353636623537386665393461653935316464393838323664
32323030333866663136343165326537633339643036663966663262656237353264666437343833
66386535313561396639626261343564656439386237333036626337346439316136623234326230
35373936386336336663393862666438333735366531386666326332313432333165646264343230
30313566393238333961316530373730633339336663306330376662356462363862333334646339
35336362373336613732356237616131656333393564363163383461623332303364633436666463
61323261633631333530633365336232663430343832616365646533616636386362633831616632
62346437393364366536383661346534623838616639353535396364376665313532623462373637
39663132636135313161373939313433386237666132336537383664326332633734313965336337
32303661313631373538646330643565326461366665353333326535373237353530653866323734
34346166353363343137643066363663373261373338373563346265333137626331613664366338
38343630336264633736303364333731356362323636313364323932373762623131383936326364
35383263356365343764633432633132306333636431656161636137373637323738393666616461
34313536376337396365323432373735383666373137353165313563333266663361343934646239
34303837306236356463313939323435383461376435316332616132373966313362373761323939
61363632323463383663386666356634316538623337326131376336663431626135353766343038
62373163316561613865643832623666316638313339363135623361373764313937366533396234
34306237383364663630386462343332383132373333626632336361623065313438393963363630
39373865333065383635333130333238326236343961636231393939346134383530653339353131
32643635303065623536393931623034633233383464313964663161376562313035623866323335
31646637343835396633653037373831663539383935333737393434306562303436353534373335
35343163623032346462646266306265343538336164343637623735613637383466336562656463
61666465656335383661376163393235636635373365663731643561636462313162616432313530
30336434373635383063646261356534633337646661353662623536376366336239393365363062
33343862326463383030353131383064663537313334313037323032393134343461346131656462
33633862313465363734336339613735646631656166343335643462376639336434363431646439
35383563623636393030663062333838633463346464656438373861316364366536363161633963
65356330396136653632656232366331626338333766353166346536393061653066356339306463
64643333356662393733336666333864393531376436373033333633333034303234363066386537
35323839386264363566373761303463383239396464363565326662636361323564663935326665
35316666666439343064616234383066303861346666333039386239653336366366333231666163
32373631616131623266663134633635353737393363633861336564353261663964643463646633
65326137653434343961386238323133663931623134633539613339646665353135613662316666
38373633663831663930366362333835646532366565306164653035303735613837383762383864
33386334376365393936346664613930626231373333336637356530303562386365356362396161
63333534613661626439633532653966653331386639613538336431393261353337396637303634
32373937343462643833326464313130366162333333616138343533376433303963663235363363
38343865396261366262353937303063656162343836306265666263616133616335373432323230
63633831643931643564633965646139336435326461333364373335373163643330613362613135
35343664633131336239643262636538393331383531653131633865353233636264333236326164
38623537303539316465653366343839346133306264633832663562343933336637376232623164
33343231643639643162316334393538646164613061636166356139383637636439656236323837
62383839663134313638616565633062306631646432323161633931313339656630363764363130
38623735626263663765373631613035376133643666376138643234646466663934323637356239
63363036313662343565616638363531366337396665613132636434326138656564656532353532
66363564316461663663333961303132666265396639363332393533396661663230366531386436
61336237366462353835376539343464363261386130376666363463373561633361333564656264
39616133393535373261613838643063343561336138623234656264633838356563343437303032
35386564393233396334623164346232623137616630383530373836646363373732653165363166
32333739386238653331616131343336336164333031356465626434343435333731356263636535
34366235306433336565663938323361626639306337336436356638383031303834366538636664
37346666383166336134646565653734386631356132636437346330366665326334346235656130
62626664653566386663653531313962373564366434346266653865396166643635653533643634
65383361636438326633396361363961613330646538326432323035393536326632613862316637
32613337316631343734346634653632643630336432363631356366623935393633306161396334
33373864653230333462346130646537303435346533303735386434643264333232653666356365
38346438626264316664336231643066653061613835633162333030343862396635653562626535
63356532373536373830383738363131663236373864376237333836616163353634343736346438
31383832356538353830326561316430636166313663643064303165373738636263383535363932
66303262636564613932323931316633386466666332613262613162616334613766343931316339
37363335313939313263326437663337386666313935396261353335353539386530346436363762
35306331346132323636396366326439383433396638386636386661396464316433353139633035
34663935356261343861386537626339346539353831353832636132373365663336663038643335
66653834653566383863353332383336626262663464336466653632303461623034333966633739
36333466396532396336363638386430373664356665306363363231333062613066303836303439
36346466356336666332646431663265616431363934366266656434646165343332623661333066
61303938623537623464303535346433626336616561393237303966303366653135366336343963
36646435613666386537383065343633646430313263383263663966633661396533336237333137
30303766333836316238626632623433306630306462303066343166343233356435643735383433
32346262353930386439363664653532373366636164313134363364353664373966633464373138
63343866616663666237666434373736363961326537333239636636363162646563303434346264
61653166643137313436373565373762376263626561623963376138316435366438666232306534
35353439383933393261653262666132376564373532326330313564343536633436616539353736
34313765346636613962613338316362306530656161633664626565323033303934626661323835
35323463316336346439353763333662396636343537643862613337353732646262306134336338
36396638643262636163356361356665363138313665316332363366626361646664633665316139
66356361633037636536353131633166313666643361376533373739326332313035313439333064
33333165383265636466353530333766663961363535653138383831336639363337333065303966
39626435376130333938373234663838633139343165323836663361643130613666366137343230
32376466376334383031653066653736303533353137323937616564373939626130616664323765
64383932333465306336386633366666346666663431323563313534633336656464653466643338
63393638373935393165313034373130353763656133313330633063633130376131613133373562
65323236333532633338353035393564336237363431346162393865323031383330333832373865
30623338626637383235313531316563646663373338626339336530306630613434623332643239
63633664663236363532333133633936353539363737366564623435323266393032613161313132
34663831353233653338363835366539316164383066346661636463623235656362323034303539
36323362326233636130646461333635306665633934363834393138333634373364303931316665
39343530383730373430653934643730303263656664666337383936316639663536336565363831
36656235626161633266363234343633333334623837326666636132353935306435626662346636
38313330373830306466323266636234626131393062353466663930616331316561373731386566
35336537326434306637666361663464626164613830326537316235373765653462343935333765
38646539366433306363383234323933666635326433653839343164353232306134323139343930
63323838303030666162346661336132653831353033363933306533653639613437363432653336
37623837383731633437623635383438633834303830646238666236623131656234653233666366
34663030613339643932643064616437373232383433356530653839383066353362653039633337
38316662626466356234613735643763323336313461393639623035376663336139313261623130
39366466396433636461616133663265646537373539613462343538616663646461353663373437
66353766326261633562383763313730636662353363633165376362323363666465633363356232
34653539386566393436656166306635626234343362326539323636343031393238336538323462
61613164373565353331376661623431653562343962396236393731366331616432653038656362
33306234623166366130323766386536346165396438353866396533643765663331353763333566
63373666326333663163306134636431323465376237303937646538356165393963353834373565
32383163623561393730633632616636623662613932313466303965333363306130663033616338
36336434623064616635386635353532643865376339353336303130316539356539366630373830
63393532613065336536333938323065333838386135376239343333613434306530366637316234
37656134633261396363323332333762643165663939613431373533376362393738336236633361
39336139663462336533626362653735343364353132306235393063353130356666656335303933
66343163353966346165616334333431363866636330383832633136346130663931383834376536
61663730643762316335396463613432333230623061383835326139373939323639323932333133
38656438383236303236316532313862626235303434343063373035333564633431316237386465
39373030643761326238633838616534303334663663663134623637363838616231386432393331
61336633653064636230323536656364396336643133663731396663333731363466333635313033
30626538373933613932653035633861643261363535363932393430336532623338623736333331
39663234383962393234353730323331313039323465383266363334633364373562663835616533
66326439313362323638366562303435313630383534626534656465383731336630343238376135
34313564353734646632313836386131656566303161653262623161373261353030653239393831
39346562616461633164613535663364643133336436346334343236383762346564653066353733
38666238636463656161346263383138386366633234363932366165356564633164313662356265
33626535653465363934333734396136303562613537313937373139656262663736633565346435
65333064323730666162323435663364303663363839333732623934376635626139643538633835
65366232653937363661613630323065643063313532396565366436356363653161653936383237
65306134306630303662343236303438366235303865393565396134303362386638396635303462
65376437363564336530306631396138623838613532653361303036626239343163333364313862
30353233616137366463343036393365363832316132353237356665356534363932346539333336
36323234393834306564393436653663663963346337346530383766346263663939333035326139
65663961316439343964613437623436376532663432333537663830613339323364306131306562
39346237613766333461626161386232313962326135643963303139323863356565613538636365
32326633363965393862383930373639653262306361323939333961636265613333323461633038
31386131303363303332653433663034333163396638653036356163623938363033623932666130
37666332326364373330326162646261346164623233623362656662306632333830393332626666
66653035373138646166333032343936636362393961653664346432626661373535396266303664
36353236376132313134383030626332323935323162376236396539363932326330343937643562
61393331333730643738313361613033363565396436363764626236303630393463373037643161
37616665303831666432623339616333656137613762353335383137383439633866363439313537
38353432376461323962313639633933303032313137663537663334633530353835393639313536
63643837613433316536343539306637363063363837666662663133343333393736353631333332
37343130663836373334646630366332363033666635313363386461326163653731343463613735
63353664386537633631383330313634353761663266353731333134396231393834666433333331
62346332303138353662383462656132383035306234623034326339633736663331383165623830
64353666303362373265323933623434323031633762366265393362343362393436393865316334
34373166356462653133323430303339613232333235646139376133626232366337343134636432
61353434386130396638366462333934393766346433396566336638376632396537643738396538
63636166353239333764323731346363333463393861383933323131616161313035336131636131
64333532363538363064623035656361326634653365646634386361613239383231316535313564
34363462336263356536313663643633343762646332306436316435333832616663326238353766
61623336346437313031346339633736613066323031323734623030323938626332663831393433
64376562653734346265396134653265626665323331303462623661633764386132313931636339
37633331323633326433366165616637393832623564643839323435316132393530616564373464
65666536306633636261646432653663353538333363313732646666663462383137653163393166
64333537306639356530353233633563643464333331326139346464653732316161366432613962
64313362613136633935663335643238393766353239393561333362666433303162636135366434
65313236343435396130343833316565663333613137393130636437333662346433643734333231
63653934323335353565323864623264303765373461343935393162396461666635623866333563
33643261643138356139323139376431326562633236323634303439623330623261666439643531
38383431653733353231653434623831653235393862306462386532373061613630313863613530
63396462623332386237646338616638656166316436373432633961616635366235666238636535
30666361613237656362306463326331346339663830366462656238656163633464353738633037
36643862626134653964643165343133376363333339303061396433353036656664373362316237
65356237373064316166356666346635633061373364373564353766646637656436323762383831
32656563303332336464346531623762396538613238663064306261653534323537306561386364
64306230383963653463353132336662323733343038323435313762353132623065373136366361
61373638646535613763373861393966343261366539636563343431303764316333333861336438
37303632626165396462323435666138663564633830383731363961653664336162613232376664
31323338663763366530616538613634353365313366373632366262316264363438386230316165
38373038663235363335666437623630653839613432303132643531303661366663353465663463
63336665396535303532653036383936393766653133613333626234336636366330633762623437
61363462383538623561616531396461333863356664313132376131343362316534643035306264
32633736646461326266323362306434353835353538373837396131353130616135363464613764
65333131326665376366663331393730353930396333393930366330323935613936323863353638
65643436336637646230383537666163323134373531653662623465313061373636633961663739
65366230643965373630326436653166333863323466663365646534353030326262353933353934
35666533306332363466663336636262336335336163643136383664613366333937333338613439
35313934393133333737356164613831316636653864396165343064383738376531616464663039
38333865306239653962643136653131326638333434376361623631643539313732643332346564
38623864356361356230363731616330666164616335623235636261343033663863353031656332
62333363346461323532333136386430623461363132336535303233643538393561306335376236
31396235333162356135333738653234356533333639313331326162396230306239636561636264
35303366313764343438306463393564663831313431323932316637636130633464363735366437
31636139386231623333643438666431646461383930373231373838303866636133303064633765
38366666373739303661353439336532393539333163343362643464303630376137633662353666
66633135356465303733313463656433316430303430663832363333303165373732653731393332
61623837646133383761333230613365356130336561326361343432303566323163643563396633
63656162646337633530303834396163623535303831313739323663323935366533643534396665
35616533343532613439313762363333323361366538343539663839613666643561333264653035
32313365663336396538643232373966633334373132313539313464663833636464393662643838
63376333303533336164356133643737376131343930623734373265333339613239333261353965
61656261303462353932323038353332393765383937343837653732646539616434356136346432
38633066326338346536666337353961616332373230316435333030366430636130303536666463
63623136303639353563663061313333306538646263306338666537396132353939363831316466
34336364376665313834353439323533383761376465363765306561373837383264633665663433
61333832353165346539353538313233653262636133363362373835383538323762353961643135
63666562346130363166663764613138656466306236306662373433316561366464343265636539
39616434653565663032353163383966313831383338323466633231383433333662336463343161
32323061333838373031616533303537353564383237636265323936643834633433623531616264
66666530613132306633353030643530373335616535316435346534663336346234626564383133
37356339656134363031313732376232306230663036643933643936323532666463393037393338
63643262646432346131386631633734366162613531313961313237343934396436643330373964
31303538383438636366616238376138386237353564353830393433303632303464633765303139
61363864633166303166333262633835326230613339346133663837313134623361613365313061
34666435653666653365383532303335326635643863636339386139393361356562343534636539
37653834656437666464636537666362336631643861653736383062346463633233626130333565
38393333633838366638303434313235326437373733353064303663376137626163656131333938
64613132376131313230666438663930333662636662623631646632636337356366366565633138
35343036353165396537366565663233346635303561336565383338636130616332333631666566
66636535363135343766373930336233343938396436643834346631653137383334313962343430
62306636323561363066346337643164623866383637373962633666306531656433343766633365
33633139323762663333356263393466363464336434636235666237613166306233663031633862
36656433666339393866313263373036626133313630666665363538363865653133613833313839
37373538626536643266376532346638333537353462353238626435353237376439363338373165
61633239303432633032363862363037303261303264643663633464356461316664363062623837
36393133303361326461383466306334626631353363346165376130373231633261626633323130
36336332666234373338626337613030666632303230636562316438623763383232343132346261
62613839643566626231326566323837646662303661633134306630323665333030383332616632
30336333643866356165656364333063393862393265663737393963613464643034633630663539
31373330373336353535363338613638376461633935353935323663313934373838366632393339
62613832363466376464323163323533366336633962326463623062656235353963646635643934
32653737376664393461396436633235313663353935653333333236643164623330346261366361
61313831656536323764393236326630653135376665666661643065613539626563376466366664
38313935643665366661393530396130653834333265616230646536393533363464336633323338
36393439323437663262323161656638326539636531613537393064656262646565393165396634
37343065396663386461623136666663333538643930333338623061386265626463663439383163
64373666343561306236346334613039316437383835326531313931616266393439376665636132
34656265313635656238343532626637346135616237393737373964646462353138663464313532
31643236623633623330393861333061326430396338333237663130653134356266623864343164
35666338613163663333616333316638393664373432383132663163393666613434643665613834
33616131633961306163373138316566363436333638346135306461633866303962386337346261
32333939343836633961663237663963353738336634333265373963366665353765346261386335
33333266326634383561623966396665373337313265336164393634303738326631323661353465
66336266386239343238613839623739653631386139383563666437646634333563656362653031
35623936376434376362316337643832303632643662366666613264656233633361656637623162
65396138653735396239633430373532356464343733363638303439363134633237396638366639
39343131343835663162666363306433613939356563633237393138633763626432306331336238
34386161616535633264376163633334303336356266393733376664313135363433306435666534
33383530623665623134386135313334366666623866303463336133613537666534363062666432
33343261636434353766376162313934313939346232366233366662613563303134366665643930
66303736336430643666653562343564363435383663383864303061323261636630306164333861
33666530393863643463373864633735646566363763323734336633633064633761636335303631
64323836643662653134326361643538633164333961316463633631636134663732633731313232
30613166306631326564396135653631343935393438613734616465376534376263343838613765
66336635616639623865346233386439393764613439323361326233643633656535653030633431
38383165343335376566643266346135643235643961303133336637353737323938373830616465
39366330393531626462393336383462653637346137613461366263616231633131666130306632
63323638663636373637333933663866343766373562353961326530666166386263363266636630
62653462656538326566633431613537313836613933613739386335373238303235346338633563
37306539303639323466613662393264386562333665613133326662353838303030646633633631
61346338306439303636636139313135643264333065396439363534363832303732353432663330
32623130663332366139383531376365646332373732343730313334353631356563656563643362
65363434326437343161653537383433363730393032616363306462613936373737323764653262
32633461313438663933313761333230633264373832616336326538353437343730323437386531
61623138373435666137313138323637376230323036643762623863373266616336316538643062
37313630643937343264303261326130663462333864376139393462373266636263333866326232
65353462313132393961643931653034656230386231376334326361636364643639353664643537
61363666393831353561313866346536626538633934393765656135626537366162363064303661
35396465323037656531653765633534623061323232373566383333386130303638623635396237
64306230386330316138323139663864373564303966393163343132343734363163346434623666
64666335623033663663393265663630643630333561633364636361643066323231343531623263
62653233363866663835353663383333396561343832303537616331656131613336393463386634
66633863316235633131356635313336383634356332393835653265356563343133383136616438
62633762663462373135396439343138646135313634303030386138316263393830363065646330
36306539303966333861303462313133376336666365313862306462343230393662393539626430
30333639333832356430303765393031353635633139663337313934383262363833383566353363
34393333366561663935663438356136653638386363333464303533366634626538643439363431
66333566313635383930313839326539623964333366366335313734316438396166336436316164
37343537663837303161666338366631376339623063626131333136623366343964366637613438
36613834396431383066643637353535323564306437613235623536386639326136316230303661
35393530326531376235643664393134373135613832633662663861386232393063333965343863
37386466386339616135626264633138653130346238363837623164633231666230353964313164
61613337633366353338633036336535666365646162373264323039386432626463643636653037
62336437636366333332393663656538363832303365616362656563336436623764613735353235
30353737633064396530353331646139313032356630316466633032306463633136343931323536
33636661623563326565626666613930316638373431396637663564316262376566333333396339
62383336373462313532666262343665383466666136666433346132343730326361623634623937
61383738323365353134313864376630333136373963663335613361353331626563373231613137
30373639376634333062386438303161653339316366373930626563396561346530386165326565
63353635643039333563373837353637643166633266636435323765366134343939646431646433
38313163313337376639336530383261656431363061656236356563633237663331393930356263
63656266633363646630363331346330303034333661366530643630303765303466306635376236
65393738376539646239383966363963656432663038353838363534396330313661616531313232
64633939383261616336663761633039663237336634363161326532613532663039373962393933
61313936306364343535613531366631626431363166633332636265313364316462393538643535
66393632343837366432346165366537663965613464373765613936346532626435316330656166
61643030383565366333616162376165363564396664393331383564383363303134366135363061
32346537653639376233313166646136323563356563626337643261663161613665343633303863
63623130656534306637666235383635643866633731663637613238363739633035616639636330
66353534306530653437626535303161646561323831316561316530363637376664313661306561
34616263323232366363623461613132653863643831653633356336613432636633303366346631
63616161633762636132363334646662313762333530613235666134383533326439666165353632
33386438343739323466623939346630613864666563373538633962623830346631336464323232
63663263373264643837663337323262306538376664346639386634313634663131653735653939
32353238386534643737346130613537346532633835323466616630383331393866633431333961
62316364636434396465346434363638653561306634363935303537636266386561356461626532
37303837373363363464656339376634323564333839323266656537636533383261343461643463
38646561386638643634393061393537333937623062626566323739646636653136333830626435
38363166353832313361323966336561313235366137623935303135656439396164343736303365
39356634323363326232343665363163366135353839646234613862326438363336363839383336
63663736333531633835623036393162623034643037646362363230393337393432636137353439
62313231393265333566643262656435366366636532373530356563616663623364636361303631
65353833356230393830646663393836613036356238373063653136323366303938623564643864
35356563663030303138333661333766633539396334396139356239363531346466663666353863
39346536363566323636323766306136646133633064316533626638643466386463373032376531
30326236393664626432313161356562383436393763653634326666613736333036366463336166
30306562646266313834626135636366663130373063643462393035383663383530656636623839
65323064363763313733333462383366346161636635653436346637383337326635353234666262
36343764623039656233376636333330343036636531656639653064633933336165376333363738
61303031356135663330616266376136336133626332616636626236633735373966643562333334
35366638626331633531346530666530656331383261386337663535663661633632383032306537
63333032353033313966386661633736666230323138323461386334316362613633356364343631
30393030313765353432333564363333313036373262633735623562626565393366323634663332
34373338373130633763356437346563366232303538333962613466373636326436343536356435
31333531363034303063396162616138393238626137383237376339323964656136633161373039
30316363663635363430653834623364386536303763616665373961663464346636653662336239
35616363366230353139666239623031383531643365636232386437396434363039346534333461
38653666613934373731653836383937616330393932326465643961356639333037353735343961
33343536393263373535326234656330356662363865386132666230336462376130333335343530
34636333333361343761343765343535343436643939306535653431626238346264333561396331
33316133363538333461653565393536646263666565663837646534333764356161346366643664
65666662303964336566376331373032656463623735356261353336623036326636666366616365
31663130326464613565346236386531616364313732656263313330393334363339343139303034
66346438306631373665316532353035616166326332303638646531303933346163613437623062
36323833333162393062346335646463393339623237663733363137663737396533383662623139
32333037336366656332383562313964666262303935353736623832383634323331346230363237
39333138616163303063666462356439613561313435613938356433396331666634656632363031
64393464663865383864303964343361303365373633393666663730353761303165636631396235
62303732333432616166343864666336313632643032616262393335326336313733643166666534
30386161363037623964346466343735343037396331333633356538386566303637373332653837
37616263356134393230373034393565666333656564326536366434613563323838356665313731
66613531366338323630326131663936623766393334623661376663383532383430383665643633
31373535336131333964663163313965663135626236373963343431343839656539623138653565
39393839396636393861323834343664376362366232636534346365656465353836383561363832
66633438363338363861353861363866623062626537303233646462376664343962383331663138
38636662346265616163383030383862316132653239613539623235656465343565306639666433
35303437383533623062663835323331323262393936363865636432326662383639613137333735
35643833303434646439346134653833373933313161306237366135656265303964333761383234
63613166393339643037636330663939666665323439363137363338316364333738313366656237
38396265623633333562393266353062656135306135633161356362303066653737393264653332
65633836633531383236623739623934383530313230656639333632333730393631303339653635
32616162613532303732316139616262363632663435666535393762376264396166633735383662
64346639393635613831303163323730636630353939343032643336393030323865646531643665
31636166613966363335393437653430373033393837366530353563303332643135373837333433
37643664353266636439623564326538663438363337316638393663626231326266613239383663
64396665356438373263663939363961396432616263646435633937303165643365373436373734
63323533363232633964383663376661323939323664616132333335343764303761366662663936
63356530663965616238643636623331303863336133323736346164613466363538393635343634
63316361666139393263383232613637353037303062346163356536353232316365633933376433
33633138306131383937633632323962306634386230323235323131303530393234373933356265
66396131333461383132323831353362643663343332653331326662343035663961313334656565
36613937366434643766363764303035303238666331313933346232623032623830663234396235
66623737393135396165663634343931653530343034343063386465306135373235343235333762
66633562386436643336343937363439643034316238636538666334646135613362333663663365
34313937666461303037386239373462346635343962303966623536396133613230663232363435
36393231343037303634386130336434366463316632323937653636303038326135353530363863
35333335386562613432306439343663346135646331386330376265326336613763643933366137
62613362616532653839383266353366316434393365383661346566643930376136303039336261
32383838376336333431393031306533393638303063396233643361383636343839653762643664
39303766323766356432653230366334623933353037656163666136393738613436383537366333
63363662643066396563656266323030376135333634346632353865396330326130336633323330
35616264376234313734396363656366393462356638393632346665303862613135656365326130
34643565646338633866636364333137663163393466393734323663363865643732616532373638
64303261653634313536303532616465306236386330633930656165396563613633383766303434
37363964656630383362373763343233646165393164646161623433393564366664396531343364
35323136386438393261636133393162663531343536376163623665616130333637303663306238
39316339373139363761383936643261333436623736336633383832333937383164376438646265
38653835343362333930663631316631653363646631323562316338653730386530323330623464
30306631636561653039623363333761616265623363326139616364323530326562346463313234
34373731616236656663653831393165316565663239366132306235383232303661666264323266
35653136323931393963316636613664356639653561393236393366643236663936386261623230
65356139643938326562333462653463386439616434663537306165343737313030336133626363
30663261643633383538303334326134363036343835643965666330373631646631643962353339
34666537656132623864623637333461623933626233363333346264373665366637313063656336
34303761333962653361626434626131306265363464303332373939303734346234313635623438
61646435646434623561373562623962373730383032633161623035653162343261396134663566
62633363393864303162346563326130363835616665343563353866396533383330663432366132
38376463313337323632373134396639363864336162653139636163363638313136333537343462
31366365306565363033656433313830643164313165653233306230356232343662323834643634
38663638323661373032333036303134663334373963363462386230623162376339663932363236
63323632333965366366333337316366613434313839363534383036656131636635626164356438
31323664646231386233653235373936366137646661383530663137343433653531343065623836
31373462353730323666643963333862313630333165303961383361386439613432393264643361
34633534346463343965356163663235633861356462326266653331613534646136653137663363
62663235666231613139393861373539373936623234326461626335626239636439636332313661
37363135626262656165356564386630333731396433343463323434306464653866613234333131
62393335363961633633343432343766366265373935313132316333333832343938313231363535
35383162373138363131303035303036646533326131303835653263343761303339343462306138
31393030313737373438663037393637633739616138333837393538633766666364616637386331
36376435613839313333653235643037656138373435323330626463623830393233336239333939
34386463366361346265353466323263313838653264383235633239353630373761366535653763
31613337646531333832343434333036396130336663373932316263346233643234343139656162
32393334616135336331373830383865653966303937376136323437626164366539386331353130
66333633626434313737633235643231343334633862633066333565373362313832646330323065
66373262646561613637316561616266653939623934363039316236636134643166323561306131
39386363616264393338646466613766656439383134616165343438356465366236656130623139
31326262383437316133303561303035386438313939323863623336396236343332353031306465
39623736383163636134353865313262346238653664366435373465363435386361353462326164
39316532303766626630373832373434386633326165663830633038373732393735656565616338
37643463653931613663303937613036393239323034396365393030663033656339313064323962
63386239373838333534656466346563666536323237633865343962333537343765353863366262
62333034633163343563343136333930346230633761353333396138656531366665646430373239
38316462663133666131393163643933333264373639633130306334656538353136356663626262
36366165326666373162636131646635633162613933323035613530633964653333393137643835
63376435646236666430396139656265336538303437326664383735343166616437343931623539
35313363366162343931616134303436653066333363633137376236306463333632333761346539
66633335643830643337363261633434376531376239323130616261313066363030666639373766
31383937376437636533353035656433653234313835313832653263343463613466656533356433
32353838316562363934623030613862303833366333336131316431333637633532653361383237
65636364373931353032306136643836343732353338336361643737323439373637343536356361
30383635373064396461663736373730633261353735643330666162663564633036343262626464
36613762386333356231663164323161336263613962393932663738363539343931633462363666
63363631393234643834633963613031623534353132643632336130663065636534306366343833
66386332656333623166303739613262643435323433656435393363303130346362663238336134
65353163666262333262313434366536306436333462323832646361366137316164633964316461
34626163316266366138633066366637326136363636363439316431656661653666353266656231
38373231643366376530396337373233656663626235386365356436326630333138646631316664
35616164643335613763303439316633373232386263343032346439393433396334366532303738
36386663316430336138343166323362393662333561363636333563633164373063633263323232
37313661353734626565623437303832636436306530373031666133303838333934646666323165
32663863326438643836383265343038366535356563643062363963623863663139313433326430
62353063326334666634663262306164303762623636616536333461333834313538626534653834
36663531313832303033633632636237343965666231623833626435383835313535396638646465
37346661626664383566633633366664386230613561383434366538353230363838343461313735
31343861326165316430356132343235626639643532663561353035623330323439306661393664
64393633393136653334343132636463623165373836353835623262336135623663383537636436
38626339633964383636343163356430326163323364383363393030613236353066386131343363
31376238333135636261613361663930643530373665353964666235346133396263643164613531
63393031623234363037336462653532393737656236653431633038383735666130633766613432
35303230616431626661363938656563626466356631393962633563363237386362646538306337
30366661623734383836323962666635653664303933323332393634373666383130333035326437
39636562616537363862656263356264316133623336643965666634343864316234386435616166
63646239313238306330316239333233616533353037373537643065656266356339373863636330
64383931616235326633306666646631636535646237656464313130316331623530333238383533
35366238306635366637383932373836376332653634383837326165333830326534666661393261
65303539643435376263653635333931643434353935393863326164326132663332633962316234
33363434343538616362326633393033333063663465633734333437333630383538613430353336
31343332303939643364633666373031393636396431356533356536333131653264663464326335
36393034336332663834666638623339386537633937376661616235326238633439333063343565
65376166363533326332653432653863316134633538613063313032353335313336346439666235
37643265343165663438386234353736383533613261393237633266333430653365653030353661
61656632383835306561333961663339663933613739626335653536313334613438343162303738
32313432376162653064336637633130653263303733386264653337373538366635316330643130
37626533343465373530396238326634376661343634323664646266623132343862356437356533
65653233363361613338653363396232633463373535626135356265336332366531323032323662
34396464376462313535626434656462346533313537323231626330646339613233383538336264
35653631656437663337343137653633363837346365383934323133656233313433303135383530
31393162336664303234383737303931376566393033383033316635353062313038356664353839
31626139333536373262313939376237663335376633663963356133613438623834663034613263
39306331373365353865336561386566356634616562643638333331303434323633306635346138
31623030323735386339643265623962373133326663323536386662363530326231326361663930
39633333323939646132353234363433353635313731333039663333373638653966326566363665
65376539386632353935396232366663303133666535666434393938633638353361336433313063
32313736623032353562633365636136613739356433303263376233316461343963356266306339
62623833666639376166333265373531613035376135643238326365663135613234326365633230
34396437323166653138626662643264396330396533343039303161396237326239356131623135
66313930306661366562356132613165626537333631363131333861633839356530643833306465
33663239353762333130343532393364363135636531386135393062326230356137653364386534
39363936386630633031373838393561616635346531613264623039396465346366393665373866
61373730656465616431613064363866393439363430316636343631383866306338663338303734
30633137313165386238656539396561366264303139633236303565363264353061633864323865
65346331376566393130316137353762373263373135656365653238626464656330343131636466
30633064626231316434366536306535316165623230323066663361653134646563313466613065
32393536373936373935306238656236656361653364646665306562336330613265653562353464
64623535613833366538373134633762666131353564633561333966396339326261333335323333
37613461353661333638313734613936666531316239336239666230623762363331633665313461
63303263313765393434396666396637363137653632656263353937666266386634303863646663
65666634373861666433376362363533303033376238666463386437326332623765383237663363
39653432663661393637333466643963363335343935373663326631623637346230653065383563
64343866376435313332616632386539396130316662306232306362343464366638373762343363
65366466616637326336356437613664383665393332663031643435663331653265343832373136
61383465306265666165646532373863313138306366353362376436303531383633616561663666
33346436633766393939373538363436643331303663616663646433326661313831616333623438
35616330306538653635626130346334346530333565343333656537343336336366316239633437
64366337636538353430653538653662643465323031616531343561383238363966346636306232
31386131386562643237396231656332643936633966633736343264613165353064393130633639
61333462653566656366343634323432313462373536653666343465616139373233323239363666
37663235616433333865646133393431333139356339636437653730376161316431663237383264
61376663393439306135623335616533386434646461346531663839383861653731616336616263
31386336636231633232616532633865346138366336616637626632333461646634313465616639
64353762393535643830353837396266353232316636373839333633393766393038336537626266
38643061653037613637613533643135363338613736353638653561353632336663333465373538
66353466616462323133363932613335373239623632626464373539383936343266636631326432
61386461633234656163366462633663653464336463323961653535376363393961653661323837
33356333323061366535326261333731636363303636306166393530363437333465643934336462
65346234366166656366646331633161653534623064386531363536363933316365663365376165
38336161633965396437303063336436326163306464656237333034326566336462316262373864
37633037653833633136383265646663306439316330616539636630396263663633376333393963
63396364393763303265356631346161316462373862336137323839383366386335356530623239
61663931303234373035316662623663333263646366633835353737323464396234373862313537
62376333666539383963356439313066353333633161353436653133613837666333326263363931
66353238373632353564323939646166316335373934366630336339303063346361623265376139
65373830663730386462316434303937343761353036313336643332353663313935643333393532
33356162323563613234386233363863396532383262643732663032363166393738323234666139
38373734386334633533393566303661366236353530353331353536363565323633313939633165
37303235633064336566616664376439626633353038623932626366373535363662353862353134
34393037633662336530306436663664323563613761326637623533333334303739373639393436
38326132303033313366386263613537373562373362346330306137373465356632656661333166
66336236636337346338333430323331323237316133346639666636656336323766313766393761
30303639613536633965313665363261316261383663396264643062383762393036363766633665
34653730323437306332366330633265336532633439336330643833353237363461666332666563
65336433613631663737366235663134303137646265353335666235643038336364303466363363
30613964326632666431653136666636386236366430306261326636373265626361383538323563
34393563373035393564386464623131326364373062323335656436623666363361626134303166
38303139306138303630613531363734613132396363326361393461323731306262363538303565
34383037346537643562373333626562313964333235653133316131616161373231663736373832
37316337343565626262333162623731633931336631366162396361646239353437636139643563
30623437383236613339646366343430343637323238626165633838306665656535393663396462
37313963303438616534356136656264373065376639313033376132643265626533396537306238
30613937313536656263643665356338623463383266323936303965393835366234323265313535
32636366636138366333626661636334323064333137643832306630383936396161633832393032
64363731643065303063653937336663333639346635373465323632633037653332313233666662
65656361623033376361633034336535366365613261616430303138336436396133353939643861
66343431383464373866653161663037306361386234663134336663323335396635373237336264
37633439626436396265333765363033623134653462376462363464363435336335366139313130
65396232313365636663353435653963383239313234313464643937353135313038373661646133
66623161353430643633383162336661363239646632393938393364363566316164386639346566
61656632643133393065323638616361656236613830313761656131316662366234313765653039
33393839303231346662303765396161326535356362393461336236363237346438623736373339
30306630326434326137343731336437646366326233663439643536643166323161383139343562
32613333626566313131336636643932653032613538386633393833363064343036383839313864
62326431313966376233663462656537656637653165386164303030666334333066333764346530
66633031393930386637373530303965623761643866313663393038383338323165313333373439
30393438313365346166336463333761663539643139383937393332343262313932656566326265
37656162346465386462363465396432326564336463636438666665386230653938316138336364
38653761373237636165663132653763663063656138663065313439383562613063313130623833
64356634353663366335633839326439313863383734323938396434626661336561626439333938
30666566646266336461653038316161653838616261616632366635303237333261313539613534
31643037393665313833346437376564626565306430373837353136346630656236316532336163
32316530363766663139646261393536643866653434313366343464323466326438653965333861
32336334653631636137623139396330313762376665643138396433656339376430393838353736
62376336396439646339333033306638333031336633616464646664346339356534383863373533
30643338363634396666353334323561326566343465376465656535653333353333316136333864
65626662636137366162633432336233633038356232303537313537396636313631326161366261
31646662363637303530313837343036663066663238303835636631373962316266613630663463
39356332663731626239376331333966326166386539633461363763653032666139373066613162
34633462313362323131643163643731336238353562633965353331376635386130613437333163
64313664373430623032333133313731356266636339333362613430333037633130656533613539
30343033343634613739316164316133623366613932346663333937373633323664316165313665
32323932616338353037376462633132656638346636653838376336666166386539636634326339
66643061663061616534363666623333376463323536333935326333306130353163343738363432
35643833663432383838633961663534616232363936626564666431633030663735646634366365
63376437396435316263656661343030343335396233323061663363643262373465636666346563
38346634303263643639343962386662353264373637383136396538316130393166356430653939
34633563623765306635633466636361633664326339373561646266393931376431386165396663
30396565616639333737663564616139303037353761323132623437396531306264663038643666
37343864356639313666663334656566366138386362656330623930323661666364363638333335
34663535393139383262663862396438636235646334386435656232633634653462376263653935
36313632306535333738393531386634376438656265643539393762653862646365616232373864
31363431333461326562633363616133623436333165613764313961633734343461373764613464
32646438393965346435356637353961653465303763383134386362656165396537653538303236
33643939396666343734376164323061323430386437326133383665626532663864613562623661
39353032353764326166363165383132333064363961663539363365373734383732383965666435
35383632343064396435336466626530656239333533623262393363346332323064373763646564
65363062616438383864633432383061643632396536313862663666646333323030353730663663
64663735653562633435343965393233656235653135313765626563613234343433623837663134
32346138373936386334633065656565366532396430396265346262616238376133326236623531
64323332303063326339663763613565633335393331616636396366316335386431613461633266
66353062336431363766643035653238336663373332633037336466643932306636613261393661
63653530633535623363643464303765643264396138333664373134613336326236313733643232
36353937623366356164643935656330623731616136316664353065303564626536633037323838
65663537376631383966613763346662373363653531656230363934656366363034356437616363
33643666626331333837653232336263623530636365393038346664306161313638346238396266
66323364643261623733313332613331643965656436313033313136643433666431343030373939
33386334346666643832323030313434383938313337663939373132366534313736363733343131
30353763626264323830653038356566386530326530353237343633633662633335316634383465
61313337666638366232623862333033353334313262663964646365643036616463653866383333
61343939386334393936303039616366313436373735616265643863653631633061666431313634
34346661353237643832323831316265656465613130346230316134616437633534316337323764
61346138613530343333303163393833353336623433326533356339356663343639633034313038
64656130633530653037356463663864306163363634646637656464373235613738303634646535
61363039343066653663353664346233633665326234343830633233636238346237623538316638
32323961643966313631316435356664636332313533616163613866396364316139666366623365
36626530363230396637393864343463653063316533333937323732353435336535313636613364
66396232643563376366656236336133383038643564323562373664346166636563363034636265
64653338313936656336646630303265383431633135653364383637346361393864353230643230
37353239353733376334313137336535303132656233336265313135383866646335323736393765
30306139663062623735633836646464383835346332643162663265643363663334663537376434
30363336376562353066303061633536323032636533336633656463626639656531396132306539
35656137643436646664396533656438623833323264626232336236383230363434383761666632
66663666356562376232313363353131353661386663373530636665663237623333363336346366
39346263373066396364396139636262653165373932666135666136306639383030633465343263
35656266366337636534616565633634646666333636386535303239363064353365306661626261
35373933316665393437396434323534663836386364376636323764366632633164363133346336
34316538373566623565343264336430626132643432346434643931356165333465373633663734
37353139363233356536303433353434633065353566386536616461303663376533316634663336
38663533333131633230646330306661353036323966323335346439616232303164343366303739
39323832633535356231313634333563376639396161643565613130313234343066333631353331
65613632623334303465623962616537336633663933656461303365393662396364666664323434
34643566396135356534313338376565356563386333373638643733363830336239636337626436
30383439373561336364306332666334646630353734656232323334643363323336386262316136
35643937623565363732636239633033353933303765333665666237303430303261353130326538
39333436643431636532393564303332373564383030656163633661363633313131346261323437
32633833643462663030636433313661326338653330363430346533396562313939393863613439
39623434663961316437643231663864303861373539626261303265616365646265646533393864
63323466316639656636396431643764626533346562396139373039333238343961376136353764
36666437363332663531326639373338353833646637316537356365383766666463386131376262
31613437346536373131336131383534326130313462663035333136323335663166366362346561
37383333623530353162613764383136373639363739343263616466396263656365616664613234
38353932346561303735356262323863313765323961366262386135653166343330366361313364
33396336643538613539306637303566346232386564396134366364373034306366623162623265
31666637386238663034633138373466366439346137373838346630343437393631636563333861
33316663633865613762663736623061343235373936366635376163663065363235633633626665
34376537663738643135373865306261666530653662613862623463393338353730303663373837
64373230656533306163623261333331653832336363633464646635643664633831373464626235
64336233326639313163353532636232313437303938386439346237386431353864363061623038
30363061376162386266336233313361383764623661316564633238366463386139613433653931
66626663366133633363373263383731616664353531613261383461616136336164366137656632
62343139366439303238343535376261373935633161373864303163376563313133333662633465
62313335313561306330336261626137663562366539316330343465336635623264343833356335
38366161313463353837353836373562353530623034613862626437633038373562313632363465
61356665313537316532356464373931616464663835353434383263636234626566666131656133
61303834653964366131623338333531346137316637623063373134313330356561346536646232
35306564366663623962316633636337303264326163393762613063326363313139383862343265
62656237333734653337616331333031316163313739313866313639356636306335656364653334
66383732383630636232373138643166323135336236373535336462626462353030383366636661
37316561663533626531613035623432613562633137623763636463653837626563353536613361
63316665333665656134616533626436333732343530306564393632343336393261656333396531
63353463643234623761656165623631396334363866666435373264366561313635643661356238
62663331383163333735323537396137666536333232353338386466333939666162366261366530
61363064396664383334376162623364383263373366313633356635356139656334303264353863
39623531373065333064393237313737666638333965653931363638646339393963383134663463
30323635316337616633376137373761663864626562366364333265376462616565386135353831
39326138633636643638646238383566326564333439623130333639636166363366316136383334
35373261633661643762323831393430356635623631346565316437313865303762663732333133
36316534386465636364333233313361373065323038383035363661626139373338616263633363
65663933336366623736306562633866376366666163376433313433316463303334663064643535
61336634616665363330363434323666343062343966366434303133643231333632633634356261
38346565633732356262313363353961356239376162336265626265383639636236393333333864
30633132376433313533393234363537646461373034313737326161653138313835336238623434
62633730373439393965623464383431653464343436313465336635343737303863356664613066
39656663626539666364626463353233336566363063393163663432353537333761336565343433
38646265316566626133313839356538613833306366613261373536373534616633616164323636
33333937343737303130363134393964386331353135326465373364313336353463663138333365
38363864663562663765343334333065363861393764633234396535633162386563613564303361
36396564626632393239353930356136343761616331376433666566363733323366613436356135
61366366393838663233386139643938653136653430326262333130303034613234356365626332
30633632333262386430313561363965643233303763383764623838306462313934646265636136
32326563396331323163663930393033383337653630633433623737336661363133636335613436
37313462306665313565336264326261623262616232313437643666646238336339323462356535
62306234306361306464363039396165653865666639633362343737333831376563373132653163
66626633333134386166636334666131353333373438343863663539373938316165346464376237
35613931313230613834613635376637363634366337366566633565393261386130613434363636
35313865663635363765376138346435396136333734396438356132303637383166323563393061
37323864623062636337333032653461326237626366383630383039643030306539363337643437
34346632613365633263363664393634626430616433623833663531376635623831303239323966
64353665616666303137616538353735636531633236616462373936643361666635303331373430
31376561376162623537393036643437306433353761393835656134346539663230346231356238
34303032323462616461393061363938346630623361373539376339663062616533363737636339
35653262636161666462373238663961616130633138373936313532323932383765383038663036
39323832636638613462343431313664643964303232333033663037363861386436613363353666
64616666643361303565396232383335316335353165333530376238333335383031383362323638
38633862623461653961386439623932646431343136366535316238663339623734663932663863
33663966363964646464306433636365356538306637623535346362653566653730623430623130
3131626536343636633735383134393564653833666635333233
