$ANSIBLE_VAULT;1.1;AES256
38333036396139643763343531373637643930393866326663303133383037616435396235383533
6130363537323630396437373866366234326337303765320a623239393330306164323736626534
37356639383531363761396462363563373262656666383565343766313838663961373862346637
3939363534323365300a363564363261316363656236393962623466376330623336366335383130
66646664333134643566663062353631323136313765343965383039613436336231616134653764
31343837616362363565383765643863623837313738316666303637326138353639336530653232
63396661363164386435656336376633386237396162323832386332626162643964313039303530
38613636383535303637613766323365353236356438396666323232366431366535383330633935
34383466356438303365376531323835366665643235313838633439323735336434613061306634
35396636633032396662303138366138656538626161356239396431353262666239666133373435
61353135386231636431333462643838373636623834336537656362373931333631613437633465
39643330646561373234323961363032386665336330333962653635653938623662383338643065
30333337623536383231363135313566656639373536353164623531383633313162646434383766
39336361616566626438663563616164353535623664623363646239323762376363396331666164
35613461643932356637366535393665653239623765353564613136326135393866343236323932
38393735343063366333366430353332396662643933376635366365373661663463333461636338
64386436316361623835386438336232363038356439306533343936333433363465306661356262
30353436393337346638643633376563336530643536303637343532313135353137346235323634
37343333313437323464623536366164303662653263326430353732646364303636306536333664
30396565356665346432343935316630386433313635643661646432393539653535343964616132
36623736663430326130376136666566616332666632653830383766653965626139316330636365
62346366343936383336663335383763373532656235666438643362313831353537353464353264
32633765623731363338353865353033306130623937636637623237363464323832653134323632
63373062333462303631623462343032613063323039623436643433366539653363396633363764
31366137336131643163333532623731376337623534626162346434306339306338383831636631
63386363363331346464343539643635383666363539643735333430373366643033366466396365
35316136393832326162623963376464323533366633333361633232313933666434353031303533
36653837643935393661353064653138393361656634346638616232376438303139313565336139
63666561313530313034623239656633303065313933666132373335616166346536666362343835
34653335346531373862646461383461356539336332653534353332336461353565383532313539
64316366633163343433313132313839613636623461623131643130346135646337373334396135
39363338376364626438313761653464363736313165323430373762653837633839383535396662
39313864343061333738623737656563363134633735653464616635396561316165633666383539
38323666333137613733383133373537636430643865663461343464623963346630653436663932
65343730663165386337303061373862306166373262656565643339353538346139356161626332
37653837386235303534343339613736663966356135646362356332663737336364643434306639
64656533656166646566666138363634333737363862613333666165396463386436633231666137
36666433633239383635343835336262616230653634326261613665646363633432353330393931
39623866336637376336613337376564323462376364613861373139366365323136363334393532
36656562313161643134616137323166303531383530653934363931613434316436366330343066
66646433643663363265333535666664663630343462353931663439316366316532333735646333
34326263616464313035313361383337323232333139343634646466636262373164313035396239
66363636353737313266313838633966626664616431323337653634343435363333303334663430
62653830323261333734616166313364393837333065343864333232643430653735326634616135
65633130653331376536363538333034643533646337633233353337636430303338653133356166
31396237323030363533333837323130613661343834376639363438613466636635646365366263
39373862326439393435643866373966383830323661643134356533653566376232393132666563
32666535343665636463663135333862643166633263333062616433313664363131623938336231
34336565313537366263396566346237636563313063363963663630386237626266303365303431
65393338376337353534386633613462623030666335373236643237323939386463326536666134
34643532316632646132323963663936383636386537306364343337623766663864393265653932
31373963636464303536336633326335636538326234323165643936633930636235656464383836
63663965336534313838633832356335333666623165363863643937366534313062356265623338
37636161373962633334653931323533383565663262663231663866616431336264373038333631
65623664386364613434646461376631653738653231316662303538613563663662393166373065
38333833663364636535356365633431393961636237626564666466353638336333326163313036
31616566383261333430353230373366623761626462346337643664643630646232663031663734
62343661626130343063343239663535343163646263376237323030316365656162393031376662
35386133336563623539613231356337666134313833626634306230626162303061313961356634
61646132646434363133373138666631343165656238303863353663363661316330386431396336
62363964633633663866656663366534316139383638366632303739623835616462626230326666
62313464326361666132373631343132616330383639643535353439643132386239363639376164
62616236313964363463336432336535366335653239306131376166386633633961316532653333
62643739613039333036333361623431636661386266343461313137386130353266653031356164
31376239616664636637633036313737323534353935653465333161303565663064666636666534
64336436626231343036633563333764386364353165633766626233313664373932353231613863
63653934333264376335383265383035363963373261323936343166393930343533636664313830
33393532613262393735636333313965333762326463363230326362346633396264393765383835
33343561313236633631653031343239656236303131653532333436616262333961323461646534
32386131356131363666636532666265653233386330656538353739636239303061653331303166
31383137333461356461333433366665396666616634626265336438633262376361346634623163
35343931356333313166633763356135373861343566363136643531326664343631373932356262
33353330653061616566353932363230333937313933663161316230303464393932393637613066
35616539363662626135623465633138333066376635643332656430323063663933623533386161
36333031666631623264366261336530656430316334353065313036333966643638623165353536
39633166636166386337373566366636653462333138313337353062333862393832303862346264
30393833356263313734333362656434363833383436643464363661363864316662393635336461
62346265613763323539356534383332393334366163316162646363303533646536656637376161
64373231333537333935613932303339393036613532343939663730623435383465626333316330
30653334306335326462313664613834633833653462316238313764343034393961653734333332
63643463643836316335336138353961633531303366613162623930356330316133313233643463
62343432663864326231373632613063663137356130386634383136353531336137336265353738
37623563666465363937653266396135326463346238353239643637313034646465373531313064
34656333323930633033316530343137656330333735316330643336343162363737623732616564
63646537346365653962623864373334316266626637323539393364353166333238613231353065
66316436303335386636616137373462646438316638303835666534343137393366373233616532
65653064333865306439353363613462626166643138666436306438646135643032636339386331
36323436626636313037633361636136636439323633353533643830636436663639613235386438
61383265343832636634633663376135623232626334633338323937633331343339306137346265
39663664616334626530376635336166643530303437366263656466633835303062363536646438
30643134383633656535376165623363623835616366653139373037643930646164313761346562
33633034663437383235623436326533306133303466393237653566646465613239336533373832
64636236633430336665346432363061363730366163646665343132656166653430303330386131
30666539313366313936613861333034353962303937663632386265373832646464313362336332
36653030363930666134346261333565373338323039343764316537356638363039313937656636
61373463393636386433303662346234343735336263636465383332353834663530663362396234
39633265396463666333633665626432656438356538373866376161303534343462383461656634
38663030633262343062376164356465623637363465623932353634653062653261653432653164
37653937313233626636336661383865383831623965653035623034386230646564626439323030
35666162313639396339616364306561636163353766623366366339643539363936343963383435
30303733646339653333643966376637356232393539363937633033353337666432336263656531
62633462613935333438326463393339623662653935336463343238623962623630393639613739
34366463313631313931343665353033333538663839353331343038633732616238643033333361
35363966376133316330633931353361383430383662613263393863396234326561323938313361
36323430373166363435326439333161366537646335326133633536346633373861336436326330
62383365613732316363643333663538363465366330653565383930366462383737303532386364
64343939623431626134313662613739363935306638663337353536613735663234383039323964
36633338613037623537636334343639373736343738346236346339643937663863333738663434
30383865303436386261323063326665323037653438313765623562363136336164373366633366
32616465636334353433643339363330626236363466363861343735386533373132316638343835
65386631336361353764356263343662316662646334346139623939653836623132326631666164
62396132353561643035333537656437663630656334333766333765666533663764346163636231
39663433303931663462666132343139393034363965323633633963303237623138646538663430
39363235363663353563353362663035323937343436633239663365376262303362656265613539
66643930666563393064333435623738633063373235316533626562313566333363366531333239
36666662353437303431353937646165366136633663623161656134333338326465633634313931
30393333616235313634383532636230633062313739636462663034373633613738363532663134
61323365343434633539633462393764326666386561643766386536613930336534326463663638
38356333343232326166396263376330326139626130653561343865643233343930393039663434
61376334363765376431363663666138353734656131363632653235326362363264656538346462
63646138333362343930613935663637313463313661346364383830363164346264343733396564
36616166613566383365353134326666393163353636326230313964666266373865663362333431
62353863633039313830326563373432376536623066396335336631303239353336393939623532
38383234356538313332353761323534633666666338616164646638353332643465646133333038
37633035333434633534326136326264303239376463326236323232346664346631666138326636
38366333363732366535313361326336323164323030353732656136303635626233396230623662
61613961313836646337373939316465346135313463666330383165633361343532653635373865
66343339636537653065623333363036316665613733356364303765613936343066386638396262
65376639626334666336306235643666396535376231313863303266383064343533333438373066
38313438653132616335383062323532356635373062636236363364303334613639343463663736
66333966346362393136393764313663626235306162643139643136363036356434616539623035
32333231646337653664323535336462396331663936303132313461626639633564346637643261
64323462346330363538353661303232383539383062316666656334646539633331313761643638
65336638366163653539356532346464373665383861623165616565613235633635323930653030
35636665366465353336623830306362626662353431373035363032303064393235396439623834
31396662616461653336633339396330363631623263623736303737316536653862613533633630
66643138633338373266616161313435336538333265633362646239333261323536613637623137
32613061656661373361356461396462636133656538643362353635323639306631343965613131
61326634663139313330616462616131656439323235326634386565313564303634653037323762
63363761653034333239366361666630616365383536306238663933396139633763346633393835
63346133306463376362376466663334633133306530326461366539376639313037323865663330
31363161316338383932333137323838623465663862376231353064363532663830653731623563
64353738346465333961616564646138316466633135656239633939343133623832326535626437
37346234313963306236643131613830336435373033353132613130333539623061643438366465
63376562616436333464366539303662623463313361373431643430346134616530666231353532
30353535363362666238626631646436373963313463326338306639663535653937323336656435
33316265623731353939353462633765633731646666333663303631653232326331646166626639
33313064393066356138353731353636376234363033653634346437306339316161376163353138
31313933373666666630336462336232323863306137643631646666313964666233333538366131
33643032346664313834336361626632326331346139346232373462343862303134383933636235
64393335633864663361613162656635333836626461316137343839353963363232373661636361
36333133316662333739313338646130663763643433373835303364323630386131613535636363
32656137633732616636616538353863396363353336303162633466653666343663633030386336
30353761653938386136633032313961623832326162353430633535636432643532303137336431
61653236656161316138386639326464346261343231336136343930633162656631313339323861
36303964373234623564376430633564623561386339323365373162326132393630373832633266
32613064613462393136633365343332636466326435653737656333373539636434313836343862
39626565363463663536336265366661363864633830383338323034326237323163636163646666
37376531396339376635393361396139383364646531643665656131303366626462663738376133
36636436666136626664653364346437316438363565613239653561386437376230393961393465
65343239313238616435633662323037353939306633316634336234366365316533303339366235
34326461333161316333326164336638346638663931373334623361616462343336326130323862
30383033363838363038333638636462653066643239653461323031616234303761373330343666
64663563613637383936306331633762393462306433316330316461303765656231346539393735
36393261336662383938356565316561613431316138666338396339636137633661623237366535
37373530303961343735373638376161626332346538323235363935653930356564636438303735
37373733343763373737623135663339626166323037393263666666666531633039306630653265
63346330383033323363323430363734366237323330393266393235633864336464313766383163
35303361376433313662373566373363636531616262646339336230343463363033633264356132
33363737323936663134343932613038363037333265366630636138323634613961613130346439
34326338646439616662393865653038393732626635616333323063373935303633343738393735
66666566623033626464353564633534333964376133386432653337666333306533383561323066
30386339396164393131356261653038363834336335336336643635663939323433366665376638
65653263386232366533393134396164366436373061353762346264373466346630616533376535
63386465623130383862333138373064636434313936336338386263616530343131376432346235
32383563306232303630633132363663313366636637663036616136386462393364346566383438
37653261383130316634316162306634383365653235353262643236383234353537653832343338
39633362643630366263646463666465326137353331636631333531646565366234343136613062
30316635663938656138373834663864613436333363646532623431393165663161666331663738
39323530666563663833306461373939313637663061666337613932393664616537393537356561
36396535346235633337656438623434333865613532313461623832346265383733356636616163
35306662613239306435343662356362633064396632306234633731626166366638303637653939
37343930313666386361313434356662366332633531393836383533633666373165336637613331
30396535303539343865626136653631353330373033663139356464383634333436323531353432
30376464343830323133623934613931366231326665383166666463383932663530313835386565
64323635333930396630353764643262353531613162663164396637643330383532393466313038
33356637316231646662363463373330633538393534633030346664663331313165303738653539
31363766386431336166373664653436636263343832373237326565623136613661636539353765
31383535663762336337316635633461333761323463386433333962663163653239326236386462
39313230636439656662316337633832363132313666353766633734346434306530303165303864
39623866313861626537633130623665616233366632636339626663383435646465616333326335
63636363343362643037396664643861623637393536343137366135613562333838643132656236
65646363646335636130626237356238376139333762643466353437336563633463623137363863
66613737353335636236373233643132336138313935353038366636623064313436363039323561
32373936323339353436323263356339356135643838656166376239323965343264373931393763
32353366373236356662626334346161663162343934643039396130333163393133623133383363
62616636306434353363336661656138306232653463663337326437663261323731343234663930
34376532363733386162396637633237643666333435366331346163613730316561303233633936
31396265646431386161323731343632643334343365626135653439666464326631646435666335
66383137646364613434633439386337623231323461343366613334653363613935363535366635
33366635316235386262366236376232393534616139333464376234396664346265323231396233
61623130396534373462393536346333313434306463363638616232303361393061333334323633
38623264366438383838313563666661303338653263316233623636626664333439663735613962
32633766323234666165316161663863376339323963343461663535626636346331633536393164
34393734383734363137336665303562353434313235396131656563363737356463623333316363
38643735613637316266373664633932366462393331646566343438653862663435376466393332
37373236306463333663383536373031616464313462353638386532393630313962393765353362
33386131323331626464336365303231643930386330383138393738616235336664623666643730
61373733313261336263643734333966303633366161643137323434333435323733623766376437
33376637663539656631343361383364333061353737396163396631393863653966393565666335
38333033643534393939303161653035656630666138623136373039303266643965326565343539
37326263303166613330383063323363663836393038396433356136613230646133616235396163
38363062303630346563333237366364376334353862363664656236656135646535366130323039
63663261363134656131616163623139333266666138306138653732353837333262396361373562
39393438666363316439653932663737323039343730646665633832616633663034373363653237
36333230386332643030393466346138663536313864376365386166303961376131363164633163
35613139383930623530626630393037396336643637323163663532316166343639616565623666
30613663626136326432386336646432643430633063303534383835306131366131303631396137
31366361623062656661363465633939343439306330623338663132616262303734626665366237
33343163323161616336306664633836653661653432353936616462383466346565326261666566
36633963356565613637653766323033393965393165366138373839393361323038303238333032
61656533653136643538323333323366663031633466383235313034653737633336646165653733
65643662646639353938333836356462343565343364353730353134323432356638363737636531
33343035343161646365333366383637323264363739313161356365633438333865366530366466
39643065613430383434336562663236373164323235333131303863613330346136363733323334
39626432623165303835643738643239383835366636653164353461373863643633336463383135
63666363383962383033626536366530373533616436303465333636373133383765386534353230
35393266336330393066626332353238356330663362636461633134343936653264643336383931
37393331646334633364323338383934373236653262666339616136653839646464346138333462
30643337366334663062633765316432353532336230313038633334316564376463623431616633
62376539623762653164613966353330353732313162613131353439346633666532363065646165
65376536656331356563376464643836373939663338396363306561626630303835316634393037
64633337373439393663393365303265386337396464646464613262633564313966663666643764
33326163343139336635303265326631386466636335336431343137616137643934376233616364
33663832383762623432636562613966383439306462383063333562373539343861303134653162
63623731356434323632383765643364616130346239393638633161316362326562316561396333
33316264373432366131663564626534333939666665323235343231343866316264363365616337
31316432396636643763663636636635313138303339396164303265393431316534333466626264
61393964326164616233663033623061666433623636343865393036323862366331633063376264
39303031343366643061323937366639313834656234363836336633396634373234636162383664
61633966373664633564643838653166646236343436653830373366323166323638663334323666
30383961303862323166393464346532633462656634356566376235633331643265353264303235
38653039346539326133396664386462306530356436393139623063653134336232643136626630
64356537616463623938393166356438663761643136373437383036363038393738336261376461
65303634353836346565346561386366323964373162643532323635303430396565326530613033
32326531326235393338633061383466303338636266363665353734643130623962373963633832
62336330303065363635386230393766626430393434306535616131623934623235306261306263
64356361613338316633646130353238633332633632613766613532383964663432333037643938
32373031303663343331383831336530656165336130656133373233323438636361313532666365
37666331653761313432623434363565393166303035633537653836623366353462386363656234
62333432633766623936336637333938636237303134353965323164356364356464653466366163
36393839646436303736623864323636316430353235373465376662623865613763653035336530
66646266386635376435316539356130373630373064386666663039623037643833343064653039
34353133393661353732313433373166653835663033653330393632303565353130616130653430
31656266326366393037303133313732306136363864386532383362656236666239373335316665
66363165376133303165323134353862313964633665333334316263373661646464353836326632
63316137363066313162623237633138313238663034633331313737306434326263386330313632
63303561626264363138376561376466336663343439353066346234623135363330316337623664
33616365643739626638613465386563306332376230363936383630636565373731383234356262
65393936363963366232356562353362323633383937613163623636393730613037373337626630
33333839653262393264333735393538643239353138613236326132333338633234643335363134
35623364623366356364396435346662613362356231346136376533613163326461336135643237
64386539313662616130373632313339393063326562333361623835313432303066363565336463
39353930613766616233613338333265363437303136353636393866326364623931656335613861
36303339656631353938353065663538323633653538623463313563386664643133636266373263
33343165333431323037666563663430343335623334636135356661376131303335363262613433
63323131666538303233313136353030653334353634316234633562623834373564316363616165
32613135346335356431333236623435343335646436353430306665626335666462373636386634
66653531663064326536323763643230613635633334366439633465386639653939613431396630
37633865343835623431306337616365333961336363346537333734343038663231613138383839
37356134373464316361393435386232373131353265323064366139636261656339623837333463
66616132343763396466663030303731393263396466316631653030373865623766336536656536
61613861646633333064303763336432666233346338363466363735343435643331393861333736
65363530353632386534383937613562333864326461643562613937353866366637393935363065
65336430303838386562376164663239306333303564663631643632313831653565663662653264
34313130343536343366313361366535666535373235663339666166363463396633313838303964
64353530373462333039336363303434613235663836373062386563626532393563383339383031
35623038643565393034306463386338663932383265616536366636636535373030636331616433
66323662613036383330373136656239353163386132613638303365303238383663386239653330
65313562383334643635396338663439343430333261363630663862626430663138356336636238
30343131626537666632653933656130653766346338643835313931326237653966316664356131
33326333363863353530303439386630313935633066613534363931373038386362393539633233
63393862633230356334343931353161326631366663326637663737313162323766326635343164
30386463386566356664653538373561663136393435656539306138323633393130356630643866
30323236663333653436366666336533323865313066376665663762346431373730386263336463
32623435386639643962306237353035373364363663636666666338636237316138373131396130
63626233613864626466306263393466663936616332653339326161333233613935363835333330
39353263623734393835393961633665353466643930653735663332643632373833666564323833
38396230386166316465356661633832396131653931633235633164303935336235636335343534
61346137326439343038656532333436313839323134633230373038396533613461343730303134
37333761333836636238616336343839333066363831393165643861653437386131626533633465
35623733643566336363393435656565343938323165373661333664623533656461313361363030
38666135313335323133613965653231343464323962353331626535323434373237393833343339
37353165623933656234663736653832326133366162616435326634303331346233633133616237
37376338353436343961356130326630346337666466356639313834626236353137626236636430
61643362646633393331333739653231613866316666363432333765323435656134626331303665
66366533656334386364353330303534383539313335313830636161656366396162313861656264
35626366666264393561356164616565363935663464623561633434326332306464626330386438
62386230306139393332383862626535313666316138623161623830326262613634623463643765
33343362383362626166393830623462613564323662663535353136376562383637363362633063
34343962303163383963636564323534366463323137396334613061323666643339373433343266
35666563633837623933633762643530666234373961383162646532353437316638326232633762
39343333643139326161616335653730663735333831613363373232633563653661616535626234
36616133643235643634313035373631633166353837636664383064613963373931383631356232
64663332623237363237326432626362393362373031313839333730653638336233333131386261
32636333656134316462656336653732366666366264336433353666353930303461376435623337
30653539393365633430616563653763346365303833366262316235353336656133663932376233
31653835316362323066623731616265623436393535356239613961356538393836643135646532
38363031636633633665366534383966396566616263346433313163383530663239646238353537
65623435306437356236313663306530396237303532336631393962643835313036396365313935
66353966616465343833633262643238376338393338616638646133613435343331363037313264
63616532383439376565633662316337626563663364396661386564663365316239313263386539
38323933343131336337643336346330653466373466313236663262663432393739306135323163
63623164393463396132363764353238656163303966663138623365346162656563663132623561
65623666383161626361656562356564363633306233636666343864386139306632346330366462
35613439613965373965336333383764376235333961353037383064333030373164643335396365
65343064383230393864626333326233356533393333386363383264653661336163613137386531
33663831323335383136613435633435373862363931376162346139376664393961383633326536
63663032343339396233393437373366623833383862303666343664386362376139363836316662
66643235663538626632636633613566633163383334396164383833306363356636633633356630
65626165386639346165643361336364333533666137333863643062343131326135336562383731
35366638666137616138326136373635643530633939613031346162636166616533363239303839
31326636613862396364303135646362613861653338326462353837333930326231326462306333
36636365636439343736363139383632383961313863313537353634353738373534343763356135
30303066656233656232373335333539316237313466646466326235643933623062333132663561
32336564393464363264333233643838383135376561326633363730303833393363653865396265
34353361323631316538363533366162386137333932383961616132326361663865623333626464
34306636643930626462383935363135306333396262346462663436326564313761356137353531
37363830663862366261363261633938666431346134636137366465653935326565383563366233
38326162383236656339343237303763623434353563613466356233343032396535366230656330
64316334303062396261653063656336343962666535353461636536313439636561353663396166
61383031376562373864646565646134326639353432366432396337643230663034303037363261
32316565373334653331646537633165643334356664376662633435393765623732383161353162
35303165393030353838663138646237356563653635616431313731616338623965306237383637
33316265646464356435343966623632386566313666313363333061643536613533316264313231
37343934613764356439373934366662343262336364613966643130316238663466396366383035
33363161396436346663623431376466396661316332313931653965393863346561343362326466
35386366643134356434623161333239343139623062323561636265663465323561333362353463
65643633656332333961616436613531636131393766383834653038323637616437616635616132
62616631636465643137393936356236643764663366643262373432303834633337663032643539
39613633666630643932396165353362333865353563343061633832343063626337353166353333
38636666303065383765323239323763343934306565316165333630333361313637626536656533
34396338663961326435333538666536303232636666626362343938616665343330653135303961
66306630636437343730316438393330323332343738646661316461393731666366393232333738
37623432353665643532363863363530366330656434343730616666376432326333363866616430
37623565326263346538323066656164343336356161376331643961656631396266386165613638
32646539393561323265343133353265633135343766366434343239396330653838386164353135
62653463353332653065313730313238663733393434306230613364343131363131356633373132
64666230326438343461376461303833313366633063383335313634343539383861396361356530
32346566363364653231326637366534303739393665623235303137613532613762343431373235
37303863616366323337656361393761373638313932633535366566326236373633313430343162
31323836613533393131663031343165633032616538386335663161646265356665323031656631
62313334323139623161323030643265333734653361306662363232303439396334643436386438
62613365653664326466613665323934356339383638656333323939306534613564373962343761
36326663613239633039663736643564333138306261386631326531393838396337653965303035
64323266343066666234346536333332613430323731393230373566646164366163613034383133
63326430373963643663333330363663383665346132376664656337366166396138643138636638
32353637663961626436366630333065383333376632333432393638656366666331353033623133
34393532656538373137616632616164663037613666636661653838303039626233353130623162
37663862313264393736396633303733373139356562316635646539643736316664653638396433
64353065393738366338386263663732333162613332343537623365386338663235356566383534
32626338613430616432663234616164333965333730326237373135373134343862633631303965
64643162366630306363346239343135663531623134373933646137666131396330393435366332
33356433323831623564313131363664326662376233363461633635646465633162623539613764
66663031323963663765303436633966633061363164663231333532373438343966643237656265
64313339356461333837313534343030633432393231333539386233306262653133653666623865
34366363326463623534383963623533343462626266383364643634613232363234656338343533
39643663376133656166663130336438373933356364303631353039633233653632313865326266
35643732623833383365383563323037333236363262653833306138653361333364653763333231
66386661306162656235633166653563626433313830623932343336623865373461326236373662
36616461323838366331336237313035633664326438363564323263313036663737396366303535
37393033363066336539323664626364643063363861646662646233393537653561373031623936
33666333333830353736663039343738653931653432663435303639303263316232663266376464
32633632333938633765656332653736613561393038303138323536643531643736356131663161
34303861313537616335326463623137656231653765383164333538373038626461313861303464
30633839353933353465646139386665643034326635306234376664313430303130353063623532
62313664326536303830383136646630333966393034316432626661316331346232353636363430
66626163363135376662343535646231663263303165646563653833363932613433643234326235
64666565346537323066376630626466393534646335643830363866613530323939353737653833
33663461306161393338343063616133316230323763366164333232666461346434383130356362
38383931396136316231633335663565386538396364636265313537343332383134323137616630
33303031363961393865323366383461336162643732376633356666323664656563376638333665
37393538323962306535366335393439666362376635623531353863653464636364336465346634
35666233393239656538633832656661613166323936366538626664613263356561623661386531
65343965373332626135633434626432633266643139653465613664656261336338353235363262
65383231323962366439646162626532386138353535313335373938653034366636623831636561
31306362633638643431616537333264393464366639383333663930646133346366663535343836
63626535613936633863333937323439393962303339333162616231653363666139666630386634
30303766316239393865376634633365643636656466353939613537386637336132613836396230
32303266353264643538333138323763353636323232383638396164623962326564373336306632
63623038366365393931346338363839346438363231306435343233633262363631363736313531
34363761343861323866633330376133366330373366363161316234393733636463633362353865
64393834613464356330613462343436636361343532323132383035303261636439323935393733
39323964656237313334326131373362333835346137376234386237643938373830346633343736
61633337383263623762386465323933343530613234346436636136643839626137346334303235
32633937366533363336616533306361613830623138383532303464323461626439663863323936
36353937383332613562353763633034666661386431386664323834633235346233353663643130
31316266313335663763653564646464613836393036366139616538363365356264383232356439
33333064363631326361393639623461626537643435343238323463626166326134396361333466
66326432376561333234326233323438376231353661346130316166303239343563623833306537
30366231393266383433373933633464326630633333313131313635643062356363336239303866
37623964633733653066646164346435376232303230373664353964623634373836663962366362
34613437363032623338383563353035393639646566366536303739393365313632353530373166
65396630616336333664326239626139653366623465363966343336336336396233343465353039
66363461663635383437316261363630383530666438333866366163343336373139613339613061
62623431313333396562336634376163643837356365623731326230383636646239333832336562
33643662323135386161653733366466393230306335626163376534323864353334636562653737
64616638373634663561376631633539623834363561383033373764343336373563656466333235
65626338393033663434346437313663616165383830336233616630353166626164353334376638
62343233636233313463616166653564623164376135333337323332333165363066303736323737
31353235633831616434303161323061653035376265313432303330636466613932373532346561
34353433363931356262653862313461346637303530353536363462393331656638306434363237
32386266356165376632373732353938626333356534353166343465636337346161303432356534
31356334363635313738346365376639323133366166313363333764393963353036373038373433
36383135316665393565623963636539636339656131336235616366316537333937663638376433
39663363323433643962353335343233356261303738313566346662376565643830383361373163
34336363646239623465653362383162316536633038653461653666363636353238613832663464
35393832393163633865643363373836653563623337353965616334363336653231353739316439
39613437613737353661663338336336323861663030306639333330363533306237666164353566
35653462653936666434616131336366636361636565653966663332376330643033373364396234
61303439633938633633343864356162616565313766383762626631646133336333383334636564
30396134383965343332363438653734353264396333386661373534376334353863616432393234
63623838663862323331623531396666313662376439616531656534386232653830393963343833
63366161623834333662376132363834386337396161336466343161366238356135323231613635
63306433346431303030626232366536336331363939356536653461303965363330333435313766
31653331313238353935346666363530646163343731346430323065336332373832346531633863
35663565373131623562343162666534343534336633643636616635383664333433323762373331
37616563393465383664633463303066666162653034303665343961323031336534343561636461
63636230663039656430613935333363343863336330613266623735353764333562383062346331
38343338396233303861356466353636363532356265303763393466333766666131343232326566
66303363326163323136623233623262363432303330663832613935626331626538346661616632
63626664383034306530333236633530393331623230333437346238393030643561653362653063
63643266396239646538313132376366376634653932333163633763313038353932613635386562
33373236623339613562323931663838623235383363333137313061643035366436313237376361
38373337353930653363373432383236326663393966363436326534613130333030363337373261
38643430343039376532656235316535383130333736633236383566366164383333356163643138
35343565616266343537316131363039383832396466383331316464623036316163626630376164
36376333653165383332663639663361353039396634393138396334383532626630653263353863
37653861333238643132393035316366663334623836386366666238383633303534376235636663
65306564303532313263326133343635616466313638613064333839636436326235353837383166
36343666393630303661323436383035643464306431376166386463326566336666376338383035
65663666396462306565393730366438336530303939363931313132333133636664613430383133
30613066663264656237383764313430383230333937376134366165393162666130663837373735
62323364373838353634633538633233656439336631643135323466633032396366353664623461
35326165333762393036366434646237613030663838616561323334613634653263323139306136
62646665306236613664353634623564633366383663393230313062656131316431656566613430
38393761316564323336643262303833623038306339333066363037373234376662636163373061
62633263343533366163636239336531376133636235303632353561363437353734393562623534
65663062363432313235343363653662336131316536386262356565636334363830636461376332
37353735623431363935313930383561636437363032386362323938653762353733643064316263
33633937316236626133616537633431326336663933356335646337333731376339653163393334
33376431366431316561626537373838343338313030383732353665633865346232393863306331
36303862663538306161643265306635653837313062616137376565336662646432303631383266
61366661343735323563373736336366616638666463643538303232303331303837393530663737
31666632383035396534653239396635333565343961643666396538653965366236383762346439
66663730383864636363316238326234376439376134353538343537306638363734613031303864
33306165356636396635386136633465656431383537336539333838623633303436303364666239
64636334656262323937393239636337643235366266653932336530393330626165393463613534
39316630353261656563376161633634353966656439316365613266313233316263363330356365
35303866653038356535656662383033666264366132613562616566616665316637356536313335
36623661633838623733326661343231343539323562613733666635343332306331353038643637
36323862316662383036656163663766336539393439323832313739616233323430326437326332
35616638383639303761336436343261383837326661383435646363636636343138376564653830
38653539656238386466653436313537643266343463346565653966663234633934326339396236
35356432633639613263653537623165306432363633353665363633313630363665363633366135
65376639656565643733383739333937396363343761383964626234643035626634346637363038
61353230316536396231363432643334386537383762383238326335646232326334346438656539
39656561646333336535393937653237613732623662616637353831333031303661636532363339
31376135633130336138326331353837626532373936303537396639323034303435643437353835
37306162613434343934313261303966303465666535323535303365323061656663393765653637
36373762623737313535316535353566346238626333613564356363663939356366373035376334
64623734303634646665653039353738393763393439356161316539653930373438646162316161
37373836623862636661623833313537656231306465316238646365336330626161316133623663
65333939353131646130373262396166373736343237643961356362633234386161313137666334
38646338636533626162316337363734623939656331313839633762373163646562313963346234
38366134396230353862376266373265316638326463366461323461353661353134353136366335
32653664346334323361386339616533653233396465653339653837353630303733383765636161
64623533623666623962643964633239653830383166643963666330633735393935353661346165
39346365633536653631373732666434343664393166396334663165393463663562663163633637
39303436343763306233643038386166653331373965326432643232343964366232316661333137
35373865663634313464666465383730356337306163646233323462626664346132373137633735
38643736656463663337343534373631656437636538383266613839386635386264656638313032
30616332363838396538613731666466613839636164373066353331363434626333323362326431
36393434346433653938346164366565643734613532636666343033366433336137616265663062
63353633633261626339346531636662343737626166303539393461623162663362663436623433
38623139313735393863356564623031656136353439653939306235633339356534343531626435
65613631356135646331363035346433663231376364396135326239646334336537616435366237
61623938613239366335373632313464656338326237333162653334663662343761316230396335
64646437353661373736626463636463653935623766303663343166363139393261316134323563
62653134316633396665313134306664623333663738633563643737393139346438363436633035
35353232363231336461333431336131633733336134346439326334383831396632643138326337
32623432613061353338316238636530363064323136356330646133353733303036623132343363
30636137616533613939653862646538313137643939333862653063376261393336633334353763
39643736663631306562363832346463383865636236323136383761633131393836303063663563
33343762613935666535393662646432383066356536616566383062326537316266326663306464
65663165396462643531396137643734346366386366643336343432656539386139363337353932
37373832363339366664643537663561653963653630666338356265393963306266376663323263
62633834313832323066306562346563623361616538316332303738303565646262383063373635
36666639613838363834326665313263663266666566383564363039383739616333333731616666
34366665616335373533383863393031663165383462663263373332623264646132393866316532
35643930383139616137643932646165336233353636623935646566653931643063646566333130
30313235666662376638356662633333396337373864313733666236393966323531373265333537
66613632613962636233363336616562353362393864393762636130636461303538633132363164
66663137386538326164646166626661323133653534393738363766643431626334313165333365
65393366303463613736613338316361396265396237656639653462363739663763616334646261
36616330393263356138376434316433333765613964316363333362346263353332363065653632
63396633373838613163363635303137363437376235336331656331663835353862633836646139
34383463356563343331393033633966616366643234623538636334393763346362653435613361
32616564636165653930323537396335383031663238363634393965336534383131336234633730
37663563666665303562396535633434646263326634643734323235363635303164366663656639
32653266646131653332376461323465373232363963656564353430366437643333383538343335
65376332323162326334616332306266393864373663383132343236383062336531346161323461
62623765653165386465303262626439326230633639643831336436396161656663326364643031
62643730336564653766666666393966303932653266396632353638643831613230643030316232
66343038646439303936623938376339663637326438383938333533323539336137633864663630
33366433316432356539336663313933393630336563356637613433636537646261323666343432
36313332323463663633613661653037623035393762366261393831613939393566316238663463
64613937643033333661306366383834366261343435326661316365326235303231373830633761
37633139383939623031303663303962643664303430383531623939626264656232383466613664
37383033393435616537366433616232636232393136663938373436623137366565396363633131
66653335316333386631306532343133646135376131633965346232383033633732313865316235
33633238333064356334633132643162373663363730386137633039616362646661363665336337
66643164623665623863353138633662616231656138316534303636373039343530376465383233
64383037303338393534626365636564363433653833336432636235353266616462346335376238
34616564346530633364363764623635386461633133643966653239376137633338303661356535
35326433383232663965343666336630663132333939626661323630633665306162366631623730
65386632396661353536393061373532346261653533613134306533613633393032353938386432
66386131623462373035323135303261646333396263656665373235386532643634326637303239
31333461393765356262323938333238663639373232353039343761643865313035333239396634
30656633396430653961313663653234636162613131373434326634376631356662616562643061
37376331303036346438336239613137313761636262396461663765633138343365613631396333
65363736303731653166313639663731303036343131396237383930626431623133393765613963
34393737303966616264366566363135666565626139386634336539653333343430616434376363
38386437636165613930373132323437333764623662613561623339323734393838306430663733
64623138316237616132326437326662633934346437336133633331646461623331373463656464
65613366383064616635393334353864343639633732336233393438616666346166343235616336
62376561643938323730363833303937323635356565656534636131613830323332353263356634
31346631663930363035373564626163396262386366306234663161636431346332323431613330
66613965313836303035393538393433353763653733303230623036336437326633626262303966
66623764306234353039613062313939343764626534386135306237653865363033346430393565
38633761323364623464626164363864326463656261393564383261613365616139376161636537
33333563323330646163656365333762623931303136383431373133336638326461323434383032
31306461653330646565373861323235633562623038356339653362346261663762383330643930
31306136613762653865366261323634303837663638653832646634616538633634646162303134
36343737353036376266656438386434636638326162396161613636366432646531323735613462
35393163653838326130373466366564323434356566623265643836623532646637306361633964
32376239393835646131613136383763336630623633313466386564303332353463613034326366
31393535343630643630313464666135326238383133306264373165613732643631383730306362
30643335613939613436336536643466366465633062373366333564373438643035623335366130
31343861653231613163636637303731613137376461303530313033626363343135303332393861
38613433613136326361653237666137363966636135636436663734373331316466316231383966
30333938323061333238356561353030626364633961363333313565666130326434633639323736
35356361336563346565303965633936666662616262313431656166313631343737613135626531
37306434636534653435653137326534633766376666353765663331373838393137316236656664
30346534643666363930316265303739306538363465386536346563636634636666396637313336
63323337306136353931323264313337623065313236386265373864616665313536393761393564
38303761646362663966336533326138333231346662333935626436663832353134666164663635
33373762643531336364363439663966333364356537636436636638346163373132323962656336
35376133643565366635343665313161363638626538353933613430376436666530313033323463
63313334633430376134353137666532613166636366303335383439663636346665653861316139
33326362373866346234633633303761383966633966326130623538363364353738633238383630
62326661633834616139303235383064353137383961653530623531626233303466313563663539
39623365303537356230393436396535363531663431343061353538653866373638636162383365
64346331656562623561633631396230323066376336346264363761666538366535393535616339
37636261306265323335313362386464363230356563663639306330333236663331363637653239
61316166626634623361313963643636613764653632306161356637386561623832636363666666
62323662633265316263313066393934393062653461323930646338393138303137356161653338
66623339343265666435623565373564613762376662643838636566623532633138323336353365
37306165366661373564613635326266343635303262646538353835616330666235653538393238
30393361326131646566313238326363646566303165333436313532653639636233653831306161
34666131343565316139666435643531336262653034363963343361663738663337353039366562
37666539363836356130336131663364386237633738626366326133346337313636363737373464
35616335333233636463376330303562646562633039656530653936616437663066356463643963
31373965316530396236306665386337313962646539326165356536646631323261343965346136
66633664313361333162383237383862396561376537383830616338656535363538626530626333
30373836323764643566356331346364303666613535626636363832323731346638316666383333
33316638373063343661653931663935336162376461383163363961663536313230653865613461
35323265326533323662353733663162626535633739306235393632653838323864316536336534
65333863643536666565336263383036306536303736346261363063616565383536393730313935
66363965326332646261303434396661643964313837396233343131363966356234346466383035
61643838386339303238626331656462666337366563303434366164363535623730643239313364
39383537346430373936616664326237333938396536643836623739643163616663303163303536
36663734373531323530616432623964376236383230666633326362326563646362343434306235
37323734316462396366643864663736306334613332346564303464666639316130626231653065
63323761363634386232643833613333313337373566326430623233353233306439336134343030
64373865373638633332376637316266316331623833306162366233333936386430326665626338
62323763386137616263633732303730623864613266643664336337623231306534366430306163
37623466396637353930653031313966643465376431613231326330656234626263376363646138
38313763653436353362396265313163323863356561373833346432303361323639613864366234
30623531303238353531663532383836303739383262366236633261666137643134613663393863
33313439333466623838626661656134633163383933386538613637613135323461346638393831
39393831663465303739356633313634303561313265663238386161616234366463326662306332
37633563643763633266383938626232313765336365653766333235363336323936653031313065
66663037633966323734346137313933643362646331373266323233396561363839656361396338
32316130356537663638653965633638633536623933633666653934396433363364663735666431
62366337336131333763666664346138366439333235636432316235666164643335373664383262
65613738333837313937633362336566643732626363333730643730653430663663633233613232
61373634633366363063363233353261346134633865396563653632383137633738393864313836
34356533646131663262383435323233333162646261343936373666646463613833363663323934
34613331666565383932623662343938313438313535346131663436353966633264363532333131
39393632623534663865316638623430366633306232313831633633386433366465613437396234
30373536323130636632393430353763386363666333346432333033646634363038626233643835
32313265303066626132323937623335363262356635323638366234616162653034303430626233
32643138323931303937656361313235636366306664323931666261393566363562383466353364
61396138303735656236333539653032373961323661653661343361353934616465356339626439
64353861353361663639366533643637633738363733646362643633663161376232373830616338
32383334643264363261636137666133643062616162363436356138623434323364316464653038
64623762326537666261336537666563636665316163373866376262343633323237336239383331
35303664653539363537376335663066663931663665643065353332346565326537663039393236
31333733623033383338613063333530393236396361373164376565373039303136633466636239
65623766343832306539363632306263336432616466363934666138376133666432383961303665
61336330653132653865306464393930353662396337653366643130313232316665366635393931
64643632333230313164323133356535366564336538663339386639373030613938613366353838
34323665663838376465333635633736383462623564636135613834383938306438303862373966
38326462356263376232626664373061316538616635393564666432363439303066643733633632
63323966306631393364333462313238336233316237316134386536643735326665396264623036
62386632353736363333376130303461613563643639633736653065623333336563623266666431
66396633326434643531313165333836353833663166303535323032353563656434326435323234
62643034306165313465333162303231343264313932616233376362356631613432663133363365
39633333646337383339383666396437326633346466626639393261323533323239383932373138
38656365353831343131623334373532316339376436326133333761343730613462376234323331
61306366656561623362616264303663623931316531393461313136303835336633633066353130
30346337373931363336643730383538626464396338653139653339636330666437376334313761
37336530643161316333623765316338303565363739626363303866616436346162626266313135
63663530623032323931313866666562653530353035613136343464326366333335366234663635
63373665376235333732613438393534643261626365363034386339303030393536643734376264
63373738316434383835313931663863383635346661323561646239373239393262366261623566
33393130613234366532303035643066353930396334343433313637623731356434336164323262
32373864333166356534343039636135393765306238666463646461353130626231323666346232
36646666646239393766633633393531636138343861396365326664313639623837646238626265
37336564613437643037353334383136623164363763663364353864656230323461323338633139
62343730333636636435653235356535313336633735666362313336643665306661336139353765
63396537323637396466363639613565623339333639646132643935356432356337313664303639
36613064643937623134353937373066393230343035663561373762623366363861656239396433
31396331633331633934373235323834643331353733353138303137666164626333613231646530
61313136623337616233663263656639383534396337363130396361643730636131376661303537
34313166383265393230396662353634643862666231623433373661653334333735303565626135
39383236613233323438613938333634383139306265396365306236376562366439613762313031
36336662383738613065326565373633646361333366343031663965656361343361363262373433
32623761373739333033336134336264303264623365366661656434353831326362346262336564
62373764633933653131633065353862386264306366633733326537646563626136323135376631
62386563613564373338343234653435646433633531333334616135623063343966653738383465
30666336386464636166346664316563386265643438636538613162363830636535383866653861
61343964663332633666663532663039383866653631623639356466663031353665366238306134
35663436303534343361366639343365346361393666636634643739353262633765393235323563
63373231346339376239363266616139343361333039623865383334613363343838373538333733
65333933396336386432306430623131656131366633383966316330316638333634646337393334
33323064626535363834616465353536313930366338386532643866646538386131333735383961
61346461616137353539303738353736313265373564613363373835633139323462633765306462
32353638636234626333393061666137383932326361306531306364636633653536656430303434
37353361323464623365666130633966386537353530366334306561333064393534333637643739
31643131643835313838613665336363613930333031643338616566316161313735326339333432
61653830666566643263633835383634303137353566326664636236306638353736383335326164
62653866396436663333393831656431336431613337353438396361646637666331306433656365
38346562623561626132623964386532396235313532383336663233373565613061356634393737
37326566306565656531373832366161346439336636333634643536376661646165633566393137
31356431336462336533656435373665643631613632643061653536633431653638326539303136
31613531663038356234306234613638666638653736373136613766623663353461363332613464
35633038363539393365323962653935336638613765616263646132333466356265316437396463
39636361373264333935376337313262393037376165323437336535666238366233633363626438
61393934336533666161663661663363356531356464613864343534666165636634376432356662
63656339666463363535383735363734636261313435346333303638633965396534393735303338
61636661323931356139376163393132666136656337336235306436356438613763613835616361
64656263326665656334383733353234663037326434366261393763623031316238313361326562
32376230386331363261616535323063323365663733363830306362383662366532623961326232
64383639656538373638373164383135343432383633643466623866646438383866356535333835
34643934626638343839343131326134396663323735646336356635383965333633633661656665
34613339306536373932323231353031323730383466373964373137323365613539646233373332
66333661323862666639326133356336626630646565323962666232373266336363646236626333
35366532666439346262613131323632383261356335303737333036616630373331643236306435
63333763363762343630383433623631303163623465663464313531666331323137346461383634
33316561393831363030633832383836636234616137313034313764383435363762303933643461
39393462653461396235393634323139653965643439323863666135653036383336646262616237
63376234323737313632366362643166633236643761303863386133356461376162613134316364
62663436636462383637323837633937393164363733383536616632653135636439653530316338
32333332623832356637376161333233646166623831633864643137383636383933666438356536
64623437376262393762636461663738333539346464646266313739343363303837346435353063
38326266393039333161313137333764346466666533336165366332346232323735343363613832
35303230343262613462323463666464363331363831626531656234383361393735373265393030
66326263616336343161393635343763333062613530656337613365353435653766613163376134
32336666613131663136383738633736323662653166643430386436623139363933613232326631
62356131353131376232343232643137333066646430633664636166313435383962346538376231
65653830613934316234643431306430343062386363353531616134613364386437303732363362
36623961376232363966386634303831333164306431333363393061616634353938373339393837
64333135626337353436636332306639366263336232326137303539363766343232376164663061
66336263343533663861343739626635613035303661653037643939363532313166363933386463
62363333366434326430366333626364653163626662653665643266383464353233623163636434
31323166363430323864346237623562656434313339346437383733376362376639313962613963
33353231323238396338313831393231623236646262356266376535366436643530613938663535
65343231396162396664633938313638383763373561666563363333306661306133663036643764
30326263653861326134656434656130366636313730326338643739343137653931623965643238
39323432363930306237643261393136636332356637626563306537373261616134346265633835
31616237333033343737613130633039323138376263656239383464303030623365396437666363
33633265343163343666346564386330393863303763393138346134396164613633663064343137
64353232626136666530663232373733623538313762383461633165386537633833323338316538
33343830346131376265313162633630323839363431636563633538313161636330366236396439
61323930643031646433666663636430636231353137613965633361313562383464326664373164
63653763653133353465353437613036313262613963393862363837316436366136383539303034
62626333333666653835646232646637626635326565353739353139636361653666633930656363
34323638343232303562333931333833653733653136353262643162306631386535326132643262
39373338336165353630303561623764356631616339376461663030383863616132653466666263
62373061666632353963623134313731363265306161623163316232363535623362386339626230
33356262303638323930333630623662633239326539323733376164353632396365373861343062
64633838326134643437336431386431653337303439333336643530666434623330356437316233
33373836666163383737373263303266346535366166316165333530366338333562333332626533
64376239313764313165326665333465383734356631626262386539623137666136316338313837
35333165363533346432393434376133633063623336633766313166303133346165616433306439
33303138616637306434663630393232623764633262323532633466666266303561393634623165
36626534376139356634326665316233306238636239363864336664326232363035343132343238
65656166636233393463336236356534366264653037363064633935343438373832623339633836
32626136646235666335313133353238663031323539653661313238633836633838373966346439
35343561363861663066366237306165363062313738376436323461663031353064613432363461
64366538366161393936343165393462323438656636653765313234643766663961306361373235
34653633373837373034333138306434663332666632386330313232643465623961653437653362
34343838623162353133646264343931653035623838366236633631383735356133633865623531
30326433636364613666646266633335346462396431633966383430646661383861306330616266
31383437666232363966376336663866633066393861333465616435643131353234313563383338
38313232633561336632393565643838333239303734643436636232636638643132373230326566
38323161363836333866646631343932323262313931396532303861363930393665623061383864
35376634383539396365353936666639643936323736663462323030326538623338326239656634
31383238393038393935323339303230656463613263653532363639393563343638623730356238
62303862353235613239333463653664666662383930326232656431323365386637373366343161
66653162306339666363383563653662643537346332653637376632643331643238393833323930
34663566383239383432656461656531353033353331306264323238303430326335616437633231
61646435306634613062343564623665623435643238333239636430343165396138346531653836
34623939323765663735373833356538376133343232633339303365323438333462323936356136
65636530613635323439393464363961323632363764663230653139316335313566336539636463
31623764646533633864613665363666393965623435633639336136666638656337656261363364
61656332346633333132343738323163373862303135366131386531653764623236366231393930
63396231643261613936323438333031393363363739396264336138323463373264393930316332
31643835643933653839386230373437663864376535396133643439326437626261623038343362
62376131373839313432383735343839393332623438343934303837393862323665386431623436
61666365363033626635633965656366303762373237376230636236656530626638393565313534
37313737383336616137333530323261633366313136313562326364656663343938393264353336
34666630386362383738636530396335373666353965653933623766643866386232616539363436
35356565663039633837346265356634376637643333643932636637663762653030306464393766
36663931393464346138643830323363363861383930313861653861353163663838656337326165
36646439663063623637336363636632336139303739666139346661643261643265326331666135
31303031623630383133653531333035356465393461656665316664373665356232653831303233
34356136383265346563626137666663373430373139373532393632313133323865336434383336
38326461336661336230666639373234646638376566663866643866363232336139343633626330
37633536386264643339393233633733613739386134653564643938306265363266636265343839
62666266643432613162323731633332613863366438653439303030653437373161373636326638
64373135663933623963643834643064636261366335386264333533313336393630313739363935
30653138666465313631666566633531316365333835643063313465363764313435333366353665
35386534303638646464353939636537313363363139373964633337663638343131653766343237
65396639346530653630633332626239376130643832646465303436383361336239633434363764
31326537323934313037306533666632393931393966626631343463303264626535623734316462
65623135613361303831626234373663353939626536306631326663316431653431363836636464
64643565633861656166323133653161396538393137623034353734396335306131636331366266
63663862656335333863623364363531313163346433396161323464343135346439363032316335
38646335666533383265303161623838323364363764356166303264313337363132663834343231
37633964383866306237326430396333326265306234633837633532306636353336636366633833
38616462386465663036313861373533326335343633363331306239636366383538323666653231
35663761393336343837323239303463633339656232393465323736663761386437363761363432
37343230346361343730626463646466316337646436366430303964646430353364633538333037
35373865363332623833663964393532356130613639633961616334393330636331613332363064
64643339636231646435666130303730656466376663306132656662383930616162373466636533
63326663353330326434373563343537393333396165326462623439643434643330643336363838
31626236363435613033323038356336613032633732633634643262353838643965616231663861
30346530373932343666616431366334626336333461393363356437363237366465653639363164
65383866343130353435663564643536663636396430336133366439396565366661613763663437
35306330353835613038313131653466663964343262643366373361623431653437613865353734
39393434303865396437383862613536653066636164643365356436353933313538316533343530
61383066313961366138343162646535366536656162626131306639333930386538666530663735
36326430323235653866383638323833333566393136613338613836653432366664373463646665
38366566383138666166636263636238333432383035326539396331323732633030316331343264
65353332656136613164636530363031383931306164633261313430356133306562666537636432
62333762396539353161653666306335636463316662656335303239323664613166393461383637
65323263636535323130313465313239333762373336303862653932356435613932633864366234
36343535346134353036616335383632376438336331643364333737333064333066313765326532
39323136323966633061363732396264373365653138316165626135373537386164313061653533
31663262623838623138376366313631343264633066373866303666313130396532356335656331
63643762633134643535323632343962643236643334623862663166626166376435396236383939
38623561616334316337313938393362636434343537613866336630623237383934383439653263
63643764363266343265376433656462636366666661306137333738613332366633386531306239
34363739343662336364346663366636663734623637623433343064653132613766303535396162
64366630353764353664363362303732376365613533653231333062313364393764316536383137
33336130656662393830386330326365383664616631343236353939626631666531353436666336
66303131336461623037623330323163316435633364646265393238643061633030323064373363
64326135646361356165356236323636666461343262373436636662613934613234316435303637
65313963643432353736616534306238653134353639343033313265343330363664373761613133
34386433366264643162626534623666636265366539636263643164376632303537663031316362
35393537626263356233646238313039646261346138623536623961343337666336306332346137
63323933623961393862663262646362366564366332663562363032393333646263636437376135
30663266353536353665366133343734306130613536663533633838636336313533386137353266
34343939353535636266386666373435323866393731353836646538646232353233636537623530
38656639333438626639633862336138616632653861643538326465306235366566353066376265
31353862316636653462336438346235393631353332306235366437333939633037646565646138
39393037366465376233613236323661373739393064333437666337356261663062646636633131
33666536653031393562353961303536333237666638393539326536383664393337653132303564
66343965376463343033656561303165343330646135666239656566643465373363616233663564
30396138323136373633366334666164643335386465383463343338623765663162303966383233
33356234373037613963666331636632383534383836643639363831396130383030653233376139
38363638366537306232656234383263306633313535326637646433346634633136653033643363
65623361373330336464373761313264326362643533373766666166393438653038386536306639
32316131373733343565363562333238623130333235333132383861666366363965343966636663
30623461313965373134316261303138356639326139663335663935663631366130623461386334
66373832353566633964613064353133643634633838353663653537383866393534383134396661
63656434316336346530623835633935346664393662656561313466346365386334356233343836
66623632656436646237346338326532393062313136373436376138666464343563306166313363
37383936366136303363363033303166396638383662623132663164666633396538383365343966
39333066643839393631346239646666386366373435376132366538386263656334626530326365
36356461383035316432653833646436306235666135666436303336386263326562316665313732
31373633396661383936666338336436383961656262343665363061323337316234656164386134
33353337363238653232313233366335626234613836333730663631613665356637393462313265
35343034363839366330623934343639323034356131626437396536623830313935333036316630
65653361626232343035376466343130333430613033376562313134616265623161616565653034
65366564656433623835316264373366653638326137313666383831663363643334356533333065
30643762646130366463323531613332306166336632353239333364383932643632363163653833
65326237663537353139353362326365303337333833316263303430623564386361363461396137
31383235363039333238636538633063626535343135633537633038663062656466376538326661
38346262346263363137323335316438333530366665376436653837383134376665623463653265
66393363646164633632383961633862666662383035353462376339346638633932656665656133
33633232306265306561306334636638353831363436363335616331653230366536313430366237
35663731323338656133366338393630646465376439646237303065373535666238323765623864
66326232316232343965663739396630396563653265323233333431346635623862346635326566
65653566333731383465663930373833393332316631643134306339313330636163333334383932
30323634633162613837663665303062623936323531666436366266643563666332323266626137
61343166616530656435636266613233383139396130383833333933626334333965643537613333
36636439656437633530623833333634616330313963333465613663396366356636396664333965
64366632326132313236623731333739373731346262643131313532346337336634616634303262
61396337626364666265623861313866326639636465643366396336313130396161343265663531
63333334376235363538643134633664663364326332663038633434373861326232346362313764
39616530336563376666306336386336343432363065363634613938663864343666363264653833
66373230353536373066303563396633366334656438323039386161663263323933613662386566
35616136396330306162623361653166343434356265613235613438396664393035643031653830
30656462613132636330623663663563386630353138313133323639646230666434663430343862
36343136383438366138363934623561373461336635316237623363646439366261343734306265
36643838616363643664323666346666633763653164353436326238346166366262396566356534
32303062613064613633393837636661383133643330323537386439396363613764323432623034
33633661323863663131663638316230646161363130613632653431373339336132346530646662
65633938643163656533383139653637346661336561646636306161356432323464626638323731
30373063633830343264303266306339323139316131333362316135623265656137303539303136
31653836343663353164303239376263616238333836363565346334393162326436316135393836
61306566363033313034313465333333373535323739313032353334383462643835356461626265
34373437333665386432326232623765393437386639393630666566323766633963383237386364
33333134643530383537333632316363656265663735636232663763306132366236646331316439
66383963393231343263653936656139396230323963653131636532346632383932373534363338
34636635623436336162336463366366666638626565636463336437626630643531643965636232
62663931353533633132623633623332633834306434326433353834386364333934383333653463
39343364353230336162383434616436306535656565623566336461396331363038353466636539
38393139613339303836353739383438623562343331653664653136306339623963643061336331
38613537646431376561336337303366373030313733353030343961653235663734353331323165
39383632373536353938616262376637376434306634363566316362326632646366626266353630
36303633326561336539346564396165666264613637626266653165386138616661646431393335
39386662613631633366666264356637666161623665313362623864333130663764393466633539
63386337613933653863383535636438353230623334666363616161386237366661643363333638
31343333343038643434653864383966626366323638376163333637356165316539326630333232
37653631613938613836666631643834333933653239313234646332623533663537353562653434
31386237353938613764636665623164646364343761613634326435373831616364646334386465
33643333346236613862656363646539356363643865653461323237306533313561363834353534
63393332313636623932313534656539623337626262613361353839356138383037373565663936
38636663346630623566393830623238373562316333333539363538373364613331363430613137
34626361373238373937373337383166363030653665666138326666663561383661666265653339
38633433616661366432313531343933613864346665356134333133323234326564323630393061
62653663393237343331313664643031303865636165366436386339393231636363393938363234
61343262613464316430383862613561366264666230653035393362353264366639633930376137
33356238656438343238356333646236653031323237333763636634623662623437373832393635
35353736313837386566663136626334363065343462306663663262386535373666313730636630
65666364396562356231636532343434393537303232656334653339366331313738663265643862
32653238626365333066316634333636616534363564313466636161306339363235353334363164
30613933383565653363633631353163623337643730623864643133333039656266333433313863
37363238393230643364373234646239343531353061346631363134663365306465663462633632
32326261323362303032326662613362333032303633366562383861333134636437313662373366
33393734336635343230313536353166633939396537346130353937666237616462386137333162
63343963643030356239613364393235393831623064396231333237666461336230616466343230
31633261396538356664303962306231386237633966646261343536613739313065653765343335
31363330626366343461303232326364343462616662346135373436323630313333323339303666
38336436643530323366363532353831376236376530313966666439643836306534633531343961
31353166376365613433356362383233373634666537386131623832336365383333343038643930
34666137303333666138313462653833383738623036376562623264336238636165633665333931
62633938303634653535643163306633333465653963656431646464633536323563336238376261
66663434633065633330633634323731333464343766363461396663316233343836383933326539
30633534316231393832646235366138333231313839353430623366356665656164626664336337
39656463383961616438616163343337333832346632633166323561633935316532303630396637
35616635343866306238633038393630383264623661623631646462326335393765393934356161
61363732393038346336626566303131396461323462656139623936636436386137303165666238
30356636326166323462363237346230363165366363666463306333353064316239663364396131
34313963386132323665616130643061383532356461663763373464636462316535653034623862
65646437333438323765633537326237613337373435306235326564333635373932376266393365
32653137633631303937613732383264363239313536353062393735313230373235656662366430
30326530633435343766643266346264313833353836316163396132623665663230376265646661
35313763333332323736313336313138616135356534316665636165396566323838636632653932
62623638646663316162333362376539306662643334356134313263393933326237316532306236
34343464363438636364623235323863656164626265643338356239386630646133306536346439
63623062353930316137376331383635323739633238643861313237306261616535303262663030
61333038316533613331376230393663613235333237303437303530373766656232656237373237
35646437393837376132643938633564343164653263613035386631303162303865633366616332
30353034666266333138363666393863373737303536616365643261356462343034326362636663
31326462646433303932633136656639316438313666376135636661623065306463336134666166
62356166636634393837376464383762376163313130343333333365663330666236366634336365
38323533383430663530396631376564306237623663626137616461666561343037653636393465
65353632316237663530396437373266653737343864666638643065353764613461363538393039
35646539653062366661623939353437353735386366323662356631626665633566386162333663
62353832393535333464356530656366633832356162626432646239313561393430636362306538
39613166383032623339613230666563383730653765343864393762336332356339326535306536
65316265633037306265633431343639636534653536313231613539633639386565626466353963
30353439653836633934616131333064373434373739383031643137363334643835383531303063
37646564306334313630633738663736306538346461663931613230366366323235393630383463
63393138613734613738623334313832393239376561623236363834313766373864663735316662
36646238396166343733386461656565663337313163656564323664386463623330653932323231
64323839643032653861653163313865633362326362643530373335363461393036333436633162
61613934386634616134336133653062633935633637303165653432386537303762663737633837
35303739343831653333363364363834333936343866636264623035393030343831323337323836
62383235373163663237363138643235393765306162646635623534346234623139313964326563
35623362663535323265316262363731333261633631373937373233643233666535343339306137
62643631346531383062356539393966366133613665633933316362353833353838326665363736
34656661346664336366346363313963356265636434656131396563343361623866306331323463
37316636393135656666393864396133663333396165356638313934633163363131336537666265
63393035336338333461323964363365633230366630333630383462353332363830333132393661
32353866373733346538643961326333363632363833373835646364623263326561313534656436
38356265616430356161653366363030613838653139653964313239333866633831383965306365
61643836326435386663616666626537303331356161363936353462366162613836373463643064
66623764386666633965656333376435316435376564656163326263333966383937383239393663
61623830323537623663643130656132616561343366643162393835396362653262616530316466
31613363653736303634633837376335643031613465306435353536383234623739313634653838
31643432643434636432326635313730343236333435356261303134303639383164323231373638
66356461656232616236613166373236336435633637363231616236366430656234366539653565
32663731313135316630396263373139643164653030653762346566386635636430386662383934
36656162373835383264323536373336663134333439626266663363373432316165316266313334
35376139626462363438336637653939636430663739383265666164613835656336623961343634
66373735653535363365396137313266633766393230346562396435646335303232303264616535
66653165316463623036393262303032353534656337356465623730353035323235346163356561
63313836373666366134303836613630313863623665323631333738653264643233346664613730
38356430636538356366646262336665653131363631616333613231376338643731613535386537
30353966393233633936663461336533303837303161646436666536663461623364383238346164
34646261316263656437313461353036313038373431366634343036613234633566626336376262
36373834626365346161383263343937373338366237323765386630623634333534653461316266
63356237376336626361383339303632633430393461343130336634643937383366663135346436
39326439336534663039306461653137613737376266366264386165366535623437653333343035
35336139326137306133623033356133383838333836626434333233376362346332303965653561
33363737336661346235393534366630343464663434636332353339356365616138356133383832
34373836656538353536643133343136393665616338343938386532306233343431383634633739
34306635646161323137613763666131623061316361303038656465396539656137316537646236
66666465383431663039386634363535616332326361323234343438336261323936346138613736
32336234343930313137333836633933396563353131336333393661653634356265626535323134
37663963343332396162333731326636396430353463666561643866636531303634636536386535
33323063373532653936353764333836656232353330613365643839333432393366646232323539
37386139333137343664383336346462636230393866633464633837373262373665303938356430
33616437303737376431373630373238616339336634346531613662303432343161653464623539
64383965386631373938353266313430336464306361346263656333656333376133326531633636
30653864303964616536306531616565613464623965613839656133653430376437633633373162
64653530663630353736323237353635323634306133386466653533613833616135633033666232
64353132343466326530633736386534653733623332633036316531313533356163353032373838
38626531326661346636383833383436613936643665393632653864343539363466366462666430
61306339363764623436656233323563613434363162353438356230386263623632643633303563
66633664633932613665633039653632343639343861316639313861653263386263383365666638
65303766313437643037333234373235363838323732616562363961313334363534353064633330
61333138626466663332366563336661343564326431303663636133663465303265313965373039
32656132346565366631363334326266333433336261303235633831346532623661363166613139
37383137373964373435313762323564303766663230323538656463613363656264346364323437
36356261386133343064343863663066653963396164323461366534636434663466613438366234
35633162316561623733656533623538323735653538323439333437663937383139383639393762
36356133326663346339363739666164616637626139386461303266373130616266356663346263
34363765333966306461346637616530346366373239313137343239383166663435393038343431
38343638376664633636656161353564303637353163636231623932383634633638646531633435
32646531313339353066303834613066333236326535343631346162336436653730313932623732
39366661333530316430376138393461343761343166323664383130323138396165386633383337
35326431376335363933633162313831326365303234303731356637336363316335653136656530
61353864313561353335323831343865393666373165636630666662316564393735663334353166
64623661396264643938613739656234353435643439626337633363666235326363653163353431
33303736343535343865303665386235623633363331323139343737636333336636386430636166
65363836313536613333613265376234333637653265346563616534613963333835653930623137
62373766656136316138303038363937396566663630326332303566666566653336613539366662
65396266333536373462383939653433613161346637633430356465306361333036663532393761
62303131653933303266613264306435343636396433373138366338636433386565623031393565
36373562633536633531363937316135646665346130333937643931343131386232643536626132
35366235373436356532666465643763363430643934313530633066616534366566623162646361
35396334393336316638346362333062383435613934313264363037326238386363336135386331
38643639613231333966316531306139313061333635343338633835323863306163396233343333
35646437656363396363373137316536643862356432346564343337653938343539353062623432
66613030366361616331643433303239616665313839303033373863633563373830643231376239
38643633626664336563646636313663633835383638653766626438623432383836363530653436
33653738383130306433383530393639323130643132363838613665353335623438333765346664
30653735313233303734613961396138393362313637323733306130366562306438636635303862
30646562336463363636663466646162376332336266336139633435353939363432666634326531
63343264343534376536613762366365386234373037323564313432383461386536396662353862
32643861363337383439383930336665663530326434393839623461646235343466643566316662
34613264353430613162353635656631393334616566666530666336353736623230643737656361
34653236636236323132356333623739633563643266626666393465383637323632393731663838
62313134313966343839393863316338643966373034353865663330383737353633306561323536
39393730323937363664666539656265306361316330366635376434336538306139363036643432
34343236646536303436663565666561303633373234313530343264623766313136313363316438
36366237383063313765663335656665383633393734343038366434633165323932626532623934
34653063643938613264663234313239643139643934343134363964366538643163343364653866
36316662636236666362646461373162373638343766663933646332383932646364326466633530
63323863333431323533643039333161653166653264326631336463373938323364663134303365
35333838613733653238393434393832633130353866336264373761373932653962316635326262
64363631376664303130343134383734663861313666316235373862323637376236306236326164
33396238643536643837663930373033303762613963643530343835303839313338616539663431
66343234306331393537346366383234343433396534646134643165663635326662333664373831
31326137633238383737396164353332353161366132373266303538363932376461633138373733
30326564646361313361343239636364313637663166316331646662373839623635303333643934
36396138373263353264356563653762363563666134366434626663373631663261353965663935
36373332373030643831653934333235623337613963643639316262393865626138363531663263
61363938383833616361303433386138383035643734353266636663643932343834303936376431
63363731326461656563663831383330393237393834653230643164656133643766666138666134
63366238316566333837313232613431356139643834396339393865656634343762653530363830
39633336356338336337633266663138396338396338663237633764333238333863333834343634
39363131326132346233656661653637393933636432643339373463313362343362383462376339
62656163393732383061326662303665616230353731636630333832313032353130333638306565
35303639363734633631626263393436336430636363653034306331383033346465323265633431
34613765656235366333633464343733303364623364376261353566663435303963326562643732
63376433313633336162323233313131396136343865666535373564656435396338316137346430
38393636393138646230356533653038613134323133373835653036613164393730653364366363
32363633393836393738303536636433363165366139303334303938396565666362336230646563
65333861373835383461333334663831343731323637333938623935626435663363656339626261
34623066366661656138343735663261323538343132393831316637303663653461363631623164
65646463393331323237363864393639643965353535626632326434383163356433653533666235
66623031643165356361656333393331313166376564343764633035373038326133333765343433
34313035346133656666393262303139316639633863393466383634393536376630306334363736
36306631386435343734366532383461623332386333303732373162616435333736336262626237
63303463613435646639353239616332343235373033386239663332623765346131363465316236
64663931363637663265326238346135313537396237373533313263303832346135376232643565
36326433643466383665663933623664336637396630643139303139646463363632346539656363
38666134613934353765353663353638643735616663643235623530626565303138343237623730
32303531306139333139393061383933626366343534643335623035633266303862643237626438
61623766373030316633333335313865393161396138356136646137656363666239396639316563
63643336623737656537373862303533376261643534373039363238343437393165626437616237
62386538376362623939343338633532373163616633323434663931656564323666643230313361
61626237653263653966323863643733636635316163343238646664313935313533643731316631
64373532643661306663316239316662313264623432663363613761313566303065646230376162
39393265636130386537663931646531393436653235393165376137653639336230393634636162
65303462366265333335343030323461336666393966643039366563366531313161623139613566
38363639396464623962336161336332616436623566356634303632333937633839313132633237
38323635326466343361393166653439386564623031376434363366653537626561653836393939
61333836636563393332646330323734383233343832636466393536393465383662393637616334
34353466613632373363383861383736363539316166326431346236663039316237653233343833
34623038373465653562386139326132633532363234303638653031343931313462323962353866
62363066336562643063623538626539353937376164636231343665663039393337616133666231
36313938323438656434303834653361386232323563366466663331633964376538626565373563
61366231323962643739333666666461613931363563626163633866356532323163653365363337
65346666623262386662356137623336333132313935656165316139616435653333353262653365
38353566663665666137353633396331306435636434373161633834353261623433346562366436
65323039313535306334353733656635333830373061636539656662383562613061626330363361
35393062343330663062316136363631386230366335643139313261656531393065616431393231
36643738386636383836633032623637356532663334306434343566643063356338336635316238
39316232346531326331373166356335313134646465373632313831643636343637393730616365
31343665346264386336653630343632633334343334353461343631646562633335346633646536
35653038373634396334396233653735616638663039336336616530613632613033373739393761
30376662633566616535326634383036323963323232396232323466306231333836633465373436
39336438353234633733303162316137313766346334333531393665666434323163396262313330
37356231623039643566383565393033393437646363333131353632373232626434383135303836
62623132653239396565643063353837356361633865343463396539663139623534623534303064
35306632353936313438316135656436303663626234376137306463303565646335393732396535
65626461383262376636633865623033303361316163626632316564656534353034316338393466
64303661623930353565663639396533643133383930333364343632363464646638343830323832
62333664363462636636643964653336343339646564306233663337383737643432356133653462
35386430306539636463393933323734316464323466363939323335396662326630363763313662
39613435336631353539323830383934396138303032386634663461363364326562646132613339
63303739653565383865626662646163303464383232326139383739386461303232303033306435
61306531393464653638303431666134303838376632346236613231353266363137396232353736
65356530623439626433386465643163323831616162633366626562386530363839373033303332
33333936336262343265323261346438353430633035386463656562656133336565646336636562
62666162343866326137353665363263666138383134336634323665616233613239353034656565
32383563663738323762643536633930366632333939626432303530623933323530343832386539
61663730346237663061653635303835333861656134653233386136333266373038373236393363
35316561646336366431373533333461643936333863626563363737623735343564386334396631
36346361303866343937393330333430623232373039626561333331633230373563356337373566
38623537653136633430323033356537366135363237303264643133623964313566396331613633
63313966386464343339333664333431373164666235303135656231326136326636343336376634
38306136393534343562373935353137396566396336336138326164333032653562656139353764
66336233383732613330616336356432313262376132353766633264326635666266333462316565
31613964616437366666383130373136353833313066333336323366396432313163663563653763
30623363343236613166383162626664383463363537636530623636366665343564633132323930
63623934666364393565633961333464356462656534613463663861393933313636336166643339
63373136643132633232336464313164386336396165303134653464656532393937643463383861
64626332646363353663626564613166613965323635333938363734346531333433633866313766
32353963373862356532366161383538376439646336386136633630663430323838373466646561
33393839616430666332643634386632393738323736666433626461373235613161613265636130
63393165383632373139363130393164353635303138336438333761633231323834386234373337
64663233663565303062663966616361663864363962326533313862363462353538346565363631
39613731343331393862383431653339313639363863356362633566636138343162366134623136
64613530626264373038383165323563666336356436313235666530666335643130646638623437
63303962386465316336623933656635386361373132326131383431653264323463643230353465
38313866333137663539643036646233386262323661646230396163666435373862646465333737
32333063326632613137656538663364363832383864333764383166363833386432393334363739
30303066666261333235656134316239373130353331643164653435386465663364613664646531
63343937353734663764353465313862386337633035643932326133613562363765633736386539
61393031626634383630376237323866386466666334326166613832323063316461383937653937
36666133616538346164373139633363656537393532393138393434616637363663646130333966
62353036356536636435316566313763333132663933316365656434663931373361623630336165
31353930613138316637653265303939346139643335666639666565643738653137353264313932
34623037313035313462373761636463666232386139313732613837313131303732663965333938
31636264376265636136373738663166353162353737363461373366383538396435626331333661
61623432323632663737353331303865313862353663623561626235373237313033343162363036
37353366383864383333636334326233646533343962633637656335393236316133636239323237
36613062633861623665346630623531373063326464616539333933313635616531653737636265
30393130306662373436346139653831633265353735633234653134306465373934366439383533
30396130373766313037623062336561386165626266383330643738666531333731396439626332
32313462303164366363353961633837666336303964343937393463396633386137393231363131
36633265386534616636366639613866626633306132356663343466626538313934633635343638
31653339366231323661633565613331313830376334336661636537653334363638653235653933
34333339386533363039303834386561613533666135343737313336613537666634323436336363
34613638373831313564633036336534333634396462353466653063643364363561323662633937
38356334303739333331386533656630383730663338343565646239373363366532343261656435
36343263333031316135313034363564653432633361363561626133323937656537633338333962
30303063663062313936353832623931656535303134616362373065303537323830323439306164
35626262623664636130613031333832663833363930666564333665313339316633666231336635
34336335653363383735656231323330393334613432323437373731636631363132343037326562
64386465636438613832633938383737323334653737376433353865376532633638383565326139
32633133316261376165383437636135313830396462653334656239653531353961343039633130
32636439633634353762306637613936636337353734333763643233643032623731396437643131
33326130663536613734373330376132383264656261336137386638346663626432653665366161
33343637636235323432316365303137316164303434363734346337303437646538303466353066
62616234313236333134376263366263373535663133373738323139323036626534633438343131
39363633623065376366656132326131333137366564616233663437646139666531386434663931
38666638633662643731383263343339646434343635333838306563613264383135386432656130
34656164386362623965613664333161336465386366333739616334373436386632616664336363
35653536323764663339373633666366326566333762643639316639623732653738376461633138
35303036633364363461373665326263356430333938383435656535336565383831373339616435
30323063316562346336366136626132356664613063306238336236376337383766336433346639
37646464313431633438633531653633646339346666653264363264333335656137346434386138
39353032336562616631313663353665653866373661336534373662336230623935366666383039
35346531333336376333653432343238393334333434313865636535313939666430656563616434
62323662343062373461613265383063393862313066313638623333663236383264316661313566
61333937613336616365343562343164636338666265666430633362336366353461653636646564
61383832643865336665663639373034613562376230393962353365613030666638666339616534
61323061333236666333363739386165383561653266626130623436306362306263316361623465
35663566636661316263383165393066626233373762353634356431373139303063636132366237
31363965656663396230323630646236373861396433376638336265316331353063383361353866
30623239623336336661363235316134303636616431613337336261313832656138353432313964
66663830643038336134336262383638316336366337636338376366313264633833383837613131
63646364616466643538663238323565643164333336383634663361333139393264326634636432
32636135376662313738633239613131326131636165363639643736376235356366386161626132
32373535323431626264616138373136633230343131356536313866636336636135623338626365
31613434623462313533323661316663363136643134653063313439323330303536326633386330
30313330646335393735636164646361383966306634376635346566306530386633313037316536
64383634623034363932663238373863643530323265353833633734346532313636356262666261
65333839623830383334336538663432343130366430313034363064666439343833366337653663
36343161643132343635393230353330663535376539323262613234343033313463316164303364
61366636393339313731613533663136396434323262386233373131616661323139643633393161
39626361373430313737313361323131663233323262663730333939633965343131363461326130
34383838366633353561333662326665323733303862643066386165633561653032313664356166
64363765343663386562313761383238613935613938623239393335653131626331376430393139
36623939353465656164373765636664643137646236653466326165363465633264626234393066
32613237623531393832613633333664383263393537616465616338323437636563323436383262
33626439353736306465306232323039386431653764323037333262633764393765376432326363
61343663666331356638343366323233383835303037396130616336353830636565656633666639
65363964663563613835643531323535326439393732613566346265366430646261383239353636
38623666386335623765653530656462396462346164656533366163613034323733303161656466
62303034313737616237623866653438326263636234636236376264663762646137323538303032
61656230313266333164643635333963656634646262633765366166303137366161613636643061
30623439643930386435373930653833353836393936383464363366343133643437616635643761
64313961643261633938316330623830616637376237623137343738616330646666666434303661
37326537373236393837663565396237356230623439383564336632333736393162303463346430
39656632383132343239366631653861323233353662653065346334646338666137626233333261
34366336383932343438363535303134366561366532316465326539626330303938313336393363
38303134383337373332613463336462653837393662393765313938383865613235656565323234
31626561336633303363363738646339633937626538636637616238396430616265313861663734
35336333356634363836373039316531346333336462643166306235333437663530356636313537
35396364633865653066313962393562323630303563626565343665613435636464303435373337
32613339366365306361653335336664373266363834373330383662666131326630386166353732
36386566323230643266386539343964336535366561666538326639326361363765353263303637
33643764616237643730396230336436633233646466363839626434303438643938326565356134
61633830363161663831343539626532646633356365303631383737343831313063653235313066
32616530346663623631616338666561353861353865616666393939363763643265393137343965
32313965633764376430363461656538613230666234663732383234323961353962336634373165
34616131653033666636613132633532643537613835666632306430306161313966353261363163
63656133383430363563303064633338363963326161666262343331353233303631633664336563
32643665396234653262383436623732633564313838393238633431303530623761353763386131
33396337363962613837663938633932626430346331366563323861383765613834363566366137
39383236613834373261333435303536623031613464396633633065383232353163386630303532
63363030633334653766343565363133363065386538363632383061396631373638636136623533
35633333616535653736363561376365303534353338323664643333333463623030306537383065
36396436663334613137366665386332333530616139393231346532306462656435383938616437
65333065386661623439623365303966393966343734316263333765616334333038623738343266
37613066323865363437653031373966393237323235336666383431386533373064343365326333
65633361383230663339396432353530383438333164333936616330643635666463356532386332
65643233306561623437396434646132623336656261616338333734363838653034346532366230
33363666343233333836393936643164376132356464646332633466323138373461353861643437
36323665363036396239393531626131613431336165376363373235616666393937633731336564
64643162393864383366643766376433333536383430366631363636326634646636616435646361
66343835376663616464313433303939666233623839376539306565333337653939633764393566
33366666623534313931653261366138313838313131363138666135643338633662303530303661
30323464663239386363316231393137303733653662393031356662633134636464656232326462
38313431353232356264376135303239346465333062323836643561373531663831313937613736
33653634623332666661633638383638636364366261363431633866386336616164366132396433
32376332666536393235383739666236393739333961666136333031363662636636343465393435
36326666363239663636306631313761313562313065386339326561356633336137343737336439
62333438343965313162353636376565316434376263306462353437373464623636633365393833
66633961356636343335633766636362346236363665393334343137393430343063336537373165
37623631343862303966393533393762373535336530383031626135656438646436313733396163
37316461623537356233393232306662323965386465313536306133303865353538336662653934
34343663393730633538376230343465353661663561653132623030633035386364303439613235
35326636306165626562663435373461346633616365313431393530366131356236376234303566
64373763396133393863343863633064643035623834663635373536303562346130363463306261
32653761333866636566326138343933643535356533373166653733313834396163356535326430
37303663373262376164383637383865396332633264623564326636373263663733623732373136
37633336396139623332356432373637656562366663353031323964326635366239363839356338
64313236623439313937316362393362633661383865623730373530356430323133643336643734
35643031333237386261376133333266623236633335336661326635623831333535323437643134
64393034623239643965323461616333343035383961366266666130343735656662653963656136
61346234303963393138633930663732303038313736623135643930633834623338326365666539
62666665363932316637383465663463623534643931623638346531316562333966383835663032
35623661373833306461653064643338613537306563316538383961626261663530366136646538
3437616261353436666534366462656663636434323565353039
