$ANSIBLE_VAULT;1.1;AES256
61313530656430653134616233303239386639363732343033663831326339306462313236656162
3939336537386462613436343666373734323162313162610a376636633039626331373063316331
62346234646165336231343537653764633837373363636166346235343065353266383432306232
6463343232633639310a393335636461393162613665383739316566376130373661663366623237
65323735396630373661383439313233643030653061613539326466623963653263653738313632
64316337386265643538363966396230336633303838356631376438313038303563393135353238
66383566653232393862333536373135313133393435663336623636316232326237386237623336
62656633386665336663656664313862346437356266333038363161356162363439306164376531
62363131313762316131626236323566326136323964396336663362656434633432326437663463
38383439633361373161626435616632376662356634663430383331636264343431336630633038
36366339356537373662316463373665633134353164303936316566373764326265643066626631
61306634633061356263333235653165313664313561626166636561393865393162356132323538
33653231343165313162326234383363303736636538353965336231623564333036336435653137
62353234313333653333633436396331366432623762303838346339386565303235336563323034
65383264353865373336303963663939633566333461653634333535353661343437613938323731
38306661646361346439636465306436376163363034656162336238666233623734353333383637
39396562623962396230666335646562633534353338323331306235656639666139623934636466
38616565336338643961373065393265336234356461333234363865383964646436333866396637
61353862313938646164326563313237623265386631633337633162373439663466633561306138
62633761343265613332646262666234366230623862653665376538623435373636356335306664
37626639376539663233343933626639613435393232333431383163383632323762383334356164
38626430396639343663623533393565323830643538656363613865666139663566373038353265
66623065366631383035643266623534626636346533313230343734623462316136663766646134
35383332346234353433323230313830356362613438633261633138343637353438333763626263
34663766393836316662643033653030663262663062633636393430666535313138353165303239
63656231356436396635373532663438306638313763333462346435363533313636376663386534
30666539323430313166363264636135313465656566363766353166643866306630366238643334
30386432373665323965633838653033636436633437393631396564636632346530313461663037
35613530353236633630346637376536656166373366336230386339653063343939343139373936
65346364626265623232306433396434333336333433633432326630343231613165363634626239
35313434646138353234613161316633396539386138336563643962653663326563343532323431
63633935316563303231323264386235623237396531333561353436363033333466323166393365
36313331663635616530353136366638663033613932623234373264363632333063626335316438
39363539633438373730623333373861313132396137643835393239353961346163393931626164
66626533653965663530343335313638303561623933323933313763363932316464363833326163
33356332396239616262366365376537396561313732326466616264303463653239666632306635
63653737313661303339356531633939623637626339323038363039393866316234663132663262
39636337313364393161626364376363653965366566303035363039643533313332663436353561
34303366323633636138613166623236346266643562636636363163363138393966323337383137
31373536393961356162633262366632623138363634653234633364326139393136356336373238
32663033613935653264643438373564393235666166376636316630373366316564303438376463
37303330353536313539666230333433373362613437663765396534353964333762653531613430
63353536643138353733393130376431353336616563326535396335346666373631386263663264
37363235313564613539623234613439653464313438396432386333383438303330613937323938
35653636333630363232363161633465356163303861333063633934303466363431373630353331
64326366353564333136626531383539613530373938623336636631373162336238303135393766
31623030343939343137316336633064613166343037366661353864386163336132316234376362
63323330386565393566663735663862393065306130613464353039656534656131323066373031
36356463643336356238643562616234323061666434386166316631353631376362313733346562
34336336346136356631656335646334383536613530346263343736343433316437663732643962
61353133396166336232636137396262313533363736646437353664393561343830666463666134
33653631663437333165373565656465336366353933623233633163393065393539626631393631
65386161376235373663306261383862653137373434316339373839616263303163366432393533
33663166616531626537356339616538363532616431373761376366346531343361626536316163
33386163623464303533663461626630653666663165353537336337613262663561613538616332
66383434363133373561613531623730316235663133643439666435373637613830383138633831
30323531636465363835313932343237643930633930663838343065373865666462633438613263
32343461616435316263656365653739373738626636353735373037373261383332633433313233
32663836346337363762303937663030313665323631636637316163626231356539653065356132
62323638346165336666343738623765656363623161376230643961393531373438333961623763
36333233373837353131343662376431386135663433373263383665333931643436323762656231
32643736306533623432366638316630643261356136616430343531633264386166666538323736
36353966303738666235396465653565323264396231613138633934656264666538646638343161
32653762363636346138393032353137383834313433363333663966613135643163336131653061
31636361373966333539653865373362383737626433386534633332383963626133306162336261
30366338616464656335326135383033393335643732306638323766636462316339303565663635
36666666383966623031663032653761363931356361376362313531643132633264626663633236
62333839343061396336353134656434373636333739353134653162363539343534326432353835
62643830666339626438643263656133363161303135346230326537356265306537306430613464
31343166613539386462623735366462333036613835653365663334653362613336633932636563
37346533383562323464626431343465333738396261396534333335373437336665383834313437
36383732643631653735353231376361616636626536373266643866333532363531643534633833
37666236313330623532616335396339336261313734336333363166343433383966656234393661
31656130393539336239373137646532353732356632336663323830653734343838356564633933
66666131653132383236663834316331633061663462343433333431353964373830656635626466
31666136636161313137396563346230376432666339396133383231613931306139663131363039
62343230366462643263613830313036336661353664616538656564326232343030353764366364
35343764333965373933613734343538333730653134336639363364626565613037316162623634
37623932626463353632613138323834343931653435303930616162366230323839623835316164
39346133373130656666343661336636616333303166383534396634333436373233653066623466
38343432353831373935376639653238346331336664623138623365653339323161633134376238
32653663623036626636376437626631633439333661383665626366383066383736343638393263
33346363313639383930623765343130366165333036623737613266303437633364623263343664
63653431336265653230613033316630383963313434393838643436356630343061613139653530
32343162323832383733333230376264333037383363646661663661353431613838313931626233
61343530333735636561666436366238613334306135313137383063383331316635306133333033
37333437336562356166323030376166343066393662313666343137623833643432653936383931
38313232396333303237383064386166393266636236383531373135386263653666663037356564
32363565383435643364646361666531363162313434353563383132336333346632633934326635
32643037313535366139346633646264316464343130353233663163353732373566363730333062
33373330633631376464363063663236613162343366646633343861663134383435623639343738
63363633343834313431306461393335313263653164633239333732366461663037666561316138
66376630346164366263626233643038636538393965663764633461306434333661646332343133
33386633323439383163356363346133373864353935326133313766363363626539356261303032
66666533663234366266376139383737316464353836306431643135383563633335353332313139
62383133663266653938353365643461393564626639326261393333333965353936326136336635
38313937366266373939653238613931336430363562643264326331633535353039343339623463
61346637393761666361346139336234333831633863623734353630313439343363323464643462
64306666326665373837343662343731643031316332656266373565626537393165623636353237
65653562386461383937383438313433666337326364656566616433386331643463356263383238
61346235353136356436643932623735383663613436323839303665626362356138373734373930
64373864613262373734303131623266616565373639323738336563363733313531646136653364
63306463396639646633643537356166333461323334643231363439633362666365616566373132
33353963646531396365636332653732656461323365303935343637363739336136633432643133
35633938346363643333323763663864393533353333396566373533323830656261383866323861
30386362643736333631363038393235646231313535323134616563363130313430363465363737
30333966363862326636326535373962663735313564303534646565666231306132396334326361
38653865333733666537633730633236643934396266363664396461393231386662373662383534
37643564306136623363626433343762653865616262316531363437373765663632383164646437
34353062633434646335316539383066373038623961626539323464633334316139323737373166
63303633373261323662333434623931613336633630393538346562363330633661346262353032
31386639326235306237633334306363323762326131633938306132303431363135356137386430
65316661623661393863393062613230333532343865383035346263366235323334316435353763
62393437336534323934376434626632663137663334623866613430623439616139623739646231
64663538383535623732366662326463316566646361303438613833613538613262646536333139
35656439633938623330346562633261626564383763393435303834646138623535366537393636
36396231653332333963613239626264663137663363313263376639616634356631656232653839
32386430303265616331313234333533373236343733653133613866383265656664303263303938
63623765383861313766363363333533666237373731643839373834646633353064393663363333
37353839646163353366306634653534326630393966336133616238333238333265393164626137
36343536386562313938616266376430323333666161393238333133643931636534366435323566
30303265353138343161383864326165303437353432623035353165326334656539303063613334
37393737383835336134363830663466313839626231366663333435633533343365626233333834
64643134326665333662303436326437623463663030303064323537366364643166626366633935
61343563306361343664626265666662363635633236353132653034303130383438326662333565
64386230656232336432336166636663306132363661343465663936373864643637613435343339
38373665613532336236623737666438373335653765626435356662356464636363373332353333
38373535663533376263323463323233616435313133386330316665646337386362376333633664
61386437383562373564383236383530376465353032313462396166373730613134343835623138
62633564363034326530353338633633306136306163346461643130306266353435373135623433
36656634353938336432306232616331623361386166396465646236616664616162633466326632
39643232356634303364363731633333333737316161323337346139636437633337626136633633
34353633343563623963623338306638663938653763356163636630643736336565363835383565
36306363633237646438313332396131656361353535313062656364353064366432346632366462
34316134316637303862393133303164646331363535633963616564353861316432313935623635
31656435653765613063393333363130663930396135646139336337643563383735323739366139
64666337306230333431646663663965613731366164626339623130346161633436386337333964
64366161653963343463316666653736363533303266383334343239396662323166303535663233
30626130346133326538313033303863663362363964376164393266633861376665363161643264
30663632623431643563343831343664653065396434313337633836323638636537613535663463
64376334383232383335316237396633373936663137383135656633373763393134396264333230
33613662613636326337656433633631636166636466303936353031303234313738343235633833
64646564313730366264643136383536303231326565323131623337626665303435653236363330
33386531316336343332316565353662613166306338393265633461393238393533383231346533
36633964396661343632373831393965363130636234643964663763396261643839323065346538
65343832636464373466613063333739663833323639383931396564623564353631636236656338
63616465656238666133356133363135626263313738376366643363353438613032656663383161
61653764316535393030653264333661356136666333646462623465386539313236366534663237
66333630303531656134326266653565653138303234643730653730306461656632646263376335
31616535313661663963353831616564396332643539356137633762326530626134393765653233
30663337323465306432383065343737363363366434363839386434356463633564303539656163
30663361613230313261646365393039313634666530616435313139663562666330653730653462
37353431396633376235383737663535333463373239376537343938613164663562353961626339
66326664323830396532373136666231306333306633353634393033613635363038303264636239
39636133313234363438666261303132313631343632316138326333343238356165356132386534
33333362646135343738373762323338653034373661636666326365646563623333633137383764
31336339616135633530633031396461623432623731633733633966303965313964323432356138
32656262306364626237313064313461373262386236383530363131623963623062363934626137
35383866303163393465653135303738613965346439353536616465363435393134313830303363
31656239333238633965653665653230633938316134303533666630363365626430303363303666
63616334313434353062663038656230373065323663313963653033323536623030396531663333
37643632646631383834393839326639376233666261663238363163323365646563383634616139
30366336623234613833623564383330353266643436646336303763663563376337616462363939
63353664323739386638346665303333633538383439346262363934396137346333666632363035
38346536663036326232366138666565643135356235306435313237333066313764616565363332
31626433623938393637643433346238306139383532616332366135306330323931623738653539
39386534363936343666343462326535346231356139643638366234353263393838373639366264
35353538323037653036633964393031376530666633616663313765326531393531303233313038
65636433353165313030346165636138333437306439373939306230393334306565306131373030
61303334336166396162353666316363383838666661343836373934653366356339313130323039
32353932393038633038336131663533306465643634663564636433313266323837613531323030
31373230633964333837323965393466376130653735383931663430333134303061636261313633
39643430386563343236613738313635393739396661333835636661313030363164633732643439
36373435306136323338663132636231363031623134323233663835643237373435663961663738
34373231656561396131383936316662386330653135393037383233303266326363393930663437
36316330633562386535323336383939636236383639333236313365306663333735633361343931
39333033653736613838643565623639363765326132616364353131663236316632313534626261
39373937623264626532323165633932633330346634663832313835353761386366363136643236
62343237663565346131356164373137356261303035373066393232306665323034323965376366
35613066313063663937633363396137653135663334343462333264383830343634323031363961
30623738666336613733643536633534376164613666613663326165623430626464336432653732
65663362323238366164313332646639363662663138616463653239643036646336633136366666
37353731376332373339633835653137613531663733643965326630383539366435303931656633
34313632666561303163646163353633623565656435643364366531393235343966616564636434
38306362333336653237613934636164313962323335393932626436313737646237616537363639
34306534643831383536623937643666353961303334653662383363646564646362376362303434
61653266303161356265643534663239653031346461343462383238326535646238316661353963
30333839393330353938383536336332663564373839373931646430653330393439303038306663
36323765326433376639396162626530643730346334643530646165363266326132383539306332
38343538613638313732316664353866613636643866343663323865643338393163323665333131
63336131643333363866623262616230663363623238646461396162383965396431353530383461
36366137396164353638656531333236636239623466633633363265303263376662636233643631
36393566363433646432636436373334613636323033393462313964393938383564313737323638
32326561346363383838653336363437313433656538656461333137663232346163633838383832
62333665373536336461326435326434386665326462643663366664303134633263633762653136
61653063326263613362373363633132383735353761386336303633383039653539636435383963
66666636653932366462306666656435626237366538663666636631663263316665663037623266
30366361336239373337623063646235393666653461303135386136623134306232666464613237
33646638643435333065643334356661656466613030303264303964323934613165656462393132
38313435343236643537343837343064656131346362613462616537653764343038393036326537
65396166383765653339376366353537393566316535373039326232366438376233386162323532
63333364376166633735346266326239356261336537376461353938356136303430613034303135
30353061633532383837353466303635393535643230626332663765623139356666376466396638
62613231306633373763643830643339623234306431316532623430353832366434386362646462
65303161303633343936383334316137616536323935616264336330303939353133643837366337
65666430366164656437666334366636653935336431613533623635383431386365663162626138
65393934376335343338383434333032396539666638353235653937353264386132303938663162
39333336316331356230333761656633376365353363343132323961626536663766376165623862
63393030363761613162353263333230383130343737616336666662643138373961373633383733
35363936373230366231656662363232636636646337646337656161613463313965636230303764
30616262323135303438643434616263383339343539366166306533653139323238666534623263
62363530623162653635363935613334613136663030376537653734336666313562363633613835
37653361393930396435373138313465363162623433663966383765346233343835373434313263
61636433336232333335376235353833653536333230633335343536653061323931316361653463
37633034333463303331643139626666333031393264633266353830336561626230353730643737
38316462643964366162313839623630616435303934383038376132353065343634363166626232
65313935626565396337393030346230333061313961306436336466356165613933376530633561
36646364363439636662323430356139313336646163663330356439623231306434356636316165
64383437383465386664383430373766303966373466636235326431313061663865383934333934
65623334316162666230343633633663663462396165663761623335643437313862613165316136
38326264626264396164376639343537366261366562373031646239336562353563353630613338
64343834616131363665366266643634656535653332396161386266663137373839656632373037
37303836383136373433643461616135613466346434363032336431396232646332663466633430
30663335383064333036393135646463633236373139366238626631356436323336323330333664
61613339346139613932643938396237623432323965653264666133653564333837313562636535
32393261653665376432303136636462646564343834636539333633313534666239613232613631
65323939663431373637363234613261656334393931616261613835353864376265306566323836
37363234366334336330323665346639323161626631386633623566613866386636336538653362
34323738613463353630363063373038393631383263303434623137363939356536323637356431
31623335613961616237343832393633396262663434333039396566636533373933353033386665
32316562653433333663623861373137393631356539333839633437663238353236663364613137
66346535653766633530316264393865396535613063323232636661343763323434643634303635
61323065323065626536336632633563366465653365633333353265323534646330363064323734
32323233633835323437623737306635356638383937383766623038366333336139643535616134
64643161316566323162303261333335633761373664326266306635313166643036343163646537
34666634376235646239653737373933633863366337643566393133316566316266363865316633
39383337663961353435626362323238653436333636363038663530616465303134666362373162
66346632626534653435336633633036343431386531623137626363343138336338393130323737
62653363643830373330353732636235633662626536363836623563333961653964323239666436
34363239303865373137636666333165666538346133343233633730326262613332313738386464
61363863383830363935393935363761393163373664356236323136353266356463663965313138
39613134633466636535663132666539353166306330343233386231666164363236626136623161
32396465383130613661346366336432323531633834656634653830386339383035656134303039
37616335613566373762393866343463663137663432313638643232666439633830613038636630
63616638666439323332623763373366366134373334343535393064313563343664326337373634
65643136646661613030643866636535326361393839623633353861623166653135306434386539
33663233643963363436376232353238386535366534303666636238653163636239303065663363
36316131623962373661393735303065653730633235636262623435376565366339666239383235
61323632303836376662316563373564346236343963643238313136366235326464303163616230
30313964336438323564376330336365623330643730373231636665653739613665363035306439
38363631633232623665346462326131666662656130636636323533396537643435653236363836
36366264363166666264343130316639393434613438626132343837333966636634336333316266
38343066346135333037343437386431633864313037383237333639636663663366316261666361
63313666626362376463633835366664363831636362373363646163626261616439386339383065
33643637623961326434363733646532373361343831623631316333383838666262656232333831
32383031323765373435616238646333666232383335326137306664346463623263643038393366
61613164366232336630623466363265323362633465393336376662303062633663326661376636
39366238353332336237366134333733346239613132373262313430383762663130393736646239
63353636346161366437326166383635343562633539393234616234336432633662343036633161
31623437306235393262363138386637643838393737663763396238633932376661323566386335
38313464313761646138323137343238343338363361386336643765383963313931623232386437
36313035343430383638613932313739343539653064666431363035386138643661373438316236
66366532613439633664613163363562323737663966636139636664346631306339623035316137
35326561386334613566336562623232333466643938323035663238656335323464343463386138
31386136396264663061306561333363366633303431653033393064663932646132613036383161
32636165616563396233653561373064633738343532313233386230313436633038656234623230
31643961373236656334353932666131646338623863313364623239323462313531303536343861
35616236646632393361636437326332643164383837613139323331616338643565383163336432
66303635616265303334306638326133356536313764623465366236393235353763633134396263
39343063393739396461613232373762376661663436353562323733656164363866363934636130
35383234306432353765633535663530343061646138626562623530356464376632376562313530
37633832343836323139626436306361373663653465373035303064666133393665643164313833
30656334396132626236326535366162373736636239326631366631386633323330656466623462
36613538633865336436613865646435393261396463633633333733336639656435376335383534
32393933643861396134316631376239623666663461343061633332343235393565626430333362
62383864666464623964356162626665623432366133623737303330613130366361306633656162
39663961623737383431363734326339356330363536336635343432346538353730316166363461
35323639633338373362383863393732326530383331313136363465616633316233643031663432
64363265656233333633343237353364626563356466613430663139376430613031623764373462
64626639353932636634363766326463353038643634646362326536383966643466663931356663
30653637303036336136383564633065376161363561323936633439336430306436643464346438
34393264376338326134656134333537376565383034633364313863626336373230616566353530
30373465623233643061393162306332323236343832636365376230373039323235386138313633
32626136333162653237383431356639626537613136633865323364353639663361396163383730
38636663626531633132333262303161353861633362366634646463663330623537363531663636
31333166353831633136303735393539326636646262636633323866646436616161383230323331
38303434393534326566626131363266383466393362353062323137303831356462666266386334
33383762333336366164346530366461353164636566363466393766623765396566393839376533
33653837656663646234643337353937653434613563316131386632363564366664656261663838
66356539636237353335613537613239376634626237653735636636346164643631656439656366
63666238613865626630393930626364653638363564643734616131633530643564613536633437
66643133336361326363633835336638333364313966373333333761313733373862373432613965
39313664373962613931656134663438653533616166633935643262326263336638386233303937
39376664396138343761383164363064626132626331373637643934653163306261623834346661
64626531396161633761393035393562663331376161633061366134653365353634333731346232
63643237623166613666346630663335616230666436363862306532633430313363626237396535
32633533356236323063313537326661636464646264353332306262613963383233366163363562
64626437346639623832383332636136393534303738633233613533633636366633313234653362
30383861393062393934656338303630623466396637336532366662646332313738333931313132
31383732663663336462613462303937626330383235663163623135366132613265316233393039
39333831653364366435333333653264623530313633386362353536366566316333613237313733
36653738346165356339333330363633326232613961333862396162386163636437336562646633
35353934636132633732363662326162663233343037333263366561623136653632373431393064
62613838636561313737656630393637373862316238376463643363333833616339643834663839
39343932396635666165383964646139363331656164323537386336363533396663393561373539
34366662363763303137343161323532656238646463313263336334303662633937313533643736
61666337353233323062353831376537306633396630346566353663323836643230393238633639
38613261613734636330636461393164643334393263353836616133363739623632623463633161
34376362366531653061313062636566393631343666356138663338633731343765623733326463
32353766393163666136333261366565383736353737646433386634373765616265366334363431
62613433353430613233356337646536383665356563616232643434396234643664323462326162
30363136386638326533653731383866393933383338383438313939613565313265646539663362
66653430353765396562373433303161336663346164316437366366656436303365656635666363
61623738393630393938313265386632633531623363326434613836323836666439316162353661
61336562643031336331623437343633366339633535323664353630633662343839623532663838
62323437636639626666656236653861636262373461306535663932336132323033336633323031
38316335666364343932306465333265366562323337333337626266653039643962363835306638
65396135643436396462633065623663313763643262383033343238386262363738353831366331
62383661373063326431636533623433373833343863323462323232323830373962643330623530
63383266613463626231663430323262383935346466323965356436336565396663326161363634
38633961333638653664633366383239383037396165343961633939396465636330363038636262
62666631656361646233366635333662343836643131393664656665666465383136373665626334
39353639623438373031363838643437623138383137326431626430623266646361353734646237
34323265663263313761366232623334613038336364643732653137346633623264666435323134
35613761383136666336313136643266336237336262303366396431306635306564303064626334
37396230623263653361373135646437323037656335356430633635323731376465633839303037
36643532646662383932346165376364333736333232613933373537316661613531633861336534
31333933326639373962363833626363316335646432393136383666663066623363313132353437
61316636616432633730643861393363626131633261633335333761373863613466343263613233
32366362373861303834363339393234386230643762646466303266653938396663623531306561
33356663663132356163363464393631363836353335393336333561636332626138393638636265
30353034373731356632636264373538663837326334383762356438653263373530343763346537
62623230326237343739313966366534643334353037346636616466326333616561303863393464
36333838373264636437396332333038346132376463373665626330616463633266653963373638
62333762313864383363343862333563626436326333303034643333346439366636353434356664
63353535386337643832643263366464353634643936313039653730626362643066356264663864
39326362383966623433643965396561303936616235633833313031633864373530646137663030
31626365653138396561376535636636326261353063353533303331316532666162383833666262
61323330316661613330343562363737663538353065316133656136623830343135643064613034
61336132326666323038343130396534663030383362373266386630373063663034616639373335
32393138396532653733326136656361363161666637353230363865363664383664353333313834
64636331333964616461636265663438623765646262353936323037383031656630373032386436
34613861306665616238366531333162303235363838646163343364363231303834343138313139
33623135643565323135366166343237316236326239373334653661633963653561623833373966
36326532366664323032616264303132633062313164656437303665373136376334646132313436
61376339643837313230623933303336363065373230303938396530383564646165663437393366
66353732643537373966363837363538323435383032316336396230323664643562356564343965
39343033633831363931616431353336633736643938623262633439306336383265653638343032
65346634356332313634663838373965623733343432643830346639376133663234633438643438
32613830646132613332623164616130633435623632303662336233383265653463383231313037
38663731333530373464313432353962346661653439663834336435616265646239666336616463
38333563336662656664306533366561313261656538363161633137333136356163303866613638
64393931656663313135613461323162656163306634363230393138326463303835353436363939
34636366303334653666613834316261396631373263656564306531633234616637626461373634
30393938303236333836643330633638613438623236373462636363643763613532646232626532
62343937656662656466656337663931356330376537343032333837366561356232306535353566
30323532663032643733366366623166356638653937316563343838633061663764653733316239
33353934646236373935313462623233613034313430336531353436623164336265636265666264
36333465366433363065373133386138306538666663393834393062353565333239393264396332
61613364373032363034383937306365663965346165366163383266636536393530666431383732
35333139383033633137316231343765316437393239323266323138333133336435393136346336
36366431633063626633323231386433613230623437333733363338316133643865363135323861
63353639613262643332313634363935663565613766343537323563656333363166356130376539
63303265616130306433616231373364333065356138393538363233393338313632363539356437
65303534616631353262613139616437373335383737323162346331313130363930393464646635
66356138363439313163393766626436646466323430356637663736346363653837626535383134
36666431643738663438313163383532616437326361343263656363623233363164333537363337
37346266626566363433323736623833623637663062346336633166333033386636323438346430
63393838393036363137363730373231663932633332373063383966373131356136383937383639
30643438383834646235613835396633373531623135633166323233326263623565666333343561
34353938326236653764646134626161626162633138663239666635616132376664333162393537
30313633626330396238336631653530633230616533323961663031323032333534666639643361
32396535303130306138353931656132666362336261393632393835373466333161313434633761
61373266356365666237383861643938656532643634346230663766613766353765626165666435
38383430613631353563326534333430656638383037333865646561623663653266623631323763
63663732393138376539356138373863366637363832393966633634396338383932663061373166
36363630313835396363623866306134663532636465623464613962663263613664393863373730
63643139366635343034636236363636373735396663363437386133303964373535326462663539
63666262303766653137363661626166386265666231316562353863653337373965353732623062
39376432646162626164643531636563366436623736336634383064366537316536393338303330
32626630303631313962316430303966316136376431613765623136663264656237643866613134
34646238626434613932633534386361373865646365336465333334306239356439303265373239
39653935363535316430633662353337313039343535363632333363396661353639383566633735
35623738633032666638626462353034303039613436656662393764336439636363636234313730
33313934313166643333366465376565656266653864613063373934636334386161633133346263
35646465643837306531643462396134643062323664316139343132376163373563366634666433
62623265613364613939323162386138383462633235396233343337316165653834643639663864
36646437336531303935383735373961613339316631643736313036343462366361636634626135
31623231616236333561313262663838363236623837613934626630326437373238333062383336
66313666336238636535353765373961373832363835616630313337626633303235343838343465
34363862313363616630366132633262393930316534393566316238316566633163656463323134
64373766636432376535303337333133346139653464613836326531336435316139643135313334
33343633323935353764376663323661636366313537393836306531303439303337613137393630
63336335343037633735373435336232623334393165353638646130323131306336343735323338
65313831323161333337643734633833306539383538326435376634393265373038353661396235
36303139623365376662303861353330636234393738343965633533333434633037393230656533
39343566313030396433623730616230636263336462373233646530333736303931336564666530
61323835666263633263363563303332373632613832653338326235333364646164333434633435
37613838383838343263353430656131616539393762363538346465623639663433313638626633
33306163373036343662363164396366346630643538396137633665323565346666623334313566
30663639616234393534313831366266393965373966376665353438613536373738303862316437
33363664663432336363646537376166346133356137643335653364353732323235636565643464
35356333643965356561313663373361633265653465326234343965653139393039313738663338
65656632323135653664626530653535373362323763323661666139323332613330333039313637
63613265363738356137356530656236663365623237666635333835306665306265613437316139
32663061613836613337313665666363336363666132633439396338316337643536376134316438
34643464396534383335383963363765393231363536656636626263323336313731653563303239
61663634353035353763316639383037343164343565613832373439393630623864373962316633
36383263386339666230636534333833613935363962363965663739613463633835373134383533
35623966666631653839363237356637333038636566306230346364636433313133343466373765
62333032363436356532313261393138636662383136366532353233316661663736376536616133
64646462616436393138353462306465656363313331366331636366333737633431643230303362
31383964653338326263636566653839666332353133353932373436626166653563336234316434
64303634656234326239616630633235346364626532663730376235363062306439353332636531
36303135393236303939393938656664366237373464323763633861656163323836646437363565
66323335396531346661353234326538636663303763353762616135663833363237633038613933
65363530643261656165396664336132636330623432633165363265653730636465666431333431
39633038646638316238333238303961666134306438306466383763636462326232313232636463
65656433306635383139663136316436323735336330316661653763643261613466366261613730
31303239373461613931353736623930353931363962383230323435616230666265363763636136
66663232343033353738393930363435303133333337316532366538306234653964336530356535
66373765396264653965643237666439646533303634386239646630646431613035613932303533
61616634353230386162323539306661623232366132326336336231643361656531643262633163
35303966646334623764353331306535613566373036666532316439346462663138616333373431
65383538323238356432386238316362303765613636386335366264303131303238363632643235
63346463656265373730313831356638616362386362316236323839646266366130653230363566
61663766363936303839653261393736333564313630306132373161333964616435356132366664
65303933396561313837353364623031613965323164643133643338656362393732636563323265
62623037386261656231373231346631303133303861353561333935663430343965346430393336
33366266663230336230386431343134626236306331663738353665303539396562386464646363
38363164343933323732393031633735626631633964396236306464356433336631386261383432
62616433613137323466383261303633316632613738306264353830393162383736346133356634
61336563336233306132653161393464323362653665386333363030356464656563666161616632
39663031393338316462613932373462613761393239656263643731373462653635656163306231
31613732643239353233316462373237393064386466626163663131333539393538396331336366
31643465366665323362346633636566356165383863363764346163373662363265633364626664
31363532613637346264316533333732363864316663346461383932333765666366663730303533
36313133623937623834323863616230366430366439303237653062663732633936383031383334
36663534323032383837346630646430653034343661613932623934346161363835336664356363
64373432363437326331623734383338343331393466363335646363393361633661616366623137
34616335393834313931343334613537366639323039663530663135333465313362316363393331
63346362663736396362393530646634343863363265386533343662663538316266346232353630
62626364643261373432653261626336636539383536363434643631366663303238636332396266
65326666326336323964623338623430313234343662343434643062346136363635626339666462
65616438303732663562356164363965306366643437336364373636386364663236653130623431
64313834356135396636373762643664306533373761376666393863663965356666663935633236
37643730646537316631613339643230313938306233333233303630663363343033303762353937
62306434333330383234336137363333373265336332383937333831653637646666383164306433
36646537393232623731383034303164633637343336363064393961623931336235363230316462
35346130626362663031343866346338333364663831613039663537663161386563626338303864
35653534353135376439643733653432636235343061653266386136623038353434366131306364
32653838626635306164663830363433306434383936303236383162643136626364613339626435
35613333313837373430376539356333336163643438383737346436373532316363313339396433
30393939663032376638383966373332633037343435383766363337363833346433303165376434
39616562313163323335383063636461633733363830366561626539653563613431396461623539
66616233333564663465366231383966363135653665663232633437313162646163616265343764
39333264633761363736663638383364333737633966333866343661343364333339326637323530
35353336363165633066633366653138666138626466646238613937383636306132366339373366
39386334316439616138656532623838316463326466666133623365393338656462666231376336
65643637633238643230393666623639656138383466633465616338396130623463303239343162
31363366333438376336333830646266666361303262373735626335616465363566356566646461
39356265336632653364363430376334333833393437333430313538666465306665316364353838
33353634303735643362386131326432653035363732356337316165303836333361653063373832
66303334306634383836386330636237303364343036363733373433326263386361343931633834
39666466336230333561646537373066303766373636393035656435363335643034356337306265
30363435616562636239613962336237336231366362373432343234653436396530376533303464
31626335633332376534313165663633616235353430633166393866663962633636386533373366
35383737323438643130336537336366306265323735373533356238653235333062666630303039
33323130386331326263333566313861313238383233323239323161363961366666346135356133
34373239393238373734376362373635356539653934343761613036363931353239346638336564
66343730313464336434323031353732373666316330636639313361376663363765353762623337
39333839663734613133616435393165613461306132343764323461663266313061313034613034
39663330643733663764323639373737376163616465316663643733616638353966346263623437
66323839343464303365373633336431363765653536653362383066353330343766626162333961
65326635643338623834653037333761656165363665393861663231336533643634313231356338
32393339356635393833643231373939306162653635373437306365383465356565373432656334
36316265306362316263353665353435303165653535666636383030396262343234373762623237
62636331396464643061646131323534643830386530623037653031616630646135663836363564
30613336313338396433333565656333303763643030343631383433663836303730383462636264
38613764396565626536643363313931303336313363613166653864393136613266326232636139
32316131653338303830656234383234393536306631306438393830346433386361306165623762
34623530333239623961323861346331333337343063663232363134653034373833363566663337
65623337373237373233303162663662373637613365343462363534643865653561366534376264
37313230353338613338663138366336336438643662306630373465393130633563386462346437
63316437343735653134366130633232323437656664356133343765643965326637346539386531
61663132353632303032616436666537306631363534663863353136393965623039383165346439
38333565366637323837393563383863373961336635386263333964643063626235616665373165
33643063306134653137376130353537326665613839316662333062366438643330663830393762
38316433656262656364636431343961303064393130316534396336323231383335323736376363
38343066326336636166323733346365326661323934663731336365303433333136636361376561
34393839353134636137363237373637646338633865636233636538636634313561383263343733
34623435636565306565323137633734613365656161613463663736376131633830643266636638
65333262393862373638383263646135393862396533336332323165653930316336366134613734
63653338353734616630336436663934346436376536623765633332623138656631353838383166
62343334313835393461643564363637373630343666383034313565346335303536636265383165
63623563343237333536366337633034306132666637353537333964393530383634353634613564
34313962313562643336343438376630386464343962346436373339666431383939653031663465
37323661303363386434326531616230373266623239636562363265323661643962623464396338
64383362376262623065353161363333303566376237616430303732343534393361396131366537
31646539323666653964353266316465323365663365356266356530303064646537343662303637
36303037613436633731666564356532306163326662616133316164373138393530333239313533
61623938663463343134653636643664356231303339663536666431333239653236663033323764
39376561363335323236666666323262356233643935623066663331363334353561363464623566
65373464613430643232303363383364626561386462616233653636643262656131376239653837
65303735363138343965373237356530353930343363616435626336653837306336366531396233
38636338656234336139626631383635343839613433383137666631646466623035343132623161
34356263336431306563646361316663613732653331343964343538343936353939343139343565
39333065303335326332363337356432386132653634643663343038353963666131303839326637
39653366373664643463643330376164333032626232366333343739333030366262363861613236
39643666376365663163316531323161353336646163656564356334636635666635356138303763
37663633323335393566666562623631376431666566313864306537666637623134646539313232
64393761363632386463313639313361613131666434623139333730366639366265373634623235
61643330323331326336626436653531633961343931343635306666633233373630373662343631
37363861303566656433363634373535346337363839666463306466623666386664366236303032
30373365336334643563333464333261653065663662383738303665303566633539636230653133
61383865666435626438363765623064396430316531326534653465393866616234613064616238
33663666393734613062633439613039663532306234333431613264626464323238323434383864
31636630643137396265646432623431333037303236626432343965636532363661343538653032
61333335616636326164656361313230383637663530373061303537653464653365373464373465
65663732633736343739386461653632316637303730376464333037386365333163303239393839
61626236353438363566376433613932613532336566643437396134353337656638353562386137
31333661616265366330623863396263373162653866333437333439346539366664343565343361
35393436646333313666373465613136323434383835386436393736393130326331643436663836
65636333666665356632613932663735373937333664303833336662376439343837366333666232
39323031376663363437633264386231323531366638653935613932663964373234333065653138
37383539646235346433666537313532656538663839653965666661656337393834303966613236
63306237346332356333643134373132643361333430666139383161363730373263656439396138
31356433636133376338653832383730333763306335616530373537613763626561653334643535
65616464643061363461386136353938376236363263353032656633373764323532656234663635
32623132336364326364626530386663613962326537346434353130623631613632656563653863
38346531363063303133323832343230363439316135633861323064663430633930326164623761
65623034623662396365336134396661663931643665633430366432383963663033653835306532
31613334376637386634643264666139393237626131613131306135396533616666653366343231
34656563623833666436343633646430353065366164616166383130333664363237303538393335
38323432333237316436306435383230663237343162663338313563336633356361343961333866
66333662313332363662366666316534633936303631656637333963373366626437366163343262
66343166623233356636336132376531393633613338343234633765353964366661623431656662
30393363323666663363306533623462656533333538303939383065303630646630366130386636
31613263656362646236663764363839333035633239333062636534373231643435323935646263
63303832323939346332373437396437373232613237373138303233613366383761643532636333
66653136383961316232343666323439346161356638363630623765306262343332393433306633
64313964396166306236383832623637303934666137313837643331356466633736303238363032
32303033663936666465643166636434306331333836366562353839383065303534613634633361
65346237353239366334396434383064343666306237306531393165343130356633613965373931
63316236353765626266346132633034303637356539623337393763623863313031356239666634
31356262646364626634336236383063643663643265323332326539313734323366383833353635
38313031326630323639666161306666613131373134393732313562663261646463363534326166
39313034636262623534656230313832363531316566663231396661353032306136613861323937
30336266343632393537313236646438653231623835616266623965643662633235323937663130
39616631623166303230336134393632643635626531666263623065643334323263316633643033
30626237653133373964383934653061663166653439393866313231633437643633663865353064
65376365396635333262366136313632353335343366323230613334633236613066316164653137
61396462636335396337646239663235386139376637396663383039323336383435313035376334
37313565313165653536383232366266323665303861663638303865363638613238313562323664
39643263363065356361643533616464643732386662323761306263363034616337343436383661
65393435386265396133313535366632633166613566393363663935613132376539333332613130
63393438633362626536653164626463653565393736333865633738643364363334363466313835
66653830333033376235623838633139373236313966346536633530646439663062663734633237
38353036663466333165663139393136653663336631393935613866633761306537346364326561
38633565386132323362306438663433346161373761333030663036383264346532616261363134
37323064383138623565626135653366303063323635323035366666626665303839383133663034
63633562303264643263633264646662343738306264633237313161626237343766616566666266
33336361393937646532356632333739646237633130383233326330663935643031343234633530
37343933643161393461366466643933313138373136626265326165343465636334656661613431
35623233343765306564633231633664346232343531313962626632393332653333616564373332
38306536613163383465613162363032663239653361313439343130356664663563393533376237
34333537353631363761633733396133393831656437363638333461636130333163363134323636
32356462643231646534653339633939356466346265626133613636393266393637653364366566
36643936653935643066353035386538343662666237386332323332336366373636383434333561
66326239626131616362643064623333376436623837656365363562316231623234613032336165
32626331303332313966613238353434663766653463666333653361333265343061656161313434
63313333653733653234386461353935353635393631353234633261626239653430303762646466
34653437313735356664306562313766303135393561666336323266376235303233643533383136
64656363333265376333633235383563313137306435643761343231363766313263326533643530
34666431393939376237343537376432373737356431656638306332663166383032653763323836
37636430383336636535353938646362643338623031393966383161653638303437663631666136
65333161323032633337383437643030663438643337346164633730363538623439393137366631
66626261626366386161393037323465373234663561616263383637633431656538343638316535
34343438636464393035636536373538663836666136363335656439366665653766653431326139
39613830363733376232353936353163326137623037663965623632343930643830366134333038
64313537323162653134333134313330326635313334303163303761316535333936616537343366
34383137363432336463303031333332663263326537313064373237396231346534663634383933
32303437373234316662396262373966626364663530633035326439333535653661356332316336
30313437626436623963653036386330326261306663666164303139306434363532303365313432
31356361613266383165666262396437313631633363363465363336653364356133616239356165
62373162333637303036653937356331353838333535643062633536616662376561353833666363
65653764333761326538376439643130363530393362636436323739356338353863636563303665
64623964383931396337303637646337323863626336303766626432653131663661336631393130
61343764653065376638643837633265363635356563343466383238643339643432643433356163
38356661366234386234353930316462646665613632653765333431623230346234646365656261
37623864646131633066353739376263313361323835323563666538313361326265653230353264
64643365336264663431383562643439386166373961353563353966613733613635303162373465
61333933613834613035656231326534353263353464633232353339363231616330396561343633
39303038653537373363343166653334663262613932366664393137656531653831316134623164
39333332666362356635336265633536626666336339333134326635393265343162336538363734
65373039623666306133313366366265386661396138383837343135623865633366373433313164
65616137396534633161343830393731653235363561376166353065383535393736333932346437
36383638313632626431396231393931363433653936383437316435383838373639336631393665
33643666353435323132343031373461616232313638353436646534613766336466346131646531
36616133393139316562363163333335623036626665663264613037663737646630336236333138
37633561626231336664303431616364363138303638353233353833396433636539383233653963
30383664663465346434333866313836616331663635636239623365333230663738353033653839
64353265316161303262633436323063366331656135356436633530633062633265653961373930
36306164363835333862383761376162616430613762313231653336393865336161613635613438
30626565346563316239626462616434323465383736633763393162643737313463663965353563
63373163623439343237383531303164613932656666343439353330626137313165353862326637
66326234663266303433653839636336386263306166373537336363353061393362336135633565
66623736346161653432373435656237386232363231663637303464653938653435383235656232
30306361306530666366376564396531653265303836373835656466643130626330346531633139
36653332373763316439336363356231623031313262653332396137383733663964393034373437
63623132643239386432663961656364306136666238376233373532353332303539646135303534
64356462313232653033663631626638333266636163393536313962363532643430366231616430
36373132326336363135346662333863343265343733376530636431356561336239323436383731
62653763626465336565356130396539376261303633633132396538386662336230356538626539
38663037383132323666326336366563633131306233343333653962663366343737353037376662
34366366643437373433316433393336646131666663383162353036633565363639386364333231
62376532616538643764326239663936663165663238393561346533613332643935613261343835
33353933613532366534343261313465373432663337346530653730303965373766663234333530
32613137616166633730356363306239633965383935323230656132396662356364323339353866
65333430643835373636336164626635343937666634306166393638663062353466623533343463
37393262323763353161303231653338313233376437343432616133323835373732353364643632
37616266303635343839633030663066343063633365623930613763616565363264626664366461
64613561323966343562313238626534386135396534633835356437313762363333366232326135
36333536323263353064623237376266303163643163383137393766356565313038313230306238
65303232303936356336376437373461336638303331326435386132626339346637393761613130
65346536613132313364326234386666363464346635343138383362326330343863636464613139
33333462366430666638353039306432393565303663633437306634623463346535616239316236
37343762626437326433353136366537303333383230656165323565613633393264336665323630
64366432383533383466343839323536353938353061386530343430303938633339383632323435
66393236643533346664613934646334333963383838303131323162636238613162616630306337
63633039646564663033633761353333383337626139373139346237323433376464653266383761
38393130396332663963333031666631633663663138396236646363623163623764626463623033
66646439643730666135633162306162363933643936656464343336666239643537636233373437
35613664623065336532346563396134393836613665343230626634373030396365376231613064
66663061396530386334323436383838313734356463346435653437303935363230306131373536
61653431326162653332346137656566356436343364303139383563313564306133373835303562
36636265613665623262326438303135653665303866333463343762356531313832323338313861
37313436326264313030643131396133346665356262316135383135646461396462623536646663
61323131646662323837663665636430643437346462653535306262366661663666393265646135
33386332633764653561373365636635306334313634636436393462653065363934653365393237
61613262373361633465633061386630306332666433643637663439383838333630373738336231
33363436356138383131363337646533303664313462346334313831333361383466626165643231
38323038666433643036323931303934666662366262353764393765623133646430323731646436
65383365386363336363616337306637626137313463316332333938323936663962623133303562
39393130616434633264623632306338373730636230353665663737343637323064373235326138
32653136336363366463656537613334663365353735363861316664383962333463303330616466
32326431323237386135626565626165376633343236666338316464303066313766373632386566
39363030623330633135393130303437653136336165316330633132343361663934363030636630
65316633316335616562663738306132303534663335303939643733306239323534666663643631
34326434336538333239363232396236653464383462323933646163616231356436313863633663
61376232386337353362666238623362643136326662613631373961613437623532333134653931
31316461353134366138323061666331393938383337333038616630306536333737396437363465
33623363373333373963633037343164303334633462613436363565386662386635356164326433
37653161373632613031313832333332376334626433653431373235383437303964633837346439
61333461666238373933623463326232313532636533633261326539383861636238306534363464
32323934666665333339323962396339613930386533303062623165343263353962656666383339
35303661373864663733393464353334616138623564356539663434666266396139393338316166
33333063306137363761633437623966346637393232326333383037613938333461383332613939
38666338353237616164306439336230656666363861616162633663363065613830633863323166
34386638663639373166366566626436393534663738353065396236326435643035643239623961
39336365393338376665313064633232346638373938353338326164653730373533663261376331
30356530326330383132663163393634336130316232663564346666346631356231386632633366
30303664343936613965353036383765303736323731353736326465663137323464323061626664
36383737626265366261396535326330633834323463356539393733666330343935616132656234
32386362653264656265626432656533313236333030333761306637613439646139313238393537
36316137636663666364316165383433633238646139646439613266353631306236613932623135
35353361386565323937623964306366623636326637393862386233623964653061343561336564
30663031393437396365663739316134313337623738636135366632633965613963396666386663
66316161386138323964656261333731396439616637396334366563363364626431326337303463
34386138303631346231363137383832653235666636306136313062633036666463366564366331
36633332366633313637346232646366323262336331643362343862623031633738356530366662
35353035633331326135633762393662653665663261656263383233653433336235353838333836
36373464393035353061303339383562613636303233393863653839393035313066303834313331
61623566353939333063363536343661663361623863613138653265303531336434623663326437
63383538353532333137313032613331616463353761623239616231616639643538643466653235
32393061646638613434616239363864623263376536623464613539366233623539636230373866
66343961613538376361313837613538306364643439313336626431616234623531636531653837
33326466333132653564313935373732373765383230643535343536396666316334643134366563
38613237636631633037663565623238366363646236653665323664336163323661623563353633
39393634623338643766336331613136623761613762616230363037383966613739636535383065
35303434323633373135653735616363623834663239623331323162396432363663323464356561
32333432666139363862653339656634663437316466303431646265653165366132613832376331
65343232373664613331326365396130396238346638323936663831663535316665303837333135
64613630623632326362666163623639356439653531326163306432393565643735373131656530
66386664303939616131383862336336333962383732356633643832616532333439386563613133
35333939636361376136633361323830666563363634353663306431323036613632373266353639
30343564356233306134646337626438646131323933646161326338313737366330656139373930
64323336343035323164393662336439303035656438616361633136313338633263643936373030
65333538356237666635366438373865396262363534393362373562323661313836373230353038
61353432386633666666666235663935303066396632333562353236646265376266326665303336
34623165356336616439393130636336353063393666303366656132316334666461353239376563
38393065333366653638653937373462643839303637343065653462313563353233656632396166
61313738663065353836366265343739383338303439333265613838383938636434376462313433
63343563316462653863663238666266646665313739623131343136663837643937633164343264
33666133376361396634306533663862643738653363656166366666383633333238363963346238
63646361353731386337613336393831633537306436366461613866653261656634396363636231
34326437366533636434636434313737616339386631396430323630626137636332326431656438
35663766633061613732653339653930313261643433396637313962656264373936313133643034
36323935623430313139353435356135323338663639663563326332326565343736653738386332
37366232316638353535663338373933666366303066343833343237363762306537663932643037
62613734313232386562363133353665633835633635336232346535633832613661343166663561
62323565656338313137633931373531363634636235393335643538633735643166653461326635
39656234393837386136653830343834653035373633646533353166613031373733373563386132
37383333636139376233343533643761656139346461313865363338633666366438636265613732
32393365353138313537376335666238333330396436653534393466633761333736653764376335
62656232343639313464333638643863343233353232336366306138353865326262366531616236
33613933316163323835653439613636623966376432643163636332326263653862646361333636
63613063343665616666633365646433623264316634616438353933663337346361323063313165
38393265306539366231373833623933376663356262396264636332316238643338373030636132
37633565313837323232303434303034326535313061663266373338363533653537363862393261
65613635626461633739373632316134393635663039313962616562336463646163343734336239
32643633376533366163393366313830373865313732633765376631623964363232353662633166
62333531353033313036646538373866613761373637623832643135626131373830383264303463
39393334653436346237313963383263343034326262613963363563653862623166313536383364
30306234616464616439323135613366346337636466646636303739363265633236356662373235
35616130623763393266386666653633363165643930353134616366623965353238646331383436
36393331643662353236333165333030343362303132626339396635373534653138373566303161
33623464653534386166643863373436316334653733383434313462333739356139646639336237
30376362353861396364653065376165633730343661366239613336336466636538643361333561
30343061336233656266623230393930633366363862623430373237616439653064646636326532
31623265326166326263623839323736616630616561383561366266366334323735663166376161
36376137323035626664306236323632326638306330646531346336653036363335353639363166
37386561333739383236613964633865306539313933626262336637313864623332646139306266
38353432313466643039666637656634313862396334333033633239636136613263633539306463
64363431663932343664363762613530623462353132643935383465666361643632373334663634
37643533363166353138353266396437353564393934343639393564363338373862373230653261
63353162626239636536393937613766373331393766666131343837383038663931383333613866
63383836303466616339333431336439323261623437373134373264313366353530323039313364
31373132383838313531363664643735613439323136353338356263383837303331383634663264
35396661303139626632373233643437626636653964643836666439336566646338666366646533
38623236353233616438393666353933386163323066326533643035663763356163626133383431
37333031353933323738623563396234666634343830383566356639623066313734626432663539
64323937663132326363623339386164393464623031323565633937383436313538313836663266
39316532323430613538306539353865306465666436313462383361323430663031373134323862
31363036363432613534623762613561656265353463666163303431653865663066636161356163
36333531643965643831366330393163373534636530303439346133313731306432656666373636
64393034323463373661636232346333643063313366613437343463373661353039303635386434
31363030663066653837316262353064316438346132363530613435363435623037333231386230
62303831393865613065653266366132323163656331313633313561363337633035396134653664
31616261303431383730333437313431366332363139653763373064333936356230366232663234
66653061396230313736303765316463356130386635633663393465353663396465306135313131
66653139353638663531393361626536666261653935373436376161633635653632623566333163
64353530656634346134376639333536646465346665623564636361643631343937323930353731
33633137343532613338303633316563386435316338613162303639653336623264663630643930
35383538666565666531663739393535333431393061653031396335383366626365323637666230
64643339653031393432373832393661623466633666633062386236303431613765386532346339
32633864323133303061373365303634393765333337646530666661393861333538376563363739
33373463643163363235333332616661383664366662393066386238343839376634633539643763
31343131313631366639663239653263346265613162303634376330316265353239356534626633
31373461396162346466366561343634373137366136633364346533336230386237306338656563
36663636643235386235396366396266616235326438376139326638613731646530306634653138
32633366623964373562656133666365656464396135613936613333346162356463363537333866
65366532306562633061383163343433613830376130373166616235343338613237316363653361
34613666393666323537363235343566393533306437316134363830343233383266356431643038
31343832396663633163333932643232303534313233666361366631393963383739343136663936
66646235313864656566393863306433663632353330376163653462646435363432313831646138
61643562393338343933626133313265386535656634373766313536633662643335343961626262
37353631396665316237323435353465643463353338303664383363306564343164663132303562
62336334306332363334346562653037373739346337643139383534363639393162613161386361
61663164366333393736376439346538643439653135396236656537613537353765313635356163
32646662653061373661383866323362373236653736303161363633306133653738363963393233
62393333343832366563343135653737346362643539313363346565613466363835356133623334
63306132383937646366316463396434333634393461653437333137393230623730383762623432
36643861373633373138643837303433303161653539376631356133303830336366303234386434
63653939306638353161383166336436636633666165386237656366376636363464333965653035
36386163323763643838346463343465643538383165333564356538363130303034336231326432
34613364616334616434303236386135636265336337336430626334353265646334636466363834
62343633393163326531303066383536646662396537653764393832303734346237333764623436
31343333386133343161346536343533636537313837366438626461303139633433343734313966
39326264663230333932386366383738363935383164356433336232333366626237313662633166
62353833343962313765636339663432303136333837656439323831653834366435636263616561
38663265303232653031613961326263616135346337316466313031303832653330323834386361
32643337343937333133393464306130356537313532633535386434626335323537383862323135
61363538623931396331363937663537306239363464363939396263636364376364393265393031
35663232623563306536356537313239636530343036646437666530666565393763653665613163
32353830366435646239396536633637343239636630316230646331613033376535363766343334
61316165633962656334326437363436663362326635373735353136336433613134383537396233
38326361373033663631323966663633616534616566626162336539633632333734613862313835
30626639383863373563353961373138626337326637333262306332616439633636383131666564
62333964356637336563363136386138613662383965393730396262663238643836326665373037
61373863393365343063333530313665363965376633623032626264336531356531316234663463
64643536373263393037323834636666356166336538306463643132663831376162393231666237
33666431633530306230366537336638653233343833373933336331623336343065303439346439
34653662376162313936636166336133646436336662316535323939346433336438616139643065
61646537316666343430376362613062383934633661333631376336663662343137613463323430
35363862353234356432306461323136393735306564613238373862306464653765353361326339
66383034623634643762613063343035623363323463653735303766323239316534393134373632
37336263633137326165323065303330663034616639623038356530306137653836376633373934
38366134623963386464353264633264353264623337663838643332666537646639366662313739
39373134396565303238343761636137366334663032636534353034383361376430303564633533
61623864366361626138643033656239393961313635343061326661633139386333393539643733
39353164306238313466353363396637306630636132663462336133356337653561303865383763
62663533656335626337353737323939383537393531666534356566343232396630353261393938
63353865663537373536356138353132303331313161313334386635363261643530353863393364
34613930643133326330333736653166393835306536386462343062333166653065326239326532
38363130633061336432313963633132616161326432353636613430346131393763386534356261
64666163666136633562386263313762613661326463386439386134343366316163613231653439
63356365663465633537303135623835396336353031313463386535356663393234373061633332
30346261663934376666646163306562326233303035613132356433313061656464316165383338
35333038306131343633393162363535363738323530316534643932333739656537343837306463
31306335313736643337643764323261393062653732363633663265353261386435343363653264
65343933653761666461646339343434383631616262326363323936386164353963333837363162
32353239393961376538313235373737633530623330326336373538326639313235616338663230
36663134323031633835633136666161626237346233616132366266613562656264646631343461
32303264636565356139643063313139316133333532373561386439366338376135326236393133
66663332343634623438313866333166663939333365623738356566316432376263393965323537
65306461373666303436613762313735616432353532653462643830336362623630623036643265
66323834313963313964353233663233653366303134336361373866346164396662336133663165
66646661386534653561303538323536393736346166323163656232313133663861316662373834
34666138653138316566623230343162656239313163616231313835386439313964306338316135
61666266666661383333366264653531643439333161336362663033303966306463336234636364
65393433376162373266616161343235346562626138343133636234373365636134396464623034
35646331666464393635643638613639623761613531323065313161376435373838643665353335
35393836643361323364396634393839363331326238613366373134383963373534376433343735
38373365303565363365336339333263303430636463303139393962343632363939653936623237
30303161333265643839663562346431636334366234656330373538623533346638396261376166
66323863363332633234323836323366373564306631306263383833343066643635336164623364
62336565366662613935376230383564333666333861313166626630616136363762323333613032
30643936663761656161643539316365313737376135646530376336343561623935393239346337
36623534653238653166386136383264383931316531346536653039303630383866366564353237
30306232626533313765313234623961376235623133653866373338613861393031666464323365
66336136653532363839393631643166373537633064313430346330376565383166396631613534
39393635653231666266316162653833653534306234306436333266656561323330323339386636
64343062633838356634653066633335353136396630363235313162663834306663363334343333
32373831613265343135303465633565376635656438393431653164353735633064666665663862
32333032623738653232333336656636666638366235633063643265353231343438353038336161
37613430303236643435616339316138623161346633356164653866656133356432633161346535
37333230346561623036386631316533333839343131336538376636323866313465333138643931
33393434653631336132363337333639346437613739653263313266366334313131663136306632
37653337396238666264383264613462326636643865353766383436313765616133333736373333
30633535633632333063626334396430363061663937666139363635363430326362323461346632
30363738616661313936633439316238643266343736306561383339646335303866383334636538
38373839633539663539336236343462373835323164623330623834656232326166653832663935
32303937383165373338306662653738666463346433613836383230366135303231383034636261
63646334343132373865666366653631653436613561656437666237613933323566653732363264
65623336633033313433336365353666333636623432313565396133326430666438373162663230
30616534353730316135633633383438373031313533613732346663333536356363346530353930
62373732313939303431633064336537656263383837646131316239373066326334633638336338
63343836666664646530613230363762313739366430366537653736353936623931346333666236
35613637396463386337653435393663356335616432623837373331653763616235636538633431
37316266323634623366326362383462613061653939316265666130643335646132316238613362
63653234633531306438393733643265353562643831313662373436613334633433653739366161
33616439353065373035643638633638643634366134313331663861353766643761643166643337
30313266336134393766633233343864303166363862363430653938303866653763383066383134
38393730393837353339633863363163323439393033383531383938363433663532666335373036
30636230346633613537623738653361333336636164656135376265333431376238643831626137
37396230666437353032616533646534653339623131366431376631623437653630613037383134
66343363376138313238646364323062383164356131353937333736353636626430323639376565
62353538343838653239353662333730356538666464363237356237646130383562313037303037
63643463663736383631616434383336653261363363666133653861613331326639306336333963
38653532376264646166643265373830313735363236393133666339393639303637666235636138
66643366386661353164663936326666306631633732333461653630643935613865346332393336
31343937393463346665643133316635623636376539623033343430666132356365386534653231
61313839356134623737303261326530663331653861646631313831383463353632656438333061
66326165303134376361343963666564613134336435663332393731336266666463326230333735
36663234313934636531336536373636626631333462626231393838393663643739633830623735
38626638316430616432656234653636613762613962633831346337393936353838356265356530
64323938366230643430333837393434643538613634393230633537643565333633376539616164
39386435346137666361303865656532613239643262336661333738383136303964313439373231
61666463383865653039663739626466623033643838343232316539343365393233383738616631
32366166303939363164316535383336396335393063336465383433333836643564613137333134
65386665623834656533353935333130663539383334323238363861306666626133643331373830
34303730313364633539313361383936663664343939656435636136336235666637396663616231
38326661633565346131616637653062643635323462323562656338323332376235346662336535
30623336656364633063626636396331393633306134396666636162653137653338613362326539
36653335333666663530636561636234356666363237366234363161613461393338313862653333
65323462323764386666666562613065353264613865386130623332366436316136663131336166
39326636656165366531346338366434316636363834316138633863323964663130626532356332
30643661666239313831383836613065313733636533313737373533633438303630336239626564
33303236636335623331663134393765366531636266663565333530396139373362343438333833
35646164336565313737656237363936633632393435346561313838633664306666313134643232
30613539663536653535373736386234353734393633666334376563623261376437383865313530
32306631336138616131626436353361616336643262336263363737303430623565393636306635
31633465653436383062643862653563336339623135633432396133353037346266323730386262
38363565616661336135653536333363373936363236373839313738613666353862373337323638
36396366646666333266396263653666653765613937393638613138343734333938353964346138
34373230393135386266653935643232373663613432353734396537336233653730343362333131
33396435326566326462303032663434386262643362313865393138303466386438326533653636
30366337313263386535333538633365643566353961396663396234643134616161383637663037
31333138653136626232376364653466353232393635653932376262313130393835633533366233
36333839643637353632663939663934313837623131336366656530363336666130643163396332
36643236393338326532316237633931306366653363363036323634323136333639396665653330
36393230653862396335313831313330393936646639666232336163343635343030356263663137
63376332316434376166643163623138373137643231316238626232633963383531636265643165
39633532643538653630373062363537623764366432613134353037663266376230393064306637
39316435366135346564663164366439393265336236396230653664386630613166613430643635
38313236613335386561303038343933313838613266383239336664333430346230313062633634
64616465623737313232306664343837636533306264653937633765383936396663346435666366
37386364306438316438363534313861373730396332353332353463396564663038656337633736
33386665643732643564363336653631366535326638336130333062643738303465396636363061
65373232323833353164306232353131353364303863323161643233666330633362653066356136
38393330363364386665626635306231643265333063626436346233643265396164363334623236
32346263343232613332653837313234623830623364336130346166313239336437623433366439
63646562663938626339393334316165626262383831633733633663663366343732343139626663
39353665633034306464323230373234386161323734323730303633636635373466363262353135
35633834346632663830393637613932396634336365303133333235396264666632306235666363
32386332353666393133623963303766663265336461376366626339303239393466643562326632
66323730346265613862343362376565343339386135373136323137376265393064356530346539
62613335643262666437353639326632393262643236633738333637623637353566393136373236
34326265356331306130356538646334333239643932316133323133636632633039663833643737
36393465366231383464356463633338333432303238643134336539363633376335333633336564
63396537393163373733633866646630656365376265326130623536393965383763626638373363
31333133363365373464303865376130383132376439343834386533396236353234393239643866
39653834333938663937396665396136343566353637613237363565326563636636653835383131
63633530626135323761323037306666323261353866616231623730626136663230363233373763
61393036383466383235333034633933366132346261376165633431346139626530316661313065
35613432333736333961366533363539396366376134366665313837333236363533643038653961
62343664383864366163653535323861626237333931306563343264313732643030633061396634
63623061313930636537356262386166303631333263653962303231346437386439326437303134
64393733316232303832656565643061373463323131336538363237343962353135376662333332
35653763386363396131383334343336386135633733306464316135303938383036373834653731
32376334343561303336396435663865306330316232346531643136373634303262356161333433
62336434333964336638303664353763666634353431306631393532323162323730613936306263
64333763366431323264383139653439623834666130346235343138636137653230313930646366
66393036373439616539333138646466666163623638353563313930363362343965313563343439
61303633383839383832643932336630396438383163643837346133613364343764346631306463
32373862346166323033613331326462666636623533336337613737613163316234303464396532
30376663373237373664393164373337623564646638306333646131653366303963323833373065
62666639633566373030613638333033333933326262353633316633643039383264323030346433
63383966383566386166316364366265336436343434623066333339373863663235313433663737
37643262666237623035396135326334663964373765623232346330396264663037393466356361
31626539663934356238333931663130666364636331623132613664613366323232613364323865
62643063313937643134663961336137326435386364326232663139356634386634616166363562
61623638356138363531303764663230646263303362333264396336636665636533373164616130
38363931323161623431633833326361626337666333616436323536623632653734646366353831
36313939663662343936326331626235333561333437363930663463616366373134326566363131
66343331613938643063633931363139313766333030623165333365316130343233383439373736
38616164656364316261353436666361366535306533366130383062653865613130326236396131
33366636343936323639613338383163313662383132316634663966616537383834356235333135
63326666633065396566323037613937333162616638613563373837373737343637393731373031
31663166616439346361346634643930633531623236383730383737343533623530336165373466
37393532333031313533666664316137306561613234373938653230643039356462653534656136
32623636316639303762376134373166643661386231396436323766313737636336323131333064
61646166616331343562623963376630323434666364363630356531336265346661396432646134
34333366373861613036373866343731636662653533636338326237326238323636613066396235
36656465643636386539623736623666326465353130386566306539663766343463633566303465
37373461643032376463363738633836663730333939393930303864333934353539376462326131
66326138613661323039363632383736326633653935393432343564343538323930376164306633
32353835323236313366353133633164303232643964633133626563656464336538633536346165
32376131666261376664363465623061643364363633353664396666356338373233343264646138
32643363666231623731373235343131313334623566653065656230636134653832626138616639
61396464336431663937343563363835623037386638323365313065616461643364663465306461
36323339623736623463356238386561623764373736373530383932633335646133643763663765
64326133386236613536646430393836396332333966356636313934356339616263346336366530
66633166393963633061626336336266376165663966626661373735636333613330333966383963
34663133396264613566666130653462623531336631663539366538313038623334616436333033
62663133373966343431626534663265343330646339383830633462363166383331303161616633
66636633626133303730353436623933313466653830303235663362643831336536653435353434
31303630376263653037633631356632393636633333396330333336616133393332626630633338
37343863383966636335663432333865383336363631626339623531313765626630623434613266
33633764306562323561346330633964323764646166366666663761653937343937363235346137
64643732363762323635306533386662333434383363613235343032366631656332616538363161
35623462343430333939363135383433383965323733376130363065613233633737613066393564
64663466656636656639666665663733306632323163343862666430336661643439666235653538
32383930363339363064333337613734663630313365643063653363613037616463623933356239
63346164636331636333353462366330343364343666353564666535656265303730316538613639
37383261323862663066636336373138323334306537653833376361373432386230626533613034
34343665333364396163653136343337656630663262616664393361386236383463396139353663
63363338363236353233393638616337393465356662663230646230636462353031373932656636
38353633333437326638303733383830306532613233663061613262393536623761363132396239
64656132333161643733643532303335613363396265653739666364336335396338366437373063
30353335373631643039336139303836313762393364323662646165663333363762613238633134
64363334313766326537616566356461306438373262646362316638366431336534653661323237
33396230303033353436356562306531383232613164396131373532363530316661653664343036
38346139653338656236656565303038613562346534666433326337613862663161363062393936
33303938643730666362666534336266653633393166393935656466643134373062643030663339
36396530306638383130303034653136366332353034343033326338633631613434333866323932
34386338626464626262313034376230313735336339646231336137353664383730643735666139
36346133386237356161393437666637366165653930633632356361366339653231656531366134
39653163323833653132363539363163393430303034306533343263353438343235623961333630
39386539393061616235663939656563663039366434373633646561316336363466353164616131
65376538636464366136376535333137656162626365303737643566623632316235366463653734
39323561363431336262303066653737646137393263663636383561666531326130303066363436
62303838386231653464366137306134633238393337313531653637616633653466326566623134
33626632353931333864376261356266356531376230323437653235643333666364316233316361
66333363343266653461613637336634343361613139663864663133383164386532623839323239
62306331613931653232383562623737633463623139663533646534386338306333343936356363
62303836643734666263623437353030343164373232633166393230366637393665376337346132
33363565383164333663383234316131373636323166653331386335363033623736306533626266
36313563346562316661353065626135346339343664616430656564323636333366646432313331
65633764653537303733393937333536316635666437666463656237373935373033373863636633
36326264663932386165303031383866656339383232663930386535313261646332323133383362
30386233656135616636316434623161663562613230633665373238373639646337333731306561
35613130623139306133353731623130376365363534376638356439646232623030313464656237
63393437636334346335343433626662326166636537653738616234663132353864653834393063
66613561663238356530336662386634656461623166393261366434363533363036656263613735
63363831343363393633343366303236333136346366656163643364393265366261333564653532
63613563343363323266633864393861396661356262333332373866386263343039613061613965
32633134356331373361656434323833666435356536343166363435653335376665393562613531
38323539666663353238636131656335623564323864616461636161666135656434376237373237
66313233386535303466303063376436616538353630633963393363376665326665353061663133
61323630346633363163316562623263396337663435616361646635636236663766663733623635
30313438313932376661363132663364386363396531323237623832316537643530373139343564
30613762653762653631303466613862613562613238656333373830616637666534646261323138
39383065373132393333393132343538373039386235333430666236396138656236653932646661
65633034626330633566616262386538306134303636643434356636356430353033306132386362
33633631393235373563666162346663626266333233643334386263333865376463346236396161
37613662333130383634663462653331353463323738656665666361326132393039393664633761
37653739643934646263613933663435313430613362306666326430623137326665656166646632
31336334616335653630616231396439383337313430346437353661666565303731613839303539
37363034626561666163373965383932343635363239383763316231346364363937663736653664
63613061353065666632366363336130393137336436663333633236363934633035326131303233
30386366376262643832353966393632623334396631633439643939316437346464623864656462
38666331383634646530663466363733613965613231363037613862323037303737326265383535
62326562326539346538613435386238316536663033313062373232376663323566356265343931
37383031353963623433376561303163323832333431616234323936666364636438363231336430
39393739396137343436613835323663393765643037336437336436393562326666336239623761
65643836353130366137313234653966646130323063613735626331323639303731616163376366
61663137663266383564623965616162303136353562323364386131386431303863343863613437
61363865303633383561396138666336633264353765653363663536313734643930653537353631
38383436636635663130363866653330653066393635393963313433643430306538393166373330
34303662333665656130646264363634633233336166373261656535376366373738373561356535
37346563383439626566356463363534653462623338346533646564303966666234396161343938
33303461633636336137373661383935656639396438396466646434623037313962373236356533
33383364336236643536333639626435323038613365663333636236633533653963613437326266
62646231346635326133616364623939313161656439393763323564363737303365396637313332
66306265643731643134323861356366323533373862333834356664353437366630666337376365
61663063383365303632616165636131653335613839633735303630393963363662643137346530
30383737653662616266383230366138653137393464313366343533623432303535316263376338
65376262366530313961633634383935643236616136323438343935323631316633633263613035
36633030353937336266663464626333646637303062316435333731633439386164366138343361
34643564613862626231666330323838653034343666396532323133303538306263346535336431
66343363396239646139633437303135313163386330333535306631636561343261346335303337
63323737616535393639343339313464383861313732643638373962313863303436346132313161
64653564336565636561653562343964623938363865633135353662336238663066653938646363
64663862616264306434336232396135393736316662613664323666666630316466656233343934
37613338393962333930643237396163376335333236313930376630326537636463313565646135
30303938396166303038623834306230373833613532663964306366643735373961616131653631
39343237303632643561653838313239303633303231366330363031653132343264303161353433
39393339323232386639643462343934323963353661383530613664306337336338306332393732
63623362643438326263306532373034653130633266643665353236663833393162383161643336
39396332653130626362363036323161386230613838613930306439383239636539633265393234
38323030636561666261376138336139316530636561643039626162333761633466306238656434
63303463613239396639316362633833633138393662316162346665356364626232373537653036
37363664363536636662303065343137613962616661326538616236666136623639616230326236
33613734386138366665623932636562356331336333383931616639323431373364616161333737
37313663336666643937613466326531626531363034376234386666313839343935316136313137
37636536323266623161366137623365613363396666376165666530376239363064666133363538
65376639623964623461363033313735333865343530383033663739396463366233633130393164
38393630616166396235386332303864333136336265666334333238643066326164326633373164
39313462383839666237386437353565356661383830623564353634313831333963623462643762
64333333653037353036393032663364376637313139353232616131616266646666643532393036
62653163303835346439636139313539633962333234646363643837386431383162623238366363
38626365323631326134303431383461376562656562363437653135643430343739353765373465
66663663336263653739323137383430653030306332663637666335356664636335343262316162
33623266666635353631343663346633313765653538323132386439363534356532396439346134
65323732613166353361353634383834316433383462663837333163323936366662653861353939
64646539633762313034646433643139323962353061623030653865663434363136316636366437
35303239626261323463313130356165396639386464383336623663343034623031373635386561
34336666653466306138656130323933383461386439633364623131323439353166353533313937
63396238616530343738316632643534613434613161643536323466313532623137346334313436
61636134623035323363613361613965656465343030616136653266303062636331376630366564
62613339306539623863633835366137306236313435356634343439396635386661373163643539
32626162336538343562373432386131313661323439396538626166346432326636616639356464
63626234373363626630616665653530343332343363303835383039313638373165393930653030
32323431343761363535373333643761666232653465346365393832323334356465313434306537
31313763646334306139396435643231323865633863306665366461666538306131373461666531
63623265326533376135333566376131303534353130623935396164653239396532323865353330
30613738353130306239363532643865636463643232323965653064346231323665363233333564
37616433663961636538613036636630646233643139343435336565626665646564623932323531
33396639633433373666306663633534363464393436663633633235383837396535666632376365
38356166393936383065383332356663633162633931626663343239353130323735613831373630
30643764323332616137653031653365346139366261353866343135613037613031313361363231
64376165393735383863323464663961633961656536653338613338333561383033323537666533
61326633626133316330346464326133666530316464333261356662653335366239306533383661
31316339356362356135663165383561333864643166373164643762363966653764316234613866
62336132333630326436303464323030623235616538656465633534313137373133346433393933
37636263333730633231313436626135316463356533663538643632336132393133643532333265
63333132316564643430313938633737366139613338643438646132623434613365323335616336
66383135623962373135383762356162643766386535636264393634656633626632396435663434
37383938616535336137313664346564343066383833646264306233313932393932366233616133
37626564643163633535306331353762353933333139323666623731363437633235386465623161
65356231313564326535616334313930386237393435643634333036363432313562386630373763
66393439373564643130616138313039376432303932363663353633616434383839346532616237
35366633623939623931666232653236613131653736653333666130373232303038363037613265
36356130323934303839663866326563343662353233666139333635333864633661666136353239
61393537396362303464386465626239346533353937326331373736343064383063376634356261
31653766306535653661356231363337326238343735336333613636333233313239623565346239
65616438313262313063393036303738396434366535633732393261343331623133303438646362
32336261336635373132343938653831383439643234306461656337663065626332663064633733
64366336343635623563656636356238363831633139366334343963353166333134396364643831
64663762646265316665343130356533376532343437643865393663366366636638313331363737
30373738623034663462316463336665616637393737643166326465306165333334303934313331
64396433303534303061343664386164346337656530616439303739613836626230353038333437
61613564663938376664376563646335663163396435323838663234313361366639613730623366
39343864633532323164306264316134316464363530353230326662343734366234636430376133
37386233366436353634396366623733383333366135313433663662666363653864376431386231
63386363303965333066396330616637396534376637636439653766383966663837613934346433
64613463656166366134613231363865653131396338643862336265363032653539643739336231
64613964326563666534643664313038323662306361376332323938306637326664663266643530
30626136643436616462623931356336663761333936383932346334656437666537313730356462
39643934393133393338633662623437383937643965373264383962343736373638326338346537
31653333353031323830373732323161343333353065326530306236653934626364356433366531
33393838393739616238303439373861333836343731343735626238393236653939313465396537
37386233303135373062323832666261633462323239346462356532343837616534333764643865
34633734623431663335396630363562613566326462383864363563393930393436663965323139
37663064353166393466396532653037313964363437303433613431656564326430643665373061
35386635633164393866333165333834373764343934363466663434656363303237323935663062
62366433656634633839326437393231343233336464613962616130363865616436643839613230
61626233623833313836656161373333376630666338643732353764636636376264336636626364
30323963616666356436343661646334353839323936646261363138313966663566363737363561
33616433626630636537383562623365616336613365353233383632376563303132313636393561
37383232396663646361323965386430623364393037343437326563393662336161616436633563
30376133396334656330343336383631333037366239653361376365303466643862643662643864
65373263303332326463376637393630653435396133356238383531333830303866663139663161
62326333353639323133343234333232313862633261633239376536383562333137363266306335
32656233303332313238323364343130333061623764316636633036316366386363326461366431
30616135376435323334376666613566653637316166373964343663666537626132383766316630
34646664373465353037346337626365616130393464633830346431353561613265393263646462
35663163343337643332313666363938353862633235653530303130643234336466366435666638
65643362306131646161326233343736316162663430336465316134333963616136346432393733
31613638313663666466323836383166346264396366613366643238306466306136393830323236
35653963373266313933366134623134653337356633393365636464353966383633303266353936
32643964663638356566613334326362343565306635313262353138663839653235393831633465
39613332303065633466666564636431303636333137613535613138393538383465636637306364
30626662336665626461623139303332373232353961643961643032653234613935336237326561
39613032373364636264636561313832363438333863346464353032346639616331353938323937
66363136366539383930326538376636393065613134343834363634373231366239313965333335
39313865333333636661373631316336343239306431323538323461366638313663393230626136
34656530613666653565356634663233316638313037623965633866666165643235303936366331
61393131336264303439636635386235323738396431643238386462356330376331333139623063
65623830323662656161356535613236323333306661623830356338306661653338323536383937
30666531616565663064386264653665313665613837353461613561333236323964646437306333
64343536333561303165636137636430646136626539616362383936373730663336633632346463
66346439363664373631643233663133636239363733373762616134386438653466316134366137
36303530376134363732393361323836306134353835636163353631323665633962616363373164
66666466383761316163343437343438366634373539633364383631643833376134663938656361
66636535656232303334313661393264303039306564613836636562333235333161343237373534
65373264333961386534373930653430363037653137626534616466666663393934656664396330
39653433633831323365343266316363303730626666376237343563633835373436306261646231
65643135356166643166616132313639343865656630333636383533616635376163373336363030
63353839376438396464326636316361323638336361306361393764373265356564653836653730
30366630393763646434396134373862613866353366623739656634666661666564303036323533
30366163623961303037333736326139336134303138353965663964353039666337336132346430
62656430633632663531363332393164643134613561333230313563636563643939306236616333
33346239363437353361323834666338393466616632323935373032306335316562613737356536
65383066356238663664313935633764623362346463346631393161376566313535616234343561
37633336303032373563393761653261363830626133343334313836653937626666313634313863
66333537646339376266313237343131363333653963343962623736326131316561393036363661
34643733353865376432303266383330316531613833646466323664366335623461303863316162
33373735326262386638346361353262353336323931366361373762306339613231303161303731
39376266373539353333336331623531646265643135336562353036613231626430373535633064
31323232343861323436393336653836626439663062353839393133643639393264303464626230
37326130626264336562333031626165316231393232393061313835303137396562306435366330
66313935656535646233386162366163316632623133383762313734363163643965653065376361
30666335623832633662396335663763383564376431373538396338333965633034393564633438
62343562376238376534623630306237393238623337303562356332636462356238663934343863
61623935616335323930646636636536396365636431306330343630326262643839616464643731
65323063393134616339643231373463333532633361613365666562393661356432643766316537
35386265353134623632393635653834336164313564373038633864356261643835653938663235
36633230666130656537386339303036393035626266353838653534633936303635356663656133
62663535366565333139323230333839663665323336393734336666613837306365393237303065
64353964653339303165643731616664633931623134353166303164363735356132643336303265
66663064353561356337343732326133313339336537363933316335346263343837346137363230
65626662653733663537373236326630656238663635643834656537386636616331646162396366
37386564623837326633646261353730306634616663663161396333336562303731376335313737
33303235343266623762323334393234663366633662343261663766326165393734656338396332
61366366623934366338303131646331333339333864346366303133363865343239623736636432
38376666316331646239623433376139656265663733663932313563643665623333373830313032
61633839343031663139643631346362633531363838313034623830333166653639306262633765
32633030643066386539323139366336303133343130303938343864383530303137396566663766
66336333393334363232353633356562613736323434326662626465633837306335343638376435
39366538313665393266636263383330656330396130393866643732363439633936373031373730
33383331373035333666323161303037656166313435623861663863326232386366663631323361
66643365666261323533613537393562303439623131626434623339623039353838343064353239
35303135326661376231313531303137336636353834646537636562323334373337323634633065
39653565356333663861313738373664623162633233633037366533643665653736353431666533
62363462386266376634626564396462353166373632393237356638366263663030393062636237
32636439383735343439336537646463316563373266363864363934383462393132346666366532
38363237623533636562383138333364646463633064316265363462633165336238303036313239
35343934663737636161643935366432643435656164396335646563346231663663363430353439
64386430613231376166663731623361363365323763313037366132353635333936353163633961
39366363316366643232623465633630366665663330386665366464373264393734333834346138
39353234363865633065623732663233636537313362363337353937373063343837666465666232
62313162376466323564333634363239393164356363666631313835656538666662363032636235
32376538363466653337376531633463353664366266616566646566336337376430633735386339
30636332353639386539623532363965306634653061303461363938656638373766306435623363
63383037313831326537616539313565306135353066366238333865636334323964366234623066
64656238333464626531306332633061626261663131383162363731613264643965616664663463
62623735313362643164613065346363343966393931393061336537643361623638333535376533
65376435623562343166316636376231323863383438396536363739653362353033303830373335
31613039666638393233363331633234613935663839323930653062353364346336393566343833
66633938366363396163303662333635643165393930623931643632353861363336363435383062
30663039333531363163316162363162376561366236636665396662393364313132613332323632
64633239333636656533623539393362306134323231366665346337386364643136393763336362
30393630626138376635346632363538353438343539653465356337663561666166353665303435
61333439623964353738356464393266393564353962653661343731336165346161393731663865
39373036643435353536353538623435623262353936643564386533663634303032643835343738
39343434646238643963653763653637336435303237336166636334643061373562323431313238
30663761346139306239623036316437323430383165333436343134633664366435663263666436
39613532623236613333653834333062636637623764633636636461613762336234623130393833
37373365626339316462313435626235626265353766333135666135656332353163613533376636
3238
