$ANSIBLE_VAULT;1.1;AES256
62663465346633303930333565666335383363613435323534626463636433653237623262303333
3638666365656266303039626632343463323965343730390a333433353133313961613263363766
39323063396462353138346636636632353139623832363936303437306333363333386162363437
6330613561363134360a663161346138636363396565643936643233336234383936643763303463
63623766313436643531326439333134353630376465306161623930333436386637393639623563
39313261363265316230663438663666666162623735613634393738393036663065626663316132
37373134633363643239313937373637306138663534633161396331626139396465306564336338
34343630616130386430326637323436336563333130363964386162363037336364313834613432
62353265313037643239323731313836633234346534663835343261353239343364396664356437
66653232636630333232656235656564613164623930343766346336646130333732323731633663
32323833343565373831623366326331666537653937336338623339613531376538333066363635
62633737323966373532343036326262323230323863383736613663343736353236373231626462
36323263626438353833343165616632386135326633396464343037356162363733333038653031
63356532363362383537313865316366306536653763393934363965343733393138303564353434
37363465346462396365626133613135333330613863323833303038613233373434663830376135
61326364623634646361346564666536623966343237383430313934663966346266343564653236
62373839313365626339326265316339366262333932646136313837366265303432376266363366
37636134643939333932313165306536333161653162653033616263303334386533663338346639
38613062623034616630353162323137623165623531313561633734363534346665313963353939
30653435353336313037363837633739353537316465393034623761383433656532616662616437
34626334636466643935343261653161343661366162343830623131356530633931353362383930
36646562376433633130323238636133333966643737313665663330306639633432646639646233
30336539656535353435316135636431313463333062333739376331313664323432313830646535
65633330616634353066323561323165613733393733643339333732343232353761663734356335
34663935383635303835313730633838646162353235643066333332643230376637346464636637
36653364316563653938376631646432653438613732366637626633366639383532663439666335
64366336303263653464363265303566396338626637646136303930613439656665653231316638
39323965393434633064333439353833333466316361333339316336373736363864303933306566
63333031363864633062616532303037613366643565376666393733316339616233316632623335
62323139396435316130666332396234653336393363666637396434393765326264343839336533
63383232616666393536366165323138623738653931653631356164323732623563386135643230
64323566666364663734346431653066326338376533643531653636623236626334363061613163
61306365326664373936666639366362653835393235353538346136623238616165663264393236
62626663376235633632383265366230616431623236323063613265623037646364386330323261
35353136383439663062323464313633393937303465626537376537303936646139386339653630
39393664383762323663356237303961393065383736363362373538303666663862643035343762
37373636363562393365323337663831383164663337383436393530346261306334386162613236
37626463636137633365656536343434353030386337366261303032306437666332633964613430
31396465333834356338643164663865613965633966363862613331323161303165616132363838
61656439633931643664376164383533323432353031626231303064376131373431323833303730
37393362346463333265363130363431393433363139633231663738373732643961363931343864
64613339636330373536376562646537643735376466643932306465383566313435613062653730
39303932396562643533616364313265663339626539393364653338663565343437343937376630
30616631643932373765623964363235633635396533663061613130313833376666356361353433
33353134666639663437636164353339636337393537323632633339396261656630336430356238
38663934353430356234303738333362636464383361623134646130616139643736666661346136
31636637306534653838646131646233343235336136383266613763613233366364333064386662
61353437393265363834623366373036313466323862383739326333313031333864663364626264
32623639343333323538656537653736376335636430306334663535356532656436633764313632
33636466336661373962663461386535313635303632333033623533663635633538313236353132
62306633656434346539323739306131656537633765336534643565613963333839613330643034
34306366633266663330383163326635636639303138303435613465396166656562376139343933
36383263383263353231343931383233613165666266323230616663646631383162326239616138
30623536343233643933336531366532666436383462663636333336303734333438636466333161
36633864636638303164633561363365383530633661633166656133316432353937353866376430
65363665613333666261666638643131323038396261343538383536386538663062613465643965
35346264313138653636613766306632653539333262343665396239313161383537383265343264
34643564393564323661616466306665363339313833363635343862643739326165383564356166
65363331396664313061363361383666383331363738666133643633323537383566613462666138
62646631393632633834353538326361326530666234336631303965316230366430663866303861
61653138656330666437363734306565343330313836303633656539366464353535633465646566
61316163376232343036383835383631316664383465353064373533613933626465373133363833
33626662363062656430366463393263373337653666613833656166306631373064643931666434
33383564383432643732643765643565643466613833353936633965333065393633353765316562
65373465376335613336303331343934333832333563323064663364346331623465356236666462
32386563303962613133643462643934336531323538386166626232333466306232346539373431
62663430666463326162643730373936666461636462633135363736393437326163656665366431
33383235343266306566343935363830393261616530363963626532326632366161663661626666
62653137316166333763376461363061363430363964323438353534663637303036353338393939
64383535376631666632346162313137333330383064316461303338306632346565653431636661
64346664653132383235636234613861303037393561333638656438633731326235393039383663
30323431363432656339393866373037386437313561663236326461333532633163623361383639
65653639643531656631663335333566636436633363393130346264326231343765636338656236
66363033363861396636333831643635623036376430376638363964626633313334366136316564
30343766636531333832333165623735333430393636633935626339663966306565313065623439
62313337363635613235326330636437326138613561663264643338333462663762623461306637
62343031663662376130366539643039376638396264363630393732666164646536636266386131
38653335633862643439366138653934316538623563633564333762313138393637656134333264
37616132653261653637643634613264343364386564636336353938343835356537383265393837
35383435623837346431323235393537373436303962396532343835346534613535346136633735
64656162366362386235613337323837353739616635376633646463623861653563306637343765
30386561356530383666383965633063623664343863363236383035316130386338393161323964
65666638333063393465623031653037313962323462343065396164303365653161303961343162
61643938616137383837643565636264643830343962343931383566326565643531313966653062
35613138383931616165316437306364363231323638616163316638626534353032613664323130
65393330346338316633653039323163353335343366333764366465373837643261393763656431
38626436613766383731653030353538366264633330343937663631343464626134643763623464
62663862363162326266303736343038613365306264303035326364613736626235323534376366
36356536663766613362373834393065346538303031333939346663393563333261363230303735
31376338366138666133336139323462653338316662656566613466623764643662393763656439
31383731663364343664646633333366666535306363613064393831633338653030616232613034
33663164353638636233663961313537396533393065643561643530346431666364306137636335
35343632623035303035326463666365643234383831636435653636326637393766363033393561
33613730326163386265643739373335346439306362393132353337663332353930376635326665
64313737353530656137636466366365363861373366653765383761626530356235323462663436
36383132363263386665376563303161636631653361313766363837336462613163323835323666
66353738353537383138303165643133653932393063336238613032646638343966376438316237
32393766663335323739636630313030366465303564643966303661623037333839363131346635
65653435666430346639376464643561613664343037656436336630626163353538363639643666
64663964353737323561613665366635626230363763646331323663643532343134353066616530
31303166653366373835616232393864633039303634653532663365353939313730363266626533
64333634626362626661306161663462656134626332346562363431366338353463373439343437
35613038626231323232663431393765636331383530633665386166616239373064646264643533
63346165346563613834323337633439393734396432613164316333336231353330303536636166
65353637343564336139653535623336386430636638393264363436666532663763383463313730
64626635333837376436643665613731303863373131336539373363633133636539333133373163
65343637313836363139616131353737626664353038306435353030623636663334623962343439
64306465383966323935666537623833663236613463363366316661316536636438646232343330
34633639643931373866616137326339613731653635383365623533633634336333393235313934
65396639396631313132653139326232636435353064353465316431303162366531343635306563
38613231353630376536643566356163373436663665643039643232396366336662303562333864
65353331303662386266356161323766633938663739626638373561373833353239323234653630
36343231383935373361613937373863326262393534313837653562303830303436343961616133
35326431656333653462636538366239373137323064616161653865383335646564643637393033
34366265653031613464666432636330393537326636653737316332366361633534646336623038
39633761393561616661326334373836383965636261373564356264323932356166653531333862
63363933353239306631633933636336333837306132333231313338353762653663343861343461
38623164343766346166316566353761363737323532666239303866333030636365396332616537
39613365363238383535396538663062336331356437376264613833663231383330373931663931
63343730663138303037353061623638366161643865663130343662626630663065323936343536
32666231353538623737333933323037373164326562363364656233323762333137376538623638
34313762356564363836336162303232663132663861666536346632313431333639326336326434
34356334363037613263643536306431353565356365363330393232376533393266326466346134
36313265386362373830363766623234656132656438336531393436333833656230393039633331
37623133373434303232386562636336643563303336383930383634363233623638383630373034
66636339633635393062616661643266623862333930643233366532623566326134353463333030
65326366396534323035663433386564646139633064386334616332306136393233393632366435
31373930363462656532623263336131363662343030613632373734373662326466313261653732
35393661616166386337336238643537663665303363636633383036613465643666626637396564
32316234623238306335306631643038653865613637393463306432343466663832643961376661
61653431613434663333643534363637356261343866633138323266326466303137353033393937
61353538353663306163643433333533396431376434343438373837303838316335613732663164
34376161393431316636353536616236393836643530613438363133623839383733653635663038
65613064326236346634326431636361303563306336636338333861363238376131323962343661
37616434333032333965393137366238376462316631373831636531393537666130376263346365
39326430653837626362626535666131663161386233636632326430646263356130376631366633
64313065653065623638633665653535646630343937313734316634376264636635623166636663
34626364373963393235646132313737346535326338336665323930643565613134346239393030
31366439366137326539336434336539373363353662373031623465393230373864313432356133
63313833313166383065363166323865643634643261653133313532366339653137333963366135
66356161636434626361376164333836363663336566316335623030653932363464396632313235
39616638353562633039333033313938363330333838613765376638663036613366353132376634
33343234646437656236656534616533653265626463633963653733663939363162633366386561
37393965333433326634613833616333396233663562306361363230386166346131643462383961
38633638643138366235323362623036633839386538323232386135346166633166323432633864
39626265353063343362376237626365396233396464356437353761393966333435643864333435
66353031326162336232626637393336643536643030343834303532373933636532333139306332
62336166333865306430613039653534613639643166656334376166303339373232323937313163
30633361616463623631323962623136623233666362633834666439623338373238303633643638
33663763313861363133303637396664616135656431616336363463663362376438636339326535
61633637336232343032363630383839306135633333346363346564653663623265363232356635
61323230303334636630383563663232336236393437343033393935623437333038643835363864
37373236373065376136306237353636303166386565653132313436623438636437383332366239
38663865326362383533316136626563383930353236643933313266623263393666626131643465
63663037306433373364333339656632646335323238323037356235393833643363633166613537
66616139643761306463366238323636323866346438623161363937343439356430366163663031
64346236616430653538663166316266346532393635353938633534373537663235636134383331
34636461643665633164663136393538383232313637313863386135633938326261376232636633
62336239616535616134616430316637623064616330363031363837643233663064313363646334
38663663316634313130613634616666336434656137663334336135303035343165643933313036
34383431333564323633616132633034623962333964626165616530636135316464303330663631
31343939373538613734393762343437396166623062306137343862326365373030323930636137
64643839353566303464656363643733366334346331343532393736646537613231666233306432
65656464323132393062386231393039643332313333393166393034363665373330636261633462
37336433666635353437623739363138326364666333633438376330383330616436353636396439
38353936623836316562353237626339346665656363333930633061356434643565633866303563
30623964643166613730373639333632633031656531663136633939656630386664393830303461
33373036343030613764663936663534663166313565666664393239306164313364306637633961
65636662323763636236663563356434643265396666623739323935333239356135376635313036
36343363303133613636343737333831393330366666326131613838333232363433393064666339
37663336323964333463656562653134363030396332373534313733386238366437316534636137
32346534623265616331333465653733303330333562636665323766623662613663303836643431
36363138623737366265636266333239613764306530323265623163666665363765343739393262
66386661313838313038363563376532383666313930316565313535343065373934306163626463
65373731363938393963646166323838313437313963663136396532386264663164623466386233
31666130366538326439663033636637646230656539326466663462393335393039306231376239
39656534636535396161313932386632643336323434313631323532376130623639333637326266
65393837373366636237343135366432646139326234313836326239303035396632656537636337
32656534393732383236356136666435326434646634643739663530373562343632346337323236
64643130633933393533396564346536616533373335393939643563306235643164373263316438
66653333366337616564366161306539376130663739336363633164656433653465303562303066
31356233623261613638363139353537613031353762306666643236303131666632626165393337
33393431343633613466346432353164643931343865316331623338633637383164356463313030
36316163656638306532656139633566333032616531326233366665626362353737373163353330
38623961343964363030333862323036306366323330656561356338633863646337656663666264
37303764353530616139623232653665363835613031626138396630623866653931626131396665
34633661383836326566306134636535393539366135366263643361386435333334346439626638
34383039386330323564396431323334376566656438323961343937646661643638326565363865
31373632333663316237356162323336663938343638633237316564366631323234653064386166
30373761653437373933646430353135393262363739653536313736613731363736333438313330
36313536313433303532636163343638376138363931633831376466633866343235636239633537
31373534393135386566373666356432376434326163356263343262383663653435396466303631
38656233656533633537366665653937613763376564613438343535336630383534326435646263
36646661323963623762363161363566653562616433646638393861366434323639313731303766
35373864616530353166323632333038616339636262313266613465333334666161633934653263
39396238663065356465656535353933653461333865383264646365383466653639653939656134
35383966333837323066643561386237316435313132626363303135373763363537643237343731
38336436396266613835623631373638383630646364663931316639333032303663623633303364
34343136303639353531376166653835353338666264663030343631656462393432333239306662
63373865356261343765396462343533383864396563353466363361356233663761333137346165
65316130376265623531333334373863656164376333646534666137373930383139643365323932
32643238373533306366376230613632346263663266393364313864663363386336643431623461
37356463323634326264396166333835386334353039373837373463613334626236343863643235
34636639653334616534306632313436306363336336663636376438346232626636656335646438
63383239343634353537663935353661303737616364623435663365366438663136333130326237
63613535633530383134356438336235363434646361343065363530303938633165306135633765
66623962333535363134613462303339373665336339326666383462303434323331633334623836
32366534633362363333323232353437396264613830323037623663333936376237323536386135
64363835363034396637366237366536623430373162326635363533633463303133653534336663
36646561306338383039356431366434316135306530626234666564326362383431363863363661
36623764613732343361313736393234323435663338616262656434363163616131663463373161
61613835323131616266643439393530376161663034323962343637376161303262626533393635
65326332373537323065306661666132613864616361373939643533323539373335636339363263
31313732376237376532663233336666396261636437333761343332636264613538303265363561
61326666363530323133323733313936643637656561393365626236366430333231373233393866
33346534373961393635313934396435373865666133666361623861613434336333613932616536
65303866323135613334336163343936633835633534323638646464633935653935353862393136
37346532643539353334383666626363623665643636633639643465363961376230323737666334
62306437323363376230373434363936373061366536633035383232333334343966636365653633
65663532363239656533656262613466306537613239373365353733613838343739326135313138
31303839396665333732333331633963373838343331343361646438633062326265386163663838
31663530666561346134353732356664353832326232333966633332383061396338306133303331
62313032656131393531656231316163333966366661653433333733623863633435323930323338
33643564386362343437366162633462663136303466356533383536306362333966613832326665
35623437653062356438306635383362326663383331613762303732666665353963383439326339
31376431643733626637643737633765316631343566656135336564636664646634616231343330
37616630636232356432383264373561333764393331633666393633366666643362643135373133
31616463373136353062616565373766653035646531616634363230356236323935303436326262
36376634323365373435316463636533303631663565616166633534346632333534326665316461
34613939343062323433366136333137323136386532373137623837373033363531323030666630
35616332363461396237643265626538343562363662663564336433373665643238343434623963
39346530373562356164396366613338633639303962623234653037373937393564363738356362
64646461383635633038363761633265373362666663333166363736376633353836633361313036
39333438396235383832643833373536646532393961643933396230656365373062663132623262
39666233343536633137643430653736343465613865643638653734326339636534646231363766
39356262373530383035353030363264393936373637313965326533306533396265316132303363
31316231633735656337666432326331636332666162386139616564313865333039363030336336
35623936323438666435613232396430653137393331373131366339616632303831346431303761
32323563613066663361323163363435646561363738346630333433383164343265653734333439
65613935313239623663646334633236636234333439646363653162333266353661653763373330
35336132626638376464383733343530373836636434306664613063346163663933666334666639
32613037623366656363353163313064373036633061376630363032653263326339323032636435
66343530643936303963623335336432373364303264306533376132646435613764633061653038
31313962393631393931343862356533366537666132363333653165633035633265633332346333
31376232613762636438373965633538663862303638376163316230363238616466353534313362
31383436396232633863333738623932326662633538623661346262636234613263346165326132
39623233363463613536666530613033336161303165333962303961643132346365653230303762
33656336333832653264313139643261366162353961623462363339353234346133613630643466
34326532613838643063353336376637316661353831323637663665636532326364646234376538
39303330643362633265613332646236363162343734613230663362363135636534643938653331
33376534353738323664633030343731623966323138613235333038386338323439303463613463
64313235393631616337653466643766373830623564393765666337663962333363353164353733
62633561626663313566343339313064613939303261313962623535363431633237353937336235
31353239616233396562386466663233316262613563366166376635643263663335346439373164
34393962633634383939646664663438333463623335623734383266313631363834613936633361
38616136656336316263303262623037383034653463646139626462356435373762353638303333
33313366333635323966653738353965323264363932663333663565633234363734316238333230
35386231346339643034396135376162393066303138353239353664313266303262393334653064
31656232386537306664366638346463383734373135313137633031626638623061666238346233
37663766383832656135343265633434323966316437323765656537343138366633373438663261
64643839303535366236653239643939343839626332666630646663653036656437393133303035
39353238323737303338353964336162663238356166653835366637333534303135346366303938
64393134393866666561313832383834636236653961643537663263346638306237646163343934
64356333623433663263373263646564616335663836653732376163363933363636623861386563
66623266313735323964323138363539333136633434306530373435653165363432663163366137
36613064626330653933386238313435616636386335386130663236313732623733393135393961
65616237343631666163343732623930333761666364383338396261646636613765303861353230
65633938653962333130663366326465386164333534386235373465653961353263363062633335
34663033613438643962373461383365346132323135633634323761643830636230626237343162
30373332356633633938393333303236633662373866306461333861616435366339323561616333
34636537613535663436633637653735386465353264383966363139396335663264376533306362
62653862663537613764643332343232613132626162363265643435373665373138363933633539
39383539303763653837643431346261306536323531653933326563616463356437623364343738
38663237363334353938323131376636383864333563643163633966613465353939616262623831
31643264616664353038616663373961353066333165633965633436353035396364633964356465
33303737636136656565633565313032646264646132383839323538653763356662316566643635
66626137343537323735663563346162376234333035313436336131616134313166653162643837
36356538623761663239346466316531613234656237333439633935633036343837343938393338
38646438323863643635393932653236633163326266643634386635636263313261613132666134
33323535343036636165333939323562323639316161303436323661343961333266613839313530
30626262303531303364643731353764666361393036646164653134383463663136666434336138
65613235333461623435306639363065646137353032303266633339666366386139346632326364
31303434333536653332653636303233333931353037306130656564363866353935353830336332
36633863653562393032666335386334306133363861663630396464313861326132323034353164
65356537633763393238316666623532313766636431396166616534663032326138666537363733
39363935666430366533616665643130643836613939346438356331356662326666643837383063
36633038633730666663306537616335373466326262303534323766653830366334303862373330
38303136363935653536373736323236316138393639313364663339316261653463666138626261
31643262333438353463313531336165613430373438326130663439366265333362343031343564
39336130376134613065356335323538396266303666326466646665376236336264326431663736
62306534636565623038326464373261373361613264353230626331653230366435613763306134
34346330313138363461393333666263613836333362666631363735623862646430333064316332
62356166373037326636376138656365346331376536313539353531633961323737663565616161
30633036393336306465623466343536343831336634343535316438313863323333633337316235
39376662373631366339363266303930626362323839623235373433376438613137393034363865
31346331363239323835333935656264376264393238623237303136353761396665366432343562
35356335303263376363303062366166333438393638646164633538613038396331626266613165
32313333636239396437323538343330666333316538393464396264343636306330306461646533
33313539393930373063633833616338383930626464643834666364393431356166643631383039
63353634616635366231393632326230653634356465396439333232356633623130633135373134
65643566313961316233343734383532623664633133393737326139643961303265663962303365
38313866663237623739313832666232636563343338643835343562383666363031323662373335
31366231653839656337666338613433346461313234356565636230303735346266333132386638
36373235313239383665646232633031363666616238616137383261396266636539653734383936
34346364623234623036303438623863373563646230396264656466313837646638336663396364
33623764363232643461383235653035323663386131393666663466393238336561353562666262
36653564343837356165393430623866343134643738353532636138386334346236623836636666
63373036306237386536363834326238303331646265383935386436336462303637383938303532
32623331646464333763343739656630353636353139376437396265633731383336343765623762
35363736366161393233303536336364653262343066303535623862643463653063626431356330
31373664356134616162353133396230306233353831303063316163393966316530363462663838
64373136333132636333336330633466313638386433303932623466326238623566616336303335
37353030636364646565646564623632633233393734393565323136313364616430343964626333
31396563323163353434363365386566376636353339666332396463623532623836343230613332
64646430383431346361303563306135363137356433643930663239313733386165303834353562
39653039643037646237616233393134643466343236373531636465646132613436373735383739
33353930353531376331646235343731633961653464313161313334373566346632363937363436
61303965353431396331613234363666616366366161306139303139323437396437306634313666
34363530656232653236653866666462633861323364363064616262383964316164633337663466
37363266306530356165616236313334346362666163383138393337363839366561643236353039
37376432633365623463633432316566353561306362306331363363326264313032643035353861
38323138623534613262386638373135373863633039316236663531383939613036343637613537
65643833356266356136336539653562646532623238623435656335376264616632363836353831
36373265373065353737613431366531383635333836376162653462666465366639653764326334
65303563353233653235326639343865383233343566306664636235623639346437636566356534
34653764663039623335366135363237363035313834316432363233633031353165346234383466
36626664616161303338653461656635313635303333346230323035346136386361613838616537
35626464373963636339366635666534326336623465313335633361656662363662613932353261
37336637396138626664353362313230626663633639623137383134333430633636393838653036
36653734656139313636366462383062386562343031336631343537336461616338343662653165
30383463663066323561383439653932383564613063316666613066653963343666323662353631
34656165643632643335313030346464323765666335383934633638653232363430613037656362
34393533636664656639333439613335343932343934336639303039323332376363366232383832
39373665396361323161626263323332616136663833326562653065666638393863303034333263
35396534663963613338343333656332343163336637353865613433653962633663306234656161
38393434666565646438303066323139333034373633363339616639646538346132316262613230
34366465636133323965653063646637383030316536363439356562653732393464626566303361
34396534643733386631646434613736343561613939643235643962316639623039343665313861
62346433616135343564653230353636373164663233663364353337626131623839626437626534
38616132323438626332643665633264366261363430623065343964366131393730363137333536
62616336633030653862393064316633663936306430343065616135646236363561386461393532
33663937303463313065383134623238343066356239383539316437353263316538323066643766
36343165326530626232623135626337633938366233376533363935343731353861393963353739
64633439333735663030396161376665376434313662323037356530376530373934363065646438
65303363653530653739656139343730373862303462346163363439323034666631643164393635
30383737306136666431626436633963643639623135383739356236663664396431386631313034
39356230373964366535313334346662356331646339386438373738646130653433383738316363
31373037633561623234316436376534373037336637333037353431636332306636623537626430
36653138383434626363346138646431393363613863393431326164633937636563326431373763
39613435346637633062323230613766616565343534303066616338623533633562346332383865
62323462316536613330313131303930623835333134333337323062386436313637616561663730
66363065633662636563366338356237363139343966353332663961613966346164363935366265
39623337633539333365643566643031626535336363356231366136343662613863643630666435
37343066333762323065636366363865323965376262636462313737643266613135356133353664
31353361343636633562343039326637373731343365306438383936353733653030333431336466
30376462656636373665613463336263386330373765356530633130396438343064396235323933
35636238386664303330323430376236643562613262663934393965646264393933353232656231
38303661353533613937383366343437616133326662613537373639333361303664343234383438
62326536396566323439623962366536663563376266333265303662373034306362656466366334
31366631386236366435343539393333323438383932393431353161333635376236306237626636
61386135303838393138366236666134653438643764323936306262393038333163613933626564
63316137323035306462383363393862393935353330373762663930303665343136343833646333
38386631666336666130636134653237316639363431326639343165336534336634396266663834
31613930386563306133393936616165653037323264386534343833653932353932366134643164
62333437393939333665613061396133613739666338633931623538363363323134653632333534
33306239666165366663313138616539616466326130313934376139363566616633323266333864
62653439623237633966656465636661633836376330636139666334663364656234353163653065
66346631313031656436396537323231366635386530303639303431383766373739653164353138
38653331323834633935386430613833313737393163316638376363663539333264343965306237
38633265613234313763393065313232653465333530366266656538363134636461383438343831
39333435346430396237393634346438643130363230393662373662303738366637633364623839
39636364646231616535323833323332653238303131336339323661393461356131333565313462
34373334386532346561633139353430323161353138643938393336303761616263376633616531
34666135613830393462633264623137613633666334306466646532313061373038316234623364
63643965666466663931323866343535346433326165613630653738333638333039666633626433
61356363373837616437356336343131356432313938376333323731323662636432353461326430
35343430393264656466363136356261623665343263616132653135663932613733626161613164
34393765653433663730306232316464626130623535303363663962653335663736313866326634
38353263323339356565623338653339306563396631626162303635383864393036313038633334
66343064353365626632313832616264343462303636386663653237626161363166323732356138
36656132643661323239393937623066383561393462306162336634356166353836656137643633
66383363666161373433346431373166636534313963636135346539393463316430333230653934
35343230383336356566386465613039353064666335396232316139376533373538313961663164
30653631383437633864663835333239623963396561373136633038353639373433376336343033
65616434643463363130626464306339613934373539336464633333326463333536363465653762
61623430636632373530316661323665356465326139353263646437343038313065393336356135
65383031303639383336633536326432356466313033356631343639356139623039636131393030
31333035383732366431353036633535306330383634376234346366653139633537356330613165
37653936306666646432646463323237346265346261666430643237666636306366623931306338
32663264616466353336303035396361303030613034663231383335366132663537653230356334
39656363303533333166663338313030346163326165336439323736663231636332366466623162
32653366623662306331323162383231666663333438623331653537353730636132396531633866
63623833623938613462633233306664663539336433373636336134323633633830636530396639
34383236326633633263343665633666386164626432356164303333313665323638623937366236
38646339643832313134623437613939313339656436303835333430646361373030623765633537
30313837626134653036373763623938343134366133373964303131363439623234643837633831
31343066633234633332386563373437353934626166303636643132633738376431346264323932
66333664626465346332633063663030393335343335383039643166313766663439336131373739
64656239303965623239613430643762613561646666633731643737636431633737353730383265
62613733623261373039646130383832646437383936623634353963653737316361326436623835
31343966366434613137623137323237643837636636396264353831383638613864356137383666
31653564643236333663363236356363303331353934643431376435666533376232376531323234
38343334373065306566323130663231666336643835626661343835663938366638373130323835
37306265376664313630373865643766366535623338323833393530636230343063653437366235
34643566376638366535383430386638336163363937393431383033393534666632613932373538
37313637373635333234386662316633663333303763323963633566326462636331356232323430
63313235306563363138666330343636303965653236383535363763376131636665653361346364
31613066383431656434636335646138363338333033393031633230333830306234613537633737
33666439336164353333363365333231323364303539333037356336376661616634356337383338
64383133356331633863356530373933623635316131353663653866363236663036393731396666
38643864643131363937663336343235356138306634393530396365323565643465613363626535
34313365323235656461643237626662613037393466613961303938393862666633373435656230
35616363376261383531306463363864356161313266666439356331623166666361626434386161
64616461396131663231643263653533386437333139306563643862616430623435383639396166
32326339306231653733326239313238356365396634393064643266666162386461633964303036
32386232353332626263613263303461626136346562333364653235393038306335633338646132
63653531626465323432616137636661363966356634363732353030616464366430303932636239
32623236333434646261643936653135643732333164386636633462643065383036646564656334
38343035383334353732316363646663663437613938646437646366346537643665643663376461
31366338343931383266376437363239393661363964386561626635373239363030396664343939
65356439326465666463393030333836616439613737626661333930653035666433646164633538
35323934653132663833343032653638343638643339373835663939336230383963626130396130
34303061323937386561313737343238666133396161616533363739633062313830343135376131
63396339396332393463303838373866363665356161353161373035383131396630653330323863
65616238636561333739363563353239313832343835656535363136386537356136633065396563
36373039326562386461363139633637336166313032313331346238346265386662363535323031
31616337393764336136653132396465613263303762373736346138306261666461386639646561
36356136376139396131393164343461316639373132393137346331343064363232643239633133
61356561643036373634326463666163353362373730313963353231663134393939303261373563
39623532346537363631346666363338303865333764626662613539633765613064633130613937
30383834383036373063363865363166393366363763626462393933376164346263343733306633
66336538383530306163323064346631653838356464623463613964353231626631333238663461
32643834363831303464376161346563386635333333376566333732653133383136633130366436
36353061373762333764353537356161636530393939663661323231326461613866653764353334
39613936343033613861363762646663353236363962396630303330666532393563653437656162
30333437346535396134623631623038373632663939313766363763653261393038336538356636
37386639356135366634343665626262633363666635306530393130663637313535333931653064
34643866306461383666616465656333623266316435366638613662626430323139613036346132
31356563343738616639313537373432643335313335663639633233396236353065613332626165
65616461653136356331366635363866613233626532633439383863633133343033336262306531
36323237613466376166363130393963616562633865333763613733373666613330616533643037
35333063343430303733313066623165353264363236623832663837333062313134376566663738
35666630376335303932336537636635363833376233646132623838363837353532666265393833
35343337346637366432383235353530636538353831613931336435653336613937313966376530
38336135343739386230663638313761393334363836643331383236663530643238663431353932
66653733336136323865313731366361363763393365663231633434643365663530616335383963
61656630626131656634663837323466643762643733656362663565333261633037376536323061
36633361653337356631383961663836383833326638646561383138393430666130356363313936
30623966616535636531336532356139653464383063373564363464636332613161356439346237
63636566306435303332333465616232376234663233653331626330363264336434316333343565
37313163633161613438363265646264666362303831386166636131313066636539656632623566
31666436386235666338663262326430303231396534353831633635313764353838343134613533
64373533356239643330313266386630396564323539393930313162303162356538363064623333
34343162366461353438386434633263626461313063663165613935313865393662393365393462
33333564363636306637616237646162313464356562306163383366363364653566643966376434
34643538353934623536363538303865383738616163303437646239323836633166343738663239
64333662333863333735663534326338336266316361656538633361633361623165646630383765
62313533366132386130666661333534663439323434353961373563376638613566386231393165
36666638373039643736633166613939646630653738316264356337626432633534613864313830
64616362383239333930626633383232393864643661303435316537336434343434643065393335
31306232633037366366393663353938316631373064626561326432663731303165636436633464
31356565663434396636663631653265393635346433396262636134323433346632663362303835
33323032366633313034376133363166343937386636303662376632353262356462356237653430
37346536313534653132633739643364643666336563383537653339313761363766653938616438
63343662643166343131386462626336626138616266663933636432366233626462646165353262
64336465396436643839333462393164366264323164326132313433326362343965633038343566
63303630383663666666323937623464663064396464633662333235346439633831646464323839
31336331336635636330613837656638326437356233656131383439623134653837396136396466
33363737323639333134373964643434656135623931623235663830643362353864666666656133
61343238366534393632363566363238356137623332636639373437326330373166386338323336
35396332373531643938623161363566643730643132623835323732356234623338656535343831
66383034663563623531643864666237396163366231323661626636316634353764306162326532
33613235333534616364383232623337326532376464313261643732643539386139383431666631
35313935623665623166336366366434653332396166633030363535336433386135383239626233
36656365656135363963386461383135636565383237326232663561643435353664316662333034
32396338393863613534356239653662613338623966616234646135393661323538346364613534
39336636633438386434626564633837626263343362336665396531643436616135623465633831
37313666626562393536373064636230346238333633303433333134346134346539663130353631
37363639373439626639653531356264376634333963303537323039373834383832633137376337
32303138643766396234353137643265303631393034343964626133363461356165313437306234
62643938393565353638306631646639363538336264383035663334656433366265303938623438
34313866333836393661346339393239353838653435653062646265383837613530646464353165
34316135373131613238666230626637613038663437353838376161383063643032396339653466
36306363346131333431356139353561623465363339316339666130336134633937663238363130
30393631326431356365333734643638663365356236386134323761326561623062303036373236
63313538663738626463623434343332646435396332303266376635656663613561643763323837
39616338663563613037653038373734356163616266656265373766383635393237303236646131
61316636373234326130616339646165643965373564376262666433623234643734326466353061
33363930306561633032623034306530326338326338316463343764616133626261393739663235
63313433643961373637396464636330303134346634366265613432663962363632326332613265
65336634343039323536323462346561396533303661303161303137383466643033356134356436
62613733373837323134613834333431343261393132393465373832353730393563353737663033
35346165623733653366616462323431663231643934303335366566626261626332373761373636
62323535326130323531336531623334313134343261343430623334633832366461356635393166
61383862346136613364613866393933636333373936323739313831643965623961336633316462
35366566313263356631643536646565306236623362663562623465656565333731656437633331
63633736616438323364343763623239316363646432376362356439633233373364343364613666
64373862346266653462623832633433336234373462353334336638313833376331376234613134
39303131643361663365353238333130376536323833376362643739326539383962363863626638
32616230393566643832396633653234303031353462623464323365343234316636316433393031
32316663386239323339323635303436623238343934643064333232313735326637326134323937
64313464326563653134373032376664313437663030366466316261653562616131376439333465
63646365393538663261636130646566623733633662656431393665353362643937363939393964
32656532613031636135626561366261616162363930376466643931653034313930353539316661
36643963303862636237326164366334316161303864356134376262346263616332666265353766
31623330636461326235316331343833313238643538386461653961633131663238323137313961
35666635366264616332373764653831303036663739636637663330383433353630363565333135
39613764643763626338316636653935323439626637663464346230393935356438313961303236
62323335663237383065623632623261633163653961613865636562326464333033393735656433
39643130386237396663333433356532353235303333373466623535653166363537313262353635
34356634626331626631346536353430666632633433316265323038663764393531316533643739
63396531346539326638643039636663316130316430343134303230386365383136373264366531
32633733633861663331383932613961313566663532373965616262303861343434316437633737
62663665636635366234633264623430326330386336663264343031333132643139646334656635
38333365633662623365373063633162653830656366333634613837356336333735613035303735
38396536323462323264303662343837663461613335386266616666613238376231653964663031
35323562646131373865363566376362636137633233383332316434363138343733336631326161
32353861303362666638656161623139313666396136383738663332633339396130383437313936
31333732646436306639366165656565616433653664613032343630356434633965343366616462
64623932316237663832363930616430356537316230313966343061353030376238363865366663
37653666323938303331646438383935643966643734353638396435373363653737323839356437
64346538353861346161306530323930623261323632656536336663303232663237363630356632
31333162353238393233633033636332313830643230643562636130376563633635336239663965
38353966356463623135653536316635636337653339663332366132323232343435616634303565
65623233323265316564396336613761376632343438353665386530613036396265313461306561
36323262613033333932363863303931666138356163646263616363616435383163633635643064
35653934396133643062313063356236343666333161346232346233333137623463336538393165
33376135346335383762653938303837353061363361326336646235386535373436633061303365
31303136663261653434356134346433333364656237336566643264666337326236396632353764
61623930316334643561653665356662353038656135363337363061383733643638353932393466
31613936383464303866643263326635623738303566373732346461346536326663353737663165
34346361333138346163353232323934356632616266363166386463333966363131316439306638
65363235323531663731343739653834356163333663386563633566383563323865393437313932
35613365363463623165626634653862616336333930633835316237373736316532316565383762
62366537353530333637313864633065353835616236383332633062326131306666323432393661
39336366396138643132373931396561646161343565313262313865653666663961306366373464
33343338353164366138613763613464643832636165306337313335396264613436313562656633
64313635353665303462646663353135303165383030643931643639336534653231613965393338
38306164333235303634396465373664656532303263646361383938306131313738656466646533
34613432336234663030616631363936623166323362353536303837386230666563386463303539
32323264316166303130353730346666633331303738666162383566373138353265303133626132
32653530376263643363333138306533653433626633636563653064326364386337383238623665
35313863613235623739326666663164306437316239396663646139306635356138636631383136
33353137393538633033346237336237376663663837303362633465383830656139666136393130
36316339326462353837326639383566653037366161643632343063666666386563396166303265
37336639653035613739656639636430386237353530333533353039383466643036323764626436
32626565383566386235643832366566653734356461623337653264343938653066396162613464
32616466623934653562323665623666383831333862636335623831306563323364343666366232
62313034343431333932616232303066663530313230623839656131356266656362323737666464
65656463373632306539333736663035343462616630626630316439326363643162396134373437
30643333666531656134386534313365663938623931303636366562336431303365313433376565
63313065613930353138353661663239316237303730373239396465643434613233653030613834
38386238636133393262626162346432353337396465666564643166353831613863323332643937
34393332373332356136363362396466663836316638353663626534656231343563313362663761
61356162376237366564393464643763393132303266326534653766373435326135373135643635
38323731303735656233363163303837343761663635383564356533383562363465653934326663
36643661646335393066386630633061383963646239643433323539386337613461303666663264
66323763343963663735626335313462316363323662353465373831373163366563373566353163
32613635323866396538333262646336636637363537653966353331326530653932623539626366
32633832363931366536666135613165336631613531323032656430363634623264313666303330
39353137386635326433396162656336633031666239623163613633623537386465653961383535
39323134333834373935386234353761383035386434306135633163353236336335366366626638
62313866626136323032306238396264623862373738646536616632393433343065623866386536
34393061653161626263626136336464623365643634643432643865313661383166356236646638
65663162623737666663356162303065613661376661396663353662626631616635313562313236
63613461363331396137303035646336343666616461313235386564316261303165303030353733
36343731613263386332383363376338326564316439373336636562393364303231373337383939
30633030336662656434356139666431663563656637366234323432633234613063333831633966
64373532313865613632646534313535313234663430653962393330336138326561336635333531
63633338303761343366326135386531333037313439393937303130303439383234666166386431
34343931623339373238333634336566313230343538313634616434366135383666393365356337
35333164623562376232626334373162343333356135666437346366616530623731363636636534
61643234363166363538653433623561333736396261356537333666326635666335306663336338
33396461616561626433616165336234353032373265626562376564383665353632383461663963
63353430366435366336646430643831666464306662386566353932653032653166623961613166
33373165303430616638656332363265626336393062336663616135393063316662393733653234
32326232313630383030356639666535616339353661643864363138623462323865663436303862
30313063323563306630313364313365633862313965333162363963653966613434623031353239
33306565376661396633633165626631316539663630376133316437323236646538653839633739
31613161373835643165613563313638333530323331633335633732363261656164376461343638
62643062316630323966333336373066663739353335373934653066623132333537383834306263
39663163666136653730653039363866373538306466313838333734663033353763336462613632
65326661303266623933316166383934313965316136313862373230623436363462343034383038
32633733373765383738396563326632393737623062636366366439316632356131633237333761
30626133623438353130626364356637373730303531383530373834323935396439613436666639
39373036636535613565656166356631623038346631646433633463653435326166623962363262
37663339633638643864646438336532383565633661623561373832643934303833363762656437
66303764326232663837643032393335346361623062336365626237346139386161623434353733
32303034356437636163316532623266653763353639616431303139646436393034653439323030
66333561356161666265333262666331356632353132613633353534376462383938656162663438
35376266633736663737373137333334343231306438373338393962613663363964316130303438
30363239663133663034326464333335643836636538653664343031333136636335313037326563
32393136386666613763383461303863306232633330663032643935656564643037383062356661
30343339376666636136656331636435636432386262363964303138663763303666383762323965
63653134623964656435616133373666613137373735313835343032353962393830636464613064
30303237313062313962643532363261393036353335376665386437386531626566393330343238
64623063333164646230373366626638626338323433393537356437353363363630353761643733
32343434383063626561383536616637303038663533626630366461303663316464646332636634
61336330343261643266616562303662306265343937626137393138386435373337316566663931
31346336316537643138613631653866396639343835623062326161366432363466353339653131
39326434363038383666376465643632366265393837656637396465383831336235616263306630
37353064396163356130363461316236636137633139646430613762333239303361343766333963
64393864313164363838346261336330303032313735366130396133316366383733643939616463
64646233316563393462623437636663663764306633376164336636393235386262383933393938
62373734346237313263393163356338323638646632656666643837363737376330633663343236
65653665663761343232323432396530363135393261313535626531366363343136616130373635
63303236393338336661373738306434663261356130363233333639386533643461643763653661
36393430636531633739336332306433656531623763303661383530363036393032303932613962
36383534316666333238623966636564306437383535313762646435363038316232303330343436
64623134383734613264393233643831643764386239336462303632343965383234616132323837
38393066313232323235316366313433333732323566333132393938626462653435336531613232
36383462616137633138373935393665313839653735663237646433396634613764313437363537
31313462613436313634663432303036623565313166616234383762663730643164316434386165
65633230323930653035636335363131343461636336373236643434656263633661383766386632
65306461363033353237386636633030343462343762303037323730386233623665656466343164
66383832613632336533373065643538653434333262316433313633613938323136656336656432
33363361643261633130613736353661663739383862333037656465613664636161336539646164
66383463643165623963626132653938346166363261613166643032626563363139346431653661
64333561653365313035326266316630373861373637346462666337653864626230363764386263
61303730613565333337343630373366336230383033353131353532646237393736613230646134
37396663653332633530306465386534373035343732656533316436633635343664353134613639
32633561666539326634643662656230343837336365636139323566323439343564663135313539
38366239613232383131353965356130306164646563343964623763383038626333366431363662
35303331326162353939373932356531303734346265313338623962393064313535323836343861
61333266353639343430316664613830643934346337333962306161623930623965366661373739
39613838343930636232333166313738633534653133653864643466343037653430623661656234
33383235306238326332303131383132636138363561303864646237316333386338666239373364
31323139643464326365653431303032666234643962323038333830616238633134663431336235
31393762613537653535356361623365373937326361303963393838633839633531616365633739
66363932623139373138373332326464383339623431633362643366376533316133616264623732
37656366663931306631353434613335376230616266323737303964393931376266386332613135
62333630643765313537353538333933613563383764393331656266356265366262656330393536
62316431363037656633643261343235303930396633653762386433653665366139343461373333
64663366333737396338346337373634656536383735306137313362353931643738313032313564
32303735343735646364393339343834303933303464376239316366396630623433653039316131
32636436323533643163316563653862633433663262373634323233363065633632643737373961
35383463623532306632336263366231326234363933653739316638363063623462386437363035
61343065343931316635363431613032656361396665333935323339396531343837316336653037
36633234616536376632613135303334633138626564613534353938353432363436646364363962
31396665666565326430646163386562303831353166626137373138303863636333353437613136
31353735336462346532393138306365353731343638383366303234386465376239363332633334
62326432376532343738343064616337323032646132353866316133643634373063653835346632
36636636306164333665346334306363393961306333663133313538653336313439326561343261
34316338613930393136666630363439396132373632643633316561613236326433333961396561
39623464353766326266373462663863653332646333346137646132313333626334303635363264
33396262376163353938383930326139343334356237346563316366366436353965333561616165
32386439363664383437373662366532633830396434623737653439643034376436366238613762
65653230383634616265393731373231396431303339396332643433356432383161666134363062
32613563643238633238666531343062376261646434356362313231636235646138393639376433
34323132336631613130626430636365383131316466313430343430633461663165626130326632
38613464343239326132346635653761353563306139333232333236393332626230633830643666
35386666376439636132646435623762313161346262396436636133336139666131353830333332
65313239643266346534393566376662616564336334393263643461303331393830626566383763
33396131313330653531633735653534383062653438663130363637663464323364643730383431
61386466613936303761343135333837623465376662313633303232326437666166613765343036
65396362326532363439343234353261616132383234333835643337666533366332653862663731
35313362313832346333373635623731313264313864613132323465316237373438336265313439
63396266663662643766616430613631633333653262366431363735326165353935396466333939
36653430376431336665336161393331653361303462333762616538313363323435616137303161
63626630323132326638366238656638313065636136633863656565326338663830333332306536
33313331653534343539623935613131343262303761383761303832663061636461633838393766
61663666343664353136633865653366623362353132616663326236343332653531616236326563
33613666646662393431656634376265313533396365313637303231346466386338396265666538
66326337346163653265356632363738373036316133336238363238333938366262356330313564
63336266303830636337653834346661633733383737613439323638303833633061626134386531
30326234613766313462616664653334666431613932323535333633393434323535386630653438
62353930333436646461316135656666343931643133383137343234623239343861626539643834
39616137343965616638396364326433353339366632346338613339613430653334633630373731
38626233333137343266653131343565373661623066326239636139386261353165373038643436
38393561353537663162613662656663616632633663353833643339393064343463653564633433
64646135336236323335356663303261643939633638623934316638373131376232343132393231
38333663643739363634393262393138386636343337396663633438306465376335393265623731
36363562346336633466326236366232666138653262373037633964316334316235323665363234
33313436356130393166623864626136663864663561646562356636303135396437323462376334
39626630366333636435383661363131643865353965666262396431613261646365633635326230
33663331383635376235633764316430383933636463356232366131303930343133333439366661
35646265333463613338386231396533366464653961356561666339643263343665613864643966
62323836656134626439643832623963613264326665333631383535623163313732626665333662
38623333623430616239326433646361333236653436366339383764396136373436333334663262
36313939666235306631663734306231376662393066643234373934643938306232653866623437
65646639313864653339343131333431366534663530366231343531393631306431663038653339
63643334323335323432313364353937386364363663343763616235393064386562663665336565
62613034303665386236636633363337386561616237663830346165393862373962303036366639
34666230653661363535336338383664386366643731363238376331653662666131363163386130
31373735353336373337373537303665396230626538306165373233663330326365323038633161
66386264316532393232646338626264613336666236626161626637623939353166313161653164
32653861633438343365386638316336663932653332333036323537303931353230656130306538
31326132353461663532356433643064366534613561646565366335393232626339303438363933
38303331333334646432373934663239343536323834373236323164366538653462376264323033
33666462333735356238643538393139643631396463343431633930656136336666633338356533
35316366376339643038393365636630333264623934336165323764386562313639383230323735
35363661356463306135376665363266663139663565386138663139653064373731633336646161
38643466303638653631333361383832343931303462656537303939353631386534366561346138
63386230383333663036333838393563383462323763373739653762353038316435653835613637
63623334663532333138663833383133633935356539643832333163386661326136396431636164
61666139626339656138663638336465396365303238376433376338613431343234663536383966
64383934323362656530396130623037613238376630653662656663646639633866343164396264
38393961313565376237376165323765633533613230313236396563323565316132323964396233
32666133343430396561643238646232333363643261653864643238666431396434373930383439
65643861663539303939616630316362326436363437636432326331343339356162373332303632
38383236653531353361383336623463616262343864393538383334303331613461663564666134
63313438613964333062663232303762343738306163323339653762356130393836333262643532
33336537316663303166313438373637666237626636396463383562386231373937613066666330
30303334383336346466343239636437383966373664393335333963353831653837373465323434
30653731303463333166343133623265623537616333653236346133663539363538613765636336
39303865376166336533366232396536316638306562653138663737363338633130306230663337
32396363373638303365613831333435383335646138363432393833663064653033626239303434
63363066626361303935363136613161656630373766353935666438643235336664303162323030
37633431656330643764326561373564353139313333316335326230386532393237376630663339
66303066313935303535333638663261633465366662663061316266393666326436613938653861
37366439666265623635313831616639376661346366313031653332643666313331386465393136
64366636616533653037633366633962383362313763623862313365646139383930616265376264
62613133353961663565306437653665636135623132313633346236643166663461313465396138
36363461313137333732326338323038646433633964373538323436363430383766633561643162
30373731336439613536393937626238333531366234666637323463353361656563656362353232
61316261366564386233613635306237653365623661616337383338373535366138616464326630
37363832333334636636393133313434316666366665303333366331373266336536353031333434
62633633393238376234386632366432393135626630383161373033626262366135336236366536
65376231396266616432663265313762613461313638616464653233386138316366653139306564
31396363333663363362653338333663616638326639666133356631306231363965326365333737
35306165633662306330313463303037646264386639383935346636663135313238323162313130
61383036393232643039326263356262663739343163303333656461356566346637366138646566
62633633346233343862333837343161383931653236313339633130333063333934346237643135
37396535306661376365333836336638313231646365636337316334656432326435336639303164
61616439623038323531623132613461303462626262613931623636623163393866613733313837
30376536346562626363646232376638613337613433306234313031666662613530336661306535
35343439393766316231613836356461363863313264306130356262333166336437323066383539
31633630303364386563383330633361303139616336333665353935393663636539623631346662
35666162626364373266376438616566386633386563323330326265646336303932346366333664
35363363393863313963356564336362323633633465343433343137626133396537653034386164
64636130353665656634343637646633613963303264316334313861636136666332636161616437
35363564313234613661626131306232343934666663386465306332653235326335366262623035
34623363396664353636306365336531393637653037316230303839333536363339666435343663
35386462373438653266326361616435386536333239613763636336663963363764393833633139
63346633613536343834343266363163626665363865363736646231346635323330376165663935
66313065343165653337306137653933396336346164333665613232643031343765323363646163
31356432373065653430306336643134343133353862343764616439313364326563353536376664
66303833303766363236373165336131303965306433303732356365393136373335643731376665
65643466646333636166663439306362353936393237303561363530393435313235363539666365
38376266376661353463343839623936346135333938393436656135623438306362326465366262
66613531353339353532393966386463653566383833333965396331656436666162653061666366
65383166613832316433353763303730366630306435326130303465613037613637333033633335
33386338316633333630383839646231316465626430386339353561663162326432653136623165
32323235353333643538323334323233366238396532323531643664643033633039303465393062
34346331316230656132313334356566633339333466313735643731366636666264383338303035
38666235643263633239666163396333323266333032613865393835393231373662623936653063
62366632376534346435373962633537303533626439303933643466646131306163313665633433
39386463656436356533653162643766313939623738393538343339323265303431316538343265
64366666383432363462316138383038646265316662373531636163336633353965316339306464
34646531393563626136336366366164366630356335366466376563643163343062306131326334
37303435313632373938306163666232323964643364613535313932346633653636303165393730
62373830333863656163653939643432623363346465373061353465343565336464363037303666
37636561356563326333616663343033633435393761656533376437303664626461343764663436
66623631313838376237613732356163393630303162616462383034313030646163316166383964
63393235656465306463633963363431613038303338616263323066663430383831383631353061
36343037323266333436376363323962636232343264623039333336383534643137633136343332
37323134323863383663376563326137623030303433323561396231633166336435383838633638
34353933343531383362366564373337653435653333386565366134613639386133633862383731
34383634333737393134643338653966316337613061316435316262346339656434333763343436
31653837376236326162323537343333623661633836343933666264663136613538323534633664
63643163363662643865363637356437356464363135363837316564356361393037633731363165
34303965323434366265623662383161353865636562313963363836653634653565366437623466
30333236303738356336613365366261343237653033613564383338336365653630656365633464
35316162386439393035333238313339316661323562313532383033346564646562313864386538
63643764636535656263376436356135666165333430633333666536653932653463356439313933
63613139313439333261363461353330373066343835396337646436303664306537313066376265
63313136613466633062333839396132643965663531633030343665616664633336306435376663
37623031356565383762313230636634663134306334313535306239343461373937646462663738
61616463393233343630613462366261326636356532316532373433366335336236653137633236
64383161343633636137343761353236333033313436343636653936393165396132653964663639
63343131316361633836343063373963386636613966616365306138323939626261636336333333
65393739393462303764356464346362373963366637386365613331636561623062396639656139
37363132313364303035316135393064643465613066326430376462613066393164616533346337
63303861663164623662393962616539643964356336313563336333383666633139363433383161
63306466303633393533633637393262633937663861613732663663313037363165653332353165
32333861306339613838623138336239383233393537356233323535623633383537663130623730
34663862323031313534366238613865333366396462373036656164326563643239643437326436
61656538623263383635313266393135636365313639646333313336613938386335336663646237
66373661636665643838653535346364633739363063346261636135303265313862306462643763
38333461306562613030323839326362366130613265393034323633373332383464643534313861
32366639333961323461313234633062636338366131353639346165626239363865613034636538
39316266343836633739316439313930386564623262353634366461333136643663613431663265
39616137343564323566373132333633343535376462373964383933336430396364626435323035
39616139373735623065363566633061303965626535373837393836623139393163663631666662
62316532313434303862383065373432383066343962316532666165393765343332613634326330
35333365383963303136313931633833663632616231613939633832313034636130636131346164
66306637383734383861333433636430333535643836323936346439386233313030313437313934
66313365306435396166353762363762643532646166376263366664343233663165616230366262
64393664366234323436323034653534353762313863333563326639636539656163656532336536
35373466646237346132363735663261616439633235366430346663666266656634353765653438
31613661363236306566623039333730373361643562396636316339346533383661336632663938
61363462656139616436623833623462373334323331653664323634346236643163363364313034
32656366666434653065303036643232396535353736663332663134376636383430363535373032
61383661386330646232666630333861306561373733313962666636353738666362636530633365
30383835656532373139386162636665633239633534636465393365306364366635653263323864
62323132346437613535633166626638313536643738666534646265616436666465633063383735
30623339663362303464646165393663363665346533653930633832313433366465303938346134
64616638326461343263636638313632366462373362383838656133663861343231306433373037
64326663313739616663313236333762323236383135666231323565316238373239366337393137
30613539623964333166303266653032326137656334323565313235613630646439353338336230
66386632313731616430323862363761626262373766373937633633306136303030323239313034
34353061383762376536366633633062366165346235613732356635656564356334636433613066
37316239616633353961313631656430343664643039666461643735356530643461303362616633
35646336396337613466323365313562656463613039316637353937393232656439623039336137
38616131353964376535613936643239316463623563346632383064613263336461356266376564
37626437346631353734636561323938643138376430663332383463636534343131373334373461
63366631666432656465353731366564366231356463333931666130626333343566373830313931
38316534343066306332313238363338393764343565353830643037396130353139656637326538
64656132616432643966353366643936303935303037623934626264386639636163306136373338
34666631356137303134343137616263623665353266666435656137396630636337343238303433
65336135373733386133383038333636343732323435353163323432316461363632633133353336
65306538306534383235346163333131353562383638333763666634313137326536393035383631
30633864336433653861383730613030616563626538313963353537306662636563613261306361
35633132353765626365373138373237363564346661396663326533373734636662633335333361
37633165396132643964633139353838353434643336626566383865333465383736353635383066
32626662633936396563386165663435323931356439613734366533636164336636363337653630
64646330366332326535303734343231653130653134666237306162643164633665396666323630
39666666643765333062613361633263336537356164363162643134646664313336346637363566
32333336343937373636396233633334383664303130303739323063616232363936663231383762
35623866323561303166346130666534373439663535383138343836316138353636363861343434
65353465313031633333356437326665313133343464353765636231303334343032633638396330
30396238343431373638346431613564633530636166343665356631393462616566346665333666
39373538343262373131306337653263353666373261373436313231356539633464393365626262
61623333393835653135353633373462616639316139393436356463393731363933306534663536
38366132663731623033623864363161646561646539353764343563653130386433633366663031
38623837663562616134393964313530393762306436366361303962353231663162393133333862
30333063626432323336616433366331616433326466653432623662636137666138643630316132
37326339636131396333346365366436633163653232376239343161663766633066666137386531
38646532343832653335623165303965616339646137303437613764636133306339313765383665
32386433343261316339656630663732393865373931323135643238636434636538366463393930
66393838653430386638376237623735646437643862623764386433363738363735313237323938
64383235396333383564653739623863376636316337616135386130626634306634633666636363
31393730343036646163356465633861326363393837636330623339353639366132396436623565
66313963363039323634383733633437653063356361393863393065323962323839336230363036
30343730326162356436613265656561366666353431313039386664646430333436643334356639
62373263383866363361396434323731643764616237323063336133373863626532626162613938
30386262613461323735653665653232653631363033313765303863623838366331306637323837
35663166336634623435633265633631616637633831613634616534643732393834633730346335
63653266663064376663373832653965646131323163333861303334636331643933643464373030
30643538643462653335323139626362343066653234633263306237653063343864363366306437
33353533346266303464316336393764383737643461393062663235626363316133336639386465
38333539333136313363333264666263326334316262373266653563643738636332343966626462
31306530323836366632333265356139356635386338623661656434376265396534396239373336
32313065393134646264306262306333386364383931303337396263306331346664366233653237
34346231303963323064646165653438633335623466373536663035633138633332666338353961
64303737373164343039333266346339323930353036663465363264306461356631363063633066
38656430353165633935353939376532626164353535613365303738633832376461343532643036
36373337303433303937303432376633303936366238343564313033313232366162653166643033
31353765383165623037666262636464616538656236326262376463663430653638393963393736
61663139643536393832383838663739613934343362353837626439616566666231303363366661
39366663383466613936356235383666343261343334373432653338303664383833346431646162
38623564633863316332376531613366396239613730303532643563376230653431326434626336
66326338646364616637333565393366613836623732373833353531366631643435626364366239
31613931646430366430663334383235363239303062353764613764306439363731656538386663
64316465386562383238633335316533343932616337326332333265383438356164343130306336
31663561373336643839366630383331353831616531323133356264383831316437623831336362
66306364393562366533343832623730336164666438663133626561393834643633353066656431
63663239306630343764333836343064323966306134653839323236666339663964336130323833
66393638386661376430633837386330383238373137633863313836363434363734616535386633
61313962326136626438343532306138363235326264383462636630656266633933633365333463
63363837313939316136663638613331343037326361656139653537346438613734343266363161
62643535666162313265383033666135393566623364613833663465373932353464613136396338
36386232663039663734353830646565386636346335623439613965326635663461373838623535
39353035306437373033633836396637363332366436343161643033363136663236303861373033
39363762316239646138333664376335626435316135646634623636353935353737623135356634
65303538633332626231363938303839323738303831333966633330343232646435356338376362
32326232306135326632366538626432323238636264373235396466376139303930623164346634
62333030666634633839316232636336366532656466643164316462386664303739623365633065
65656663653834653734623831653563346462333663316561653333623565643363633862336563
38323363626634636238376234333038643132663333613638323839616262613432643832313366
36323063396536333832373765616235373562636663326633623863386437666465393332343361
33303234636436393066373961316339396133613836316663623461626331323266353335356366
36356531616465383963326530613164393732333132613731633534356565363139313761653732
39616264626333623335373163373336386434656635326339643231303135626164396265643538
32316638313332623163623439663861393864393161343463373637653331343461623166396533
33336135336638393864633936383563336466313861356235313165666539303863666332663932
61313631346535646331636132643164356261323839356130303636343539656433663538636535
31346538326334653565626236323666346638323061303038326435656463613736363233356431
66653132333636646161353233646533363465386266393361363933343861616661303030386531
65373037343433376437623131656265633765393663653232393739646463326465343964333831
35373866393436623139633332663936353239643062613232353733613635313837313364653566
66396531313935366233383035323932373935366162616334383835623232313461643562616535
34323166623865333064626261333165353164306639633930643432656362336631306338656564
35623864393239316238316234613838626637373734616130306562336266643937653937343061
31613662323436633061333165613363393034666163313265393863633830343535373833373438
63383939386639643734383937336637303537616366326632383263343935626633396633613939
39343862613930396266313433663539353538346535393961616232643036366633613761333861
37616266383564623961636239646162376364313566353937333362363039623531646538316666
39313830626137366436373531626532653165313464623834626361383964333736333930386265
35326637636431636430636135343030653661623736353431343965353831356262623562373537
65643861376538313438646366396635393236356135333964613465303866373139343639636166
61366261336633306333303865363439646138386563373731353435323133613730363337656436
32353265666266346439373562666163303634393032356666383039333361353565366661363064
34656432643064376631626266633863363363376534393064653638323339393739393164313066
34333263356362623636613464376334643763666362313461613861656332343938653961663938
32326632373430393763613466643931323131653761306630323139643064353236336431633066
61303233636638613666343234636433653963623134633131653334306234303065636363643330
66653432323433333336303333343035393239343132613939313361323265613164313133376233
62366662343262656266356235613734366336373338643561306564373361633634373162356663
32613461383364366437626135656637663533313732306365303362393335646434646534616165
65393665356165663030303831346538623535306465306230366264373063343266376630666132
65383162336466396236363337623731303166383666653639323262383663396161383764366339
64326566636261646365653236356433363938616536313464643965633262383338323532383864
32613834386634626130636636336162343961633564366434376238373161633566383235373039
36633135656137313864636630373663653131623634623132373932626334306639366564616532
34613966663230636564343933383035376635663032633632393637383538366631393431633565
32363263643534393164343662333838366564323233383237326135653734366466306633393365
63306637386633323435636464383064396533303563623566303863306237376666353636323264
65616432353666623032336239343339333138313566343237383734633661643730396162373338
66633537333761343536303339363863323462313833653962353163393037353631663863373333
63643237646335363161663738626138376237303265356663626438373534386664663261626366
64656164396163663736303935303039653037363933616433306461313230633165613334626434
64306633303535373832323839396236633630353436366630393061303266346337303861303939
63353663356265633733356337326263616437373661613030613534306533353665313332653936
36643262356435643234666464336165303937633932663861636131353331633365656633323535
37616133666637393665616434313763623230646139353738643830373231363933666461613537
65333838633565623163313562613863636238333430383735663338393161393436616531653739
36353036373964316339306263383962636137343962326534633632373130316566643434363938
32386364386534656333376465316138653034656533363135316166653365343565353533386661
30653237633662623736636566376231316430623333383830363432666461343233313838396164
65326565343933313931306235363636663232636236636332323932303737666331623533633837
37323730623135316133633139353438616434333462376135323735316130393664613933336533
37336263626364376161346564633338373065303431343039663263363631656566623764303335
65636531383437393834346563326263363931313030353032643233636335626464633361616562
66333865336561373062383130646130373332363763623664633532643430336336633431636264
61333965633765363462646662633737373135613932396165616666386463653662313864623963
66633539343934393535656231623737626535376363363332616461646165383830666434323331
65373466333961333163376234303334633930656236346263636463363638633133323762313538
61323065343762396165326561636135306634623462663465373537353262323965306138653466
34386635363132366431363061356161343864356566616639386431396236646235316530346633
62633538653338393536363637343338316336316565646366303737336335373666633464386333
65336663663538313962636233303863376131323137306462373263373864633662656363343066
31303565306565636161376163626630333964383339336538353366326438613235316535383333
32333063666363326661356435336566316639616363666561633635653463623234623065626661
62353362313539623936376265623634306632633865626364343966383962643862376162306639
61313032343033396138396661343465633364653433626237396438643832343065373236636164
62316161666134346434306661356161333533303336383634656432353663303038313162613035
63663163666130633636353136306131393530363461386533333637393064616566616132306132
36356333333135303837633563663834643432623865363437626135383733353462343432336262
65383738313636666461386266383764313864363031626663613138656430616561366439316438
34666631663766643132346133323536643464313566303134306638373630313938366365643737
32323737386663643939346434373131373933363631343033383864383137326236336636633864
63626536613531363963663630336335313661663962666239613236363939613939393835616161
65386237653233383832316531613561633037646330323035346366616363383734343163366235
62623239386565643037636262386166656236333539663637663335393738363637313832356166
61636432333861633135643965366661376232343565623733313330326138346264376235346533
61656137613533613961346636353732656261323364633961613763656238356439663238633634
33323236376635373436376633373534353133633064393662643064353330376261303332346466
30323832303237613539616433323530386436353930663737323236343530326538336162636237
37396433326136306663623865646530656564396562646565326137666430646464633138376233
61613761303135353633636166626566616431316530326230373639323962303734323165323965
36316661313531356162316535393464626366356133383963303233343763363538383266363933
62363839653033633631313138356536393333326433316436616363346439336636396239616431
32633138653231363939666565653830303434646261373437326666656462613537343631313839
39333230343065366533666664393232333038393332613130393764373031373038613033313931
34393463326235396537316438653437333537613439356366386535306165643634386637383538
39323332383761663963356566383332393665376438663437353634323166323161616432326535
38316338363835303530333537373838626561663666396435363561383532626133303065303832
36393263386535353433306534376432363137316665633464646436646366666663323261653237
38376439623237373835666462656334323531656464633963653263356663336337323431653466
32373233316239393265643463326232633838616437356137333566383430393364643439326464
35303938313063643835393831623763326665313938323634306431393963653766626431343034
66333165373835383630373530633738326563333261346664626139356465626238623664333733
34333338613931653830643037353164383063633861323933303966383237316636343136643231
31326438323366663161343530666331313966653632653232363763616336396532636166386361
38363063356261313063626362346162623935323565646164656134613763613139326235303438
63363864336236333134303230666661663634313238323362623535303065633433393137326138
66333537343666313362623739326366326263653261366437383866613032336365646639646237
62353437316133626132383939376133666338336536653938653032326539313032333138333239
62383732353664383061646433613434313538326138353736323938643435363763363261313265
61303232663836373064393033646662316566313732656266363931316361313232626664666132
36663061336365326536363061373462343239623034636366323162343230323963356565386538
35613965333266633361633262336135653962353366643738623232656338393331386565356339
34343064626136373835356433643734363333313662636635343734313636666431653863666632
30663766373163393536623064306332623030306232616239653963353264323964363935383830
34363137653030383662376265353331663831303765666430373339663932363065313764336632
32313739643433316239303933303465663937393033326338306461356131323961643031306365
63636332623331616661333630366663353538393765653338653765373265633232383966306430
36643930643364393430366233303861306630643336376635393332396332663038643266616436
65333932316262313732643630343438373363343435616332643330316235376437643861306462
37646465393830353637383538353765646362373766396261643830643032383766303532656562
32376430396565613565363337653862363936356632306166393763306566633531356531626134
61643863363234646564666633323230393435636538363963316665376638633839633438343862
31626264393964393730313439666139366239353032363462336132666638353734376666383761
64373666336362336361613531306166333931366535333565306131333134623133656331366634
32636631303161306437613430353035333963353434663433353333663235326138363365323361
64636332323866626538303133356463313161646266326439383461633830306330323138313761
39656135636630396462383061336564363938656561333431326638373762373238393031316361
37333133616631356632323635366261643165313935326436643730363463336335356131623130
64643431356561636437633837653562613735666463656532613037636230633234613963373536
64343663333736386331613631643636353365393962373962373364613061653630633362383436
33306431623563633537633633373836366462346538343738303165356161663338313336306563
62383431386165623533376362393933386164363031623266633238353666633762653838303532
36336262653438666461323931353234623463396336616565643766363138383230633663323064
39383366663236663134333961383461623935386164363866653762306538396538653630393739
36333531306665643637363663353235343334396339326261616662613833306461343437633663
64393764653465353965356163393834376263363934613266613634626630383761663632383931
39386133343235326330383431326663303936316163336336303062363638373638646131383962
34346333623764646366663539633935303834306331336534373933363433323338303038383362
34633562313236356464343861383939373939323038373563356433323962663666346438326436
36616435356161306335626438376139386565643430313231386138336365383532623434633561
62323137303562326166373361376331633739376330643035316539386431623265656464383965
62643461656234396263373734616566643065343633643464306432666536326463316435343265
39393861616565373766663736366536613464376662613361636631393161666664646432633137
64626333623237346366363265633938333663376437343864336333333236383566356534316165
39353663623363663136303936363633313436643536653365343338336134396231656139653434
66313635383634393734323562333561613537633262656435353736336162326566386135303932
31653962303935613736303636336630633739386465396432323830343939663431383436623065
33356265343435303036333966633164323830373130663732363163663335326434383362666439
35653433666535363838653431336438636665333061373435353961373037376432663436326632
65383263613833613235393762663131396366353132326263623931383738383565633038663061
63323432326165313263393061316162663533616435316565616264336566383438363337306237
38343533323838646535323835343761353439363562323134626165633266313664313637363764
62396661663433383536663330666636333965306631303232653265353736383936646636373330
64633932333066386633323437646639666134663265366265373762333034356266663134333664
36316431623165643735336433373466343066663338346361666339306461373237313935383830
31626131386237393234373837653036366138643133643065353138343234643534643566306363
63616231353534636264306135626231393263633131353762306235613134356531643533646462
38373735616233386136376562633439623837366164326134666134326665343364376262616432
64376363316332633531373631383865616632623932383761653061396333373034363935663230
65346165316537376462303634323564313730326362636664363932613738393130663136663062
65643462396466306463326237396365633637613966393263653936326363366432383633383164
33303730383339343037323030656137356264373139346138316438346561376234663730343434
30366464373264616431313234356365343933396335333733393630323739303662653734333632
63353666623135373534623535636638313664613262643932613164393338316230373263393362
38363033666230626236613263653439616335313237356661663364656233663235393461643466
65373130336464396436623230623832363365613437666339343430313234323330626636336434
34343035323733383636653537323066626536623332386533653236656430636432383831323334
34326461663861343032366433376538393361643531343631353965393537303037396634343538
38326333346561386131373564656566666634366230376330666230363965336562386630383034
35666533383934306661653364343365353032386564353863613966656166323165383566636631
66363934396664343430343363666562363165346339613966353563363364386339633430323464
33643133313330373032303862353637623961303134396261616535306633616337376232373330
61353636643265633764366132646162393065616231333033346238343632383661626162336337
33653366633233366464303335306639636265373836643332396432633665343962303235613730
34366237356465356564666431656533393761346439383432643932313238663863356164363236
37633162636265616533326462373666303938343065366533313530653537656631353938613362
36653165363162303935356238303066363863663038333633376331626435646263333335316464
61653663333864643733636435653532336237636631333365616665343436366338613936393366
38333237643961666563323136363965393663326263613962346335383061323962346533346335
31613430353935663633396262643864656635643665653464373766353662363062303235623834
33356161313630316436613734353865336265313063316665353031613039393338353834613366
66653965646536373733343762363336613535373765373837616135656637393238326665616533
63613461616266643431353731643034316131313961396562353932316638393134353938646564
37326334306264653037646638636466373264396239653231613930333866363462613561643237
61373362623739616634303461613630636136303930303539373263643135386135333461303535
37356532393036663733363030323234343462373463616539666235663561663435346565303461
38306465663338323636663738336661316264613530626439616465393731343739376238636335
39393134653465373330633037313433646465343265636263373663376233356138663566616462
34633063633965633237303936313738633065373461386133666235306630636662643066326664
31633063313562336431613634306436623062313136613339393534326663653864363531616463
36643737303162366135333065326535643234623961306330343261313637393264393066623339
34633966646436393539313538336438613232626564316361663033316137376430376636303333
31393639383034613462633263336562343861303864383935343161653439616536383732633561
33356462623938323837636462656461313933383761626536653165376163353162373736623865
32393861316234646636393664303838646635313534633934356665373033336532663930383236
61373335386133613439656364663333343637323064656536643066346564386135616665366536
64356166303463313430663031616639386662396634313864613862366636316565306438396635
33356334333036666130323236663237343936376564356231353139333962343137613161353330
36333135663334346635373461343436346662353762313437356635383864303738343262303666
32353933393263386130383430656431376637623536306162303837353565366661326232633238
30306436626136646637373033343539313262353135353562366637396266343461353134616565
39353434636537663134383261383733363335306563313736396463613830343338356439666662
33313732663830376461636530343565353636323234666232396561383431376433363537633833
30616363313230356364623530373131643064316432663130303838316632393931336331326361
37616230343063663934346664626131373435393033373234383831343031306265653637636566
37633137346239373966623430623538643136623433633231393966376463626539373465363062
65393630336562663632613131373266323339303532366134386664396435653438663435373830
38326463633162343232376537366361646666333733666532613263343063643237303865643261
32633933353635353064376166636130656436393530376435343062383938656566326338633437
36306265633437376639306331353231616466303066616466663861613032643766633536316165
66326335656538306463353461666232366435643131626332623562316563653063353238303064
63336363373336343462373962316536393634626531353439363230333232383263323230356162
61323164303330646534333631643630616134633836623932383533393832633638376233366661
31313461316234363961353539333961636266383166363837663366663762653837383764336235
30396231366437366136323638633233613237366232356135646362663237643132356637316434
32653238323866636239656430393939326165366465316235353039656231383265383762626635
32653333313464636339306138623837303137666564303133373532643663656136356433663965
63336563303839613036333834656138613264393733633735646462373133353432333932346238
39656131626564663133333938346564316262376264373436613034666439636365666137626361
37373738303861613961303763393462643362643533626439316632323437363831373735393734
63323936346361633833313332386437373236376365623866343334656163366362393933653938
66356136346264323432373739306362313832643365623238313632306134633730343264313331
31633037366136653761373936383263326361633433616338666336376164366635636235656434
35323231663538313266656431343162343036386639313133653636303037313737613463616232
38373866333761326634666539356462663763646239363563316638333564613537396239353332
65613365626330393164356139393332386631656435383461383535643566373232316533373930
62363739626664643233346237376435386161386565633439366662373233643062316365656130
38393664656462626336633432623834626339316637343137623463333635623861383333623832
37393130663236623432613539313463613631333165323638396463326433313837373037303339
62323331333462663263393331363161396238613032393230343532663731333930383934346566
38333266333663363131356263613736336635666663363164333436393663613434323066303338
37333838303932666365386538313131326139323162323361623962303865613863323831313737
38346638323765326666656234626465303837653763623639326630333535656462623535353233
39333534666434623066333437393739313162663336366537333731633735386461383936393937
62636264643365393064326466666335663634303162653038626137326131303365346233343632
34663733343866303035366636316461653033363130363535323263376462643162633032623739
30643465623738613065303430623931636330303933316337313961326561616563626466343535
37356239633438386139346139623031333438663738633761323235303465373632306339633164
37666366336639663137326134656435613562366363393634346438633431616262303832373734
31623434323931373733366335396636633466366461623539623837323634653166376231653063
37633133376337613130633733313032663562313032333464326339653562613632333438336330
32666166643735346361653365343935323538366138663061313462303633653665343764616235
37323365373237663963373866383961336633323633376161653034613966303766356338353761
31663334366661623761383038643536313930643335393033623136646639643937386336313566
61623063383662613030383636653662313731643839373961336231373336356337323162633831
33323831373236386266356539393831386630346464626632303461316461633161366237386164
37663063623934636232396366376261613938313861376438326430623532336538653531653334
63396463616333323937626536336533303931623237353538623033616330396637666632643764
37333461633431386562326661393334313364323134346266376435336264336136636264353366
63353766313932313166316139396131663061373861636361356238366666356336633232656639
61373536333437616563643335663862363538363065626462646539653166656334373462663538
62346665373863373231663363616330666532626432643633613764303666303739623038613662
63303963386464353737613461373865616364653164386439636365306264303030616536626264
31376631623030633961313839313931346165663364646530343464613330393065663562393063
38643565616463663530666335343564386139666332666433663162666131663733396536356232
64616564663637633639623361653136383832616339356563626365626335363033323837363062
63383638366665316337616563316531336636363536656338623265613639373263653834623833
34323734346135323337323466373561306137336531326166376464313261636662636439346563
62356435616263316666653131656335653939646364313137613661313532623162366638653662
38646437306362326238313564636637343632356364343732363961663332353932353664616535
39396231636533393337626332346331386263613937663039656535373464363834313431653563
65643062666264356563353534383134313937633361656138303161633433363961323530306166
34383965393839363666656363363837343430343631656566343038363631613439383933303934
64633630656239386361306334623263383439653030343036326637323437663563333438666162
39316538316138356364306335333730376638663235373561643665633439316333626331333938
39653964313236343365376361316237616437653133366137303665643231383233626436626361
61366338383136653232316331303639313432376162646434613731313831613739333035663562
39616339303532656166663237633266313561326132356666663134393063373730393032666663
31623334363561656332653365643531616230313763653137356466643961326262663339326163
33303833376561396232363666333338636539386634326264346364396631353436633363346331
65363963346631663164346537353937653763353531343261623966383035363437346432383239
31373231346163613637613138386435623839643739353661336532386232666438326563636631
64333738663231356531376134633832393163333966653263613130376364343162383039383165
37373337633733613265623131373839383831613436653966663632363730373134633034366134
37303139383431316364653331383738656337656538376537653938373930323462613132646430
65333530303661396437626538353961653161666437356565616465313338313033313662393535
38353266623038396531353531313739303134323434326531663037323635313438363438323930
63316264313664386433363833643861633738303733613565386130336361643535633733653766
38373565333530626436313033663165656636386336353736643839386438333437613037396665
65383737393766336236313236663436656231383031613863393437356434366335396166383161
34356538373563616336383665303438373437616164313034343639666233633430356563313466
62623361643462616539616432353237303264613435633835393337346264653036616139373535
35353634313639653030303932333934306438666266653930386635343337343264316566356265
38313162623836353735303665656637306462646638343331633636393138346630353032373063
66326134336531616433356461346139303935646431306635303066663531323433626561653438
31653731333132393330343033353732326563316334343930316163616563356436356662306362
39626362626635373730633335346132343731656338313539663538346336323366633430663932
39633465343463333164663334336537613664666464643131356235336638316339343635323934
35363037346532343332336562316338333339363137313034386261353866633631393837303937
35393666356635336430356230366533333731386163373531313135343634313437306339383165
38316537643835393365656562316239303765383931363737616535316537313736393235623835
38343831616534376231373036356330303737336466326338353962396336613365646635303731
39346536393637626139383837643561333639633061326434343836623135313037313435633065
33663965376463663535363834373265336539313262336332333535636566656331653235343436
30623131316535346232326438353261633362653531373638343433303138393366646463616465
37626166356331626537386366353933373034373061333138376138346236633831623864383631
65626130303139653831346534303737313836363565343837653332623433646339376261356334
30356561623362336366643366306639353235373036323038646266306134636630616439626630
35373439336666636433656138646634326362376639346334356563366636323033333062336339
34353233323561393533383661613232326337383661336432613062346234383334356363356162
63633364353361323339646463393066656432653766633765613435303165383861643030646338
64616339343531316537313062313435303862656330636366303436643262373362353733613165
30316163306666376362613237383435633430343865646131373265616161666130333962363137
66373761356533633966353935326637626261366337393866656339613462306231613763623065
33393964343464353639666432303761386362323865353366653337363233386262353631653536
32333230623938336566633266316661633433326634326639333139326437353930393432393265
39316364393562356137376233663364356536613537623439383236613066363234666433623764
64636461646364393434393234323963643238383463323138643234386631653661633136323437
62376233323762326230353461326362623031363262633736376463343035666539633934643263
30383564353538643035353464643865383339393433353833383166336162616135336432613236
37386530643730343163653431663738376530643630353365653963363730326637626434343738
30333037316230316631633963633839313961666333303063363361363334343230336561643563
36373064343738376566666339353865326336393535313630343732303835353265633937323837
30313631393730626632303436343065626238393038623932363131663366303734343562383530
30363561633133373164633135383535326430346665656134626134616433626330343132353461
31373065623264323165333534356439373537326631343565666539383837313065393635353033
37323362376365323839666362323866376362623231383032613061643863636165383465376266
63396638653661356136323161366137363530383233323431356465383531646666353931343563
39666565656231333639663833636137336164373031663464396438353464663135613430373866
39623230306561363034396434386632396663646331313366396465333730393433326363356466
36303562646433633539663032353230666362623738313266316236306632373135656536646634
35666664383235663964633666666263313730623563316364653265336235323832666130323463
35633030636532643837623233626264666565343731383065313335333731303639613834353530
33363938653337363236396330636566343561613334336130316163316436656339653736623236
33633764333564663530323262393163663262666566666633383765316431376561383763326533
61646164376165663337656236393239373266353163613431343361633761643830613234343539
61633537313335396631366638326230623331333363356563356130376361633166393837616234
33383064386334366333316139393163303961383232323337343638363663383562353662636361
32386364373030636530636330323563646631323838373864393763396232626137393362343836
32653039323130346331643339643761623537326265386636346265303164336131643066643765
61386638313736373264303431336639353537363136663861636435393736623266356662613933
30626364663732653933666433613365343735626138623933643434633034396264613161313536
62396134323433663164666462613930343335343737316439656563656165353565306661393464
32333938633864656630343866316632633964333637643964666265643565393632663738393338
37666239366566386265616333393865346566383261313630633235646263313766316461313264
30656334303966636562633862323138363837333539363032633539643461636666396266643662
37353038353162616466656162633237663039363263626434636631636431386639313035383530
38313837633263306434353332386136366137346233633065613966666136633635623261633463
63636435666163313061613838363065653137383464333637326565376266373837666565646233
64656538343335333838393061326439616231613138323133613537323136656233633762393139
35393233613763663031363230623933646264333634353236633233363962626133626636306534
63333536313431303565396262326431303430393365633664646264313738386564346232333838
33643835303131383437636563643862363236363834666531663962633232356338643635633761
38376137376564326436313964313064363762626337653736366438373939373966623132666265
33653139653833653362376461383466326661333235353063633934623161363133626331373533
65353930303866623839663561303237626466616666633339303639356561653533383766666365
39346563656536323539383961623438633263336261333662656232333632363834346332633864
35643733646233613630333434643635646435376437376463623565333432643033353530346134
66633436326532393939613163336232333765323333383832666266623664633765383866663339
39386364346233623536653731633337623866313034303136333732613634613562323832353061
66643435366533343337623163376666303366636339363638623965643439653864363165656165
37636461366665306437333163646463383062396466333536323933653866653366316333306362
61626162333863613561613132653063366630623239343335333830653630643731376664646264
61326266656637646166326434386434393162643232396437623964343165383936323536316439
30613761383039333233376134336635656131363938383664643761633232356361636639326433
66386330633962373432646135396361326361356462393934653233333031303136303666633462
62636536336137613238613139623939373538373066633263633734386363653039646130656361
34646233653564326366636530663132646162343635626632366137376530363932353038613335
33386630306439653863316437306361613261396630313932393765313164336138306664656364
65633731323232333532633933366636646365626231363364393334333836333338383434306561
61303163326335393464643364663930353734323832323730363364613936373965346561336136
62316562313266333661613633316465616636343432326634313933643163313939373434366638
65396337643830643463306534373034306464663362323036333631653937646430323832613636
38623833623939373933306562663664623564396536653932353135656162356437346364343662
38313333643233316239326336633137336161343763613538303766326533616262663531383533
66383030383034326139633637363739666665633361353139626432393062646236396432343062
61633863616135653638343063663133616161303133303832646264643837656663336234626133
61333366363332303232393663633466333863303362353066366237346235633139643063393563
6663366339393066343564336432366131356136663761363665
