$ANSIBLE_VAULT;1.1;AES256
64653934663162633230353865336631626332633037363162646231376663376539383665656465
3364613563653831373261613039636338326363626539390a313937356266646566626335643066
37666537343137393639393732626132653831376433633161373831623734316237346131663762
3536306663646130340a653037643466363064336333383839373561336136633037633963633462
66656462336336663266323565626637313034396261313065313461343332613631316231643030
61343431656439666639623438333764333931343761636232323361366435663366643037303837
31633066646264646333623036396231343365613730366232653961393963626263306136613033
64383239326163376563646262383638666335323063356434633431333866646664316636326266
39383332656464633236656233633835653935626334336664626263663632363337643966656133
64303039306335373030393036303035623966613136373434393266316534396438383462313831
31386361396439343262353030343338646263306338336461313131393635383133303635316165
37353532393131343934346161336133663865373434303336386537356538633830343363363361
30323331393039303437316261303532306633643961323965626134336536613964383562366438
65636238363133653961396261393632316561353362366361636631366239386265363534646466
31353634313531363133616163626139633065373734346231306430633639633632666434653035
35373963663266396461353139333366363463393565396265376430363066656330356330663332
65616464333262653632643963636233386531343631346265666363646335393932323934316536
35343663353433376532663236373461663238303233313137623863663833623263636535373331
37356266643033656161393962383135663366363039666631623334666462366338316630306530
65353631653136623961373864376466373838376230356439616333663536343536366163623463
62316463373166313432343239336630303330616636653663313862386563303761623738383963
33306335353734376334646132396261623436306637613235613730643738363566333937643135
65366465376138303337616331616634663634643666323962336635613962363136643234333332
32333534333031343862366432643536366439623939653231363338653231656237613431643365
37636565616138386165363665303335626633316639313137373531343165663632653265643630
33303436376461323334626536313864623634393833313436633666396362623839393863376237
37393166663862373430663835383531343866343939343564616165396632353139383366636231
66316262363139326231646330653364343561653166343735303164383165383132383662656363
36343335613964643966306139663230373264666663646434373330366338663964623261626261
62386635316663336539643061396137653939656162383030363039613336383530323966313361
31386333383032356137383834663539386566626333346638313333333334633333633831653232
34323365666465613335336536663330386430353362333464373837613763656536313661363039
38383665363232313739626432313462323166386465363462663466646137656538373233626566
36643239353731353363393864346130393863666630343234346164663233396232363963316463
34616563316262393738326562666533366466326237653435326537393863333132373636396633
63653535663466356238313236346536306361626662653831383563336437326233646563663135
38393434336431666539656538366562643364333364636137376634346230363462653763336362
62373265313766613131356331653232643432386565303666633765333339303262353939373265
61396634653063626632356238316532343461316165346631353537633237323862626539313961
62666261653563373966376561653230633761366133663932306636326137383838646334356237
64653034623135616339616365383063373236373132353237323230383763346232313562303131
38356264396238343466316532343332383838623162313334383639316338363264383263393761
37373161643566356138376263626362306562336364626137623138653735646461623461336134
34633062363562306563366265653533623332616461353631356433616332303639323734663865
37656232626331616635306561303731366634656663663462663539623562363763393366343464
32376663356264663261383864323966633238356138336363623361353161333636383735343230
64386439356131386263366139356131333365376532373031656439326232313336396361626361
33373063353135303033303238643566303738663438663234383733633837393161643966303166
62396638663165373434323365336561326331633762393735616262653239363338333562343137
62623564373639363938333534353039386132323535353839393634303637643635373962363237
62356630656632383838333462613164623036343932656230653835643366646362343865386136
33383161666433636664613233333365363161376337393564373864666664666662643836613661
38396231653163336535666565343764393831316233356230333538653561633032653639323831
37396230303964323237383366366135346430653861633730303062353532666335633765653035
31636463653232346138373230376635303865376662653533633962333265613563356639376539
64653231363832616266343030363032316265303132376438633065373035333030383331326665
30316434643066343330653832366566656462353762326535616633626137633034623565643432
30396661663737366632303037353937356530313563326330363666333738386565376662623931
33616564346365376564336536373834353634333939633464303536363139636463386338373739
66313766396562343334663436666237313638356161623164653564373361663634653535353563
66643531666261366430663339333831623332643966633266656235313162656161333163666238
39356339636438313261353736613134333463643239613263303662653232323634373136353832
37376432626435343235323466653763653937373034623434666432613562366332613138613536
30653061333962383263363664313332343961386538336464613231323931373164363239633564
30323933303039663862666632393839373831376130616461376539386133326238373039303831
64333464373764303636343739346234653663666333616537653630653937326166616364333637
65356164393634653263336662343564326134666137353535393064616163663838363465313061
39303864663036363663393436393038383030626139346238306634356163356664646232326231
61303665653636323064303932373430303736363032326536323038316532636465376637333665
32333431626362316231373536656562326564623863333563396263313264323363613465336331
37623162353964393937333930343461346431666361366364366130323264356461613634623766
66623433623162356564663163623139313634666363306434333337306464653964643965646162
63366164343063643230323861613732363866633635303565343031373165626435663165353062
34613430633738356666313962356163356666316166666630306266336339663666303663343334
39393338643337393465383836343234366165343438646637366563653134353336666262663736
64633035343531626364666165353730663834373535366630383764333837393335653239323562
62353366363734646435313932343835326361353832366539326133393963356439343534363434
65646335373032323132626163346231333566393238393033393962613638613833383263333531
38363230656230653965323964316638373732303666663731646231343566306364316631636436
31323466396631613036333233383639346361353162363233316365666632653839613463626361
61303165363432666535666364353034626166356636356630643934333766356562306632623134
64656537353632333136646261326338626637636363333165633435366463653933373262333137
38313764316237323861373530333338323139653430373133313266333664656434313939323532
62393438616238323737336133613934393439623836616635386133396139666561303039373462
34663534316231373135646635626164386264366632643931666134316538366233613635386338
65383837316238363465343264386164656336363535613739633439383631313337353562376137
37663962383563333662393538386330353838303632363462323634343763646662383632633461
65326562366233663732633566383865386532383661326566363634373236663961333537303835
36353861613632333531663331396462663231316333346439376161633133643562373735626563
65356238396130643364373333313962393533306662643436343637323565346535313966306139
64323736643130623635303632643563363336373838313236303961383461343661663561643938
61333862376466353834313532356536366238363964363731363938623233636534663162313165
31373462663236646435633562306234666238313130643137616564363535646261613534353733
66336263343431636662363631366130356465653534353830393332326130333736643532306364
35656330656338306433393739313731333439366630303638656539643562386564636632343830
32633034373263633939353366633863323438316365373234643162313966336134373735393964
35616465346361303164383232633939643163356231333232633736626335663731323761623261
64643930633865373334653630663934656561316266643666386463653630363936336561653635
64666138646134313833333961313032313962323934363362316435313562396262383430386133
63383739373731343532306632623564366236633263316630663261646366353062636138393962
64363137653034333330333938633137376438393339653866663233363461343433633637386262
34336465323636313830323539336339323735333830633231326164646661313738376266636566
66306264646635353663626362373463303436346462323962623835373063623738633263366231
37666238663665663139396538373066303938646337383038663563633366613233323063323737
35633233613533343666663162343231316164353032303565336335646666353238326464383166
35306432346537653534613739643632396339613064366461643461386530363961366633643765
66663336336461346339626230623165643534313235343162323930636336323933333538656162
35306339303132316332303934333966373035643733316263656438626537306164326130373538
34313065613465633365326165616462363135376333373964336163346166326261363436653237
30386230653233353935633162396132353632623736383834313466353264363933623935636431
36613638363932376265346237646639313633343134626661306131656638326363643933333434
33346235346534303862366539303937363161323663633133373130356363343961303065623937
30633662356139366231323634373631366433663161336535333834323761663562663765646337
39613463623766636663636636653634326338616362336364376339376235333966666566373633
34336565343432663233396662646365356434333039356363326333323934303332376431373366
63356536386538626433353163356661383334356363386664613035353065326466313864366163
37363537313636383935623565633438653233613466373764393835653232343065363663616231
64623363306138623735393764643536633637393235393161366665346463653865306464656633
31373262333932313764303030613662383334633538373465393161343635653834303535363538
31626138643930633964363934333461303765353962633835383462383538373430323339613263
36633935636664336131333264356636396434613462663261333731313239353137633239366664
34313061366538666564356331376135646539656561623633653830326361646564373932363432
33303735333536366662636138356239643936363231353838353031396235343733643236666366
34363739363264326536656630366564303064373934633837333864646137356331363533663632
32313930356163353933623737333163383038303336383332636234613532636433396636616637
31353065373338353535363631666636323432373832613363623935643436313430346262663238
39363436636334353963313666633538626563666665616436323765343638303064396334393532
35633836373063306566323133366164376339366637303638323236353533336561633334326238
30333836323366663261353335373737393934313161663238303236326266323764316533323265
65313937623033383364326363303236636462346133323136663362383433623931396166653731
39306134336362653533633162326137333161363266393866633762396431653030396564646135
34313836303133656231633862323337633731613665656130373931383732353763353130666237
30343532333238383765643963316230373330393436333530376664303934363138383832643562
38326632666464656661663538386466323065633261616339316565356138663733623631663237
35613432343531313433616161396336656133356463643539383062303161343661343864643364
36643130313539346562346661633963316239356632653333653333616334393939613732313364
33326566633165393161363462343762656534376533613032393762653862393563663731656462
63353638306332656338646239323865303136306138393965313036346230336462313034386330
31636433663463326564373338373164333834363066326130396433353361323630313166636264
64326230643733643865646134346633343038373164663063636335633332386139633563656533
32313231393931613730633162623939326561633665353533653932646637636462373865373235
38313563636530393438353038383462343233356235636237623335386431626133313662306535
66326334323839373065326235343461366230373965326633393664373236643263366637643739
65346565323866613135623630613932356438393531333633613864663732663561366563336437
38613730616237336261383931333831373866306266633731643037636231373431343665316539
61313330636538616433336338366665313839363532323565613566333864313163643630656433
63653530626566623664613336383739373662376333303831643631333131653430646161626564
36346230383134363637313561303566353336393064613764393739393961393266653463396165
32303339386331643963313765653034306530363837373461306135393863643161396132613532
35323562643637646436336633303132613131316234623431633833636163643038633764623463
64346461313634623665333134353835346564383934646334363736353537653536636639363962
64373264623866373239346463393863633636376262636438336231376538383131656338393430
35616262336363333330333632363639623034303232636563666439346266626632633234326166
39383464636262396235633933656137373234353762356431656637313933626337356465383839
33336538306337326162656433386636313736303261626130386537396530343361626239386635
30346237666130343736383861393133373533313566656431633862393831666631653365623964
39663563313732633462316138366437613863303361393062343665336532626330323339393964
35376537623634393465313539646361353932343961626536333363663764373632353536616331
34386262356530323030373934663232353335313533393338663833626164386338643931663037
64663139613138323830306238303638383061353936393562333539326333623364303664623038
33653361303064613137666465316236306265653232303031383434373639633337656132653161
65623161333035623264333831633665353464653463376233313861666334313433343732303436
30383932623762316631383265343265626363353766356336373536313761653366663431366130
65316535393037316234386133323630633734343662636237323334336634336161356337306430
31376432333530643030646233386332353735353461316536313938646364313133623735326333
37393233613536313334313238353964646337613734663633343362356633646232373734396165
33343363383234333937303036336539383736303833623363306135643365393266643535623934
64383233616138326131663563616462633431373032383562386235313431333336373436633333
63663066323538656433323564383766313265373033663763326461303064353036623333636532
35393739663438333131386461326139663530353961303935643863636137616137303634303164
35363737346631383761333637623136663733643232306662653735656231636431663565366632
38356138353538636563356534663138663139386633396363613830383232393038626138336233
38656633346431343137613566643165666566623139666461336630363534353461353434386238
61623165323964303431353163613764396134373362323061383930373064623063663638306661
36333736623864353536636665303762613634323761616366653233306235343136376134356563
64346561616636633562646635383562383037363864346336386661663137356362653361393766
63383631393661376161303664663835306532393962313538353737316639313063623931633935
63393634363163353539646461313561353135366133653332313633303961636234303033316364
31313836306364636637623161386364613666636536623632316137343838393936303864356339
39653236353862366532623332653731663863306430666232303565313033373561653630346437
35356364663436383335653264376263373137306235336639653639386139343033323030393639
36353630346434653439333361663235613063376363313264316233393037366530613830623739
31343839333331616435326166316165373636343137386638643037613439646462623930363161
34353665373135336439303865383135333631666434343039353663333532336363373339326362
35393832623333353434363639356239373733396535383261376331623833323638656233363534
31393564353032356238636466656232386162613430626363333762643738616535383638333131
62636430366430386263626535373736353837383161366535366364633435363533396636333165
66653764353963636137333866303762346139633631623165636430333439376334356131636439
65396461633262666430346366363264393738316463623734366539653635623339306535626561
61316635616537316665636563383935306336613033353030663035653237313138356165393735
30396331616438386135353638633662313433333737333633333761633364323566363461323964
38313863363239663438613964646436326165666366386565323233616133326136663937643161
35313035613566303431656165626139303330336332393766323431313761353461336262643331
34623036383830613364343336303838643765303033373534636231626530356664623532353736
66656665356131393632633638663939343966373331346264346666636163303534323530343665
66363562633739646435343635393434393863333165383930393765373065356632376635356536
66376334643839643832316230663633653034346535323931633730373433386163623030666431
31346163326334666365313566366634383862643832626339333035353337656364643135653733
34386132306339366165366132626361313765336531396236373064393965356538393362376431
64343064346534386534306637316265363833333837656164343566306563303966376335343266
32643530626330363361623233613938303265366433636264636233613634303335353962653832
30656337633738393133326164383064353534643461303864613039316562636435313735633633
34303032653036623737653834333838363136343133633064343039386631363838636632663039
61343436633135653466343131306230336365633231333238646639653234613236396366333939
64643166636237383563383537363835376339383863326564663064373864633036323864383661
30313631346131366534623834346162303637616432313463643632353064633264346665303966
66646539303735663266313630623466353361363734303137616362656365656434626432306138
66643165666236343866373964313466616364646437343437636435373831666461653061393433
61653962626133303832346537376535616463343231646432316562306430616637333964396333
36643864656132623132333337626535623137303666336264666239373032613166313439663936
31346663613537383761636461616662356430333438633537396561353331636237616633326430
38656266356264336136363636663463333436373965313034666361353737646562636133353835
63353534613131356164363264376666316331656465373835356633326663366463623936353639
37653664363961366264646631353439323662316130666565613832633235393431336131653037
64343037666131306235333563363530636130353333386231303632646365663066306436313965
61323163616533333530303036336433653533616539663062333631653935353063336363376130
63313464643666646361636664386139653962353864626166313364636635313934343065346634
66663962386330333537653833323762383430366337636238393432613933343039343836373262
34316366303362353431326537333430373461666638353237623163313537383831363433616231
64346166336237653337383964346561373536336466353735323765626633343736353537643763
36313564626237383662323866666135343765363937303336306565613435626465373464383936
65646332656531653239343034306336666566616633373139386137323037333030333866363063
33663666383965636133613030613733393966356232313863663661316561323636646263303834
36376232326131393563656232303963383262366638303833616633373665396235393933333332
61303838393535636563386633653836326337316133333031343835363864653737613233346631
35613231623739643637383163353864306138663865623766333832306438363530313839626164
37343933313336613463373265656335636438626232636130653364663339623734663931653736
36366435363466643130316437653763393735383262643230643561323530656632363931313836
36363565633436303361386536653864356332376134643261303138343266373130633230353535
64386462386339376138356161636334646361393163363732373766613338376362653266316464
35303830356533653134313263353766343632366631376366313031313637383239333261366566
36616335303339633062323932633737323662643039613238323432353061373664323861663062
64393834626666373034653239323631633237373830313864323761343139326337306435653338
37306363613634623362623462343636626334386563313731343230383663623136343733633932
63306564333465313935613461336362636330313032666236613633333233363934313166613466
65316565633336643131326239383431653638356632633761303938653134383336623164323462
63313463656630613265306439663636323036623732356430623463306463306133306163323533
33663730366564636262663566663434626666653062363338366332653634616133386532326665
63616264303739316362643634333463343362303838386366666437636464373131316230383636
39666135333836323438663038376330303530636562343161326634373139633563373864663730
30343135316632333638333930656431613661633039666463396336623533613037323966306364
34343961343162393364373935613036383237353064313463353037623736333637626630303663
34646635393266643333356134646539393533376132373437336665363836616430306464356563
62643334366234383537613134313439333762313839373565613030376335663265663030373061
65346166353535646432616134656238373938666464663836323933326361666134323864333463
63336266616232333365343534363330323435636432373535376530373737613361623666313566
32393836643530303963326137643165633239343434613032653139316465626366363637353532
30663831636166306437656233656335346565396166373262313833366538646434366636306664
34633736333834633331663362333861626566333737336564346566613263643663396366386339
35626334353866636130623636386230613535366139633831303535333838306135313462373832
63363330353064333734616136373738303866653461653665353966303039333936616232376536
37623439626237343531396436303263633836623939653763636331646232663663363861393737
30646262623366376536663437396331616461333066303463306534356134636265346666396536
36663936646236306537396161313737373462343439366639636336383130333738633264303034
33333833363963373539316365616231313739386462666537313563643930386561623563393936
65316436323737343432376539393666643231386163613566343337656230636434333566666562
64323130616537376666633162646339323866303737333164383966373432663466316637653865
30303839363637376165613564633734366466366165313838653736633266653038383861323466
31396139386663373838643561353465626434373533343262366633623764376530613230376432
32623637353038396231306230613539626230326536386336666261663164343433306336336265
37373531373939653766666664333632306361616431653638643864623839333930313832373863
34346439353436656137386265373835303262303136633237346336343239643165393962663331
31376533303333623638656264313462373862343231623333356634333230396536623830663562
38633964303737393963663262316665343332613438313230663434613130636462646534623661
66366239643665653764333532326264613033363036646438313734303835346330326332326135
62346538333164346436636534343836393335646333656663666435343337353332336666343538
34313535613837633339393639613331303662363732346434653230393330633231353563613733
30633334353534653735373766633061663038633031636137343362363938303231633033653532
63613063653638366334316438363236653438353137666661363666653834643163613665373466
31386230316564666562393834373862613234396336336266396135393933376530393464393661
64616634623739353834393339383561303862366465313831326665393633643635346262353134
34363036653138393365366166643636356434376164626166623432623966313466323165616230
66333566393330343065373165643261386534393763303034633931366234313738376636613562
61613430343366393635373766306232383764396636316161633363366337396230376231373434
31636461356636306239383962376537643162643764656636333562336631373130343064373234
65393336323939653137343636616333613234646238343131363634383439643266383464333266
32333463626431333835376265343234373333633131613437333738396135343832326366393232
35313931323164653934373637333139343134663866383239343833386438323635656434373766
65663230366266626436353037653834643561643136343163303561313630636266393838303937
36633363316365303135383361336636386231356334383061386438386466306466633739363139
34333264653930323165306166306336643261393434333138393465663734316632623437633166
63653836633966323038626365383064326430653463626162633437383038656635313362303962
37356638373166306139663638333732313532313961393138666439396530653431663535366133
66373664623663346339323161386635633666313535313664373633613364663664626261636534
30333030616262646662303963396539653162336362383932633939653863363835643363643965
36353639643032616633616466333234653135323863643633303630663335316232366630323935
66366262323332383434633464303433623134643334303066613465306564366166343864383466
34333962393064646161623061613563396333306466363932336435386364376364663839643665
30343963346561376132663566306431353064353038336133353330383730653165313566363731
38313762653536323735653338633164333766653866313732313338326161386136356162346335
35613535306136393566663430666436363065363332303632643334656235623731373765353166
63663064356338326536383433326263353136663563306561663663363734323037303665356666
61336438343137636162336331636562316132333134653132323461393039613035306231353933
66326462653630363834636438633137636539393436363765643133386266303237306662366236
31313135396538303231323966346134386439663839333231643364373030316363323236366536
30343764303365633633333535636635663737396232306238653363333235613138316335396330
34623262363034373636613330383363303336316537303664363366366434396561383834643763
62626433333337323665653264633863373833653636666366373534373462653961313135376432
31303138626533393438346535343739633130313636356333623039633633333630313365336461
34663038636239363639316630633938666364313132326664623831343630333131363133396433
61323934383730396231303334313932623664623461306534356136653339643937326362386537
31623564303239323166396136376164646638646636623361323432353266306264626563383761
66656163636237323036333261623362656266653166646536666339376532626233353465376535
62333739393263366363303935646138663633346132373230653762303265303033353430336263
61343665313137646663353337666465316231633937653037666163323664663563343761373130
31666465626439353561323463646133323638633438653431656561383538336533623031646166
33343463383937613835613333633431326236396535383939346266336432656564666634646439
30653865386565316233313336656637666661633634356162636434613530663732373664663835
30356634323236343263306331633964626361316665326338303431653838663437363265363061
64643533336139636165333139313466646462326563323134343531303966386565336132333636
32323733633963383431396363653865336162326438646135306236383737383436323230343263
61306134666530613230643966373334386135653263303338663931316330313039623566323939
34623130626261636434326263306437653533666461353362376664663433373333333466373666
62646230363663393166373061626466303233306631383964626132626632303336663336356164
61376365616239383832303236303364393530646432653235663530633935393830646235346463
62363935663131636131616635303836323032356533633935353439316433363630653230616139
37303930646339316466313064663232326537356436353839623434666339386439376630303839
31613834633365643865363930633839663530363236636638646539356436633565653235353531
63623365653836663038613165343431303831326131383230623638326362626164663862326165
64343032636131343436613732343061303835613236646131346333336139373339373465383737
62626166373363343136346132353130343934653164633432326537653164303861366162633039
33643361356561343263333135373836383361636636306436303661363966656234336261396566
61666365653130623337393164626437323430373862653064346535306436383338316538613966
31326637393837333963653261393931383233643361393861303937303537303864366661616661
31313835306332333164313663663461303937346639313663393932336339633763343833636434
31393431323765343133653631363237663765306430306463653539663635626233323930323536
33373635393636343361333166373438376434643264626336623434333638326233393233366634
64613731663238373630316530316266613538633961363464616634346131396138323437633738
63376237623332313038306266323563356337326362383064363938396538343030386539653632
31353336303234386161343733323466626665323563303463636437386137613439323739343838
66393533356539356235623266653136303735353733643931616565613334343365306436643065
63343632386631616261636330383539326232383239386536636334393064353261636133373938
65666539393830333536666565666439623231353630353538333232633830326561323264303735
63633738663365363934383338313165376631386237393661333032653836343565313163313435
66666661333363663862326634393163363763366365363862646638316566383338323232386165
38313339613031643163633137663031373163383634366664356566313961626165646632346563
30633532383665613764373438613131373962363066316430333861373561636139626637663535
35656537353539323066373062643830323835626539646361633065343761356236386535326634
66643763656634636430653236613166333037383035306338646338626432343766363730653935
62336666313063656533653439646565356530393466393264393463663633373231623266376236
39303463633061613333636261396365326536316137626462643631323538333462356365633434
61303731663335663763376433326531366237616538623936643562663637326539626637353837
32353963306133353132346136383831386430376232653134613634333161353736626138313135
36633636346566623532666361316439376362633130346662633066333334306136653463313363
66336532613035656438306233373231336339646639383133663832376136383763366137653030
35356337346561663435646539343732323264366633653561306532316161666335663130653738
38373433313337643061613230323231623266373831336531313232666265333463326162383736
32363664336362663432363536363632316331383762306437393164613964346163316436306662
63343732393864633161373730353966613032393261366661396465343631343665643232626463
62653462333062333462303962623330303663613330353234303338313132616636356161363934
38386133363731636163383431346266643964366564386265316438306365346134643934303334
35613735373064336530333835643237383163393865363434653039306532303561356331653739
33386666663831366139636235326566343333306433666539313337656565646334366466666135
31383866333735353832666537636231613436346538343063333034623034306636343532616531
33303461613331373464386634313433393630393430393565653633636638633962376136623462
65646135653565303361393531363961613936313466373038613231663037316634323266383434
35663330313838663735613738646330643866613737386131363131386661666437306330656562
33316565383962316133396262373138383032346439396437633136346239393930303133623736
37633131386564643339386639353165373839343637303565353233613733313031343732656662
66306362636136663162353037386432316435383939326663643464656335633335393061336537
33373264613564303933376434613766373261313061336338373066343033326339386338313338
33393932643865653931336366643262653834633337666232393562643330363736623461636565
34343130306464363066346463396437383234663563386464376464313563373536366134353562
63613336663665353562653233373837653561306132633832323065313765363839323261666533
61636364393464356263306331643364663032663838633664393761633464313265353633656139
63353330363636613237336662333036316431663463393665316464636363303763356534376238
62343031333538356134393733363763633037383761633533663034643165373039313336386235
36613133363832376262636563303631626666333366666136333839393134303666656362323032
31646131633635666339623962666632656333383730363330353134323265623131613032663530
30323665303763353932616464326236396132393036373266656135343038656262393366363036
34643161356363303939336635663639666238376634633464323563363836326262616337353431
33393434633136643033333837393034616265313762346666656161383134396235616661626366
34373763313334333539326330653538396638613430643466373634303266373263623233663232
34623961323637643737383466343830643938313935376138396532323864663162333764333534
62303832393235396638343333313966333565336130653065366239613734633632326133393266
30333230366331653135666464623866333539666534663330646337316165643764326264346533
62656633663537303663396632656237323331633237303136623234323235633137313265636164
37663235363234326261646664373237336537336362356630313061373439663862636364376337
65626364343763626237613639363638376633653861363965363937303665396431623165646664
31366533353762333138323538613061386634333839326265353936626632383463653138666438
31313662353964316261663065313239313234313064343433383266306238373430336134373037
38353964656464626636663434613436303333313863353335373666383062623866353931643263
36323635633538353731313131356362656162313938613630623931656431646437393365303033
31613633383035303931663236363331613238626263313264336163633464376434383236633134
30373637626232353164306236373438393132663834666235313439343565333832623439353337
38616661363566336563383763303662393565343438636664326137316230376438326636666630
32626430643062393266343661346264613136643766306435656232373936356132323866363364
39306336366637616166323366383834393963646230633866613031626539323134386266616263
64626663376331643831373961626434376233366563623166646238663662303461626131383938
33393931666364663666323130623137343132316330626534653464613864333961373565386430
33356130353538303130636633663839363031376231376130613662313764616536373230343732
65323834626561636162643332316664346230626661623232653566626662326330653963396562
38666230643765653462373264613134393636636339613261626366306336316639316538663662
39636166396361396664643337623164613034383462333062656537653962373364363537326561
38373539373137396431643238626166323863353937613932353763636363626462373737633738
33623339343165333231656464623534633332333430623037363436386331366635613965636535
39346563353938393937626565313735623564373066306237306630616633616234656630663832
37343262326639613630656161653735356339373164636331653564626230363031326336343630
64656533393930366633653964346236313463623632653961396666656634326532326232643564
39346330636163666365643539666330646633343064393238363534323165303430303932303633
66376332646435656138346238393863326437653337363936313633626531306236326634373731
32346263366662396634343636373434653030373837343566363836356233383361323764383437
32386333363366313133376438393930633336316366666132633930393635393333383466623839
65666265336239363839386461323536373632643739306664376537306234323533353535633464
65343533623036313536323862373966663832356338343135396631393962323763303439613433
63616532306639626139306337653465663333663431336133396337363864613933316636623937
38353362343730363231363563343836613466666632383062323530636165323461383461633933
35643539613330613335366538623564653537636434326639363931363036346366363162306561
35656431313930326165396664656431343861396635393561623866643433303939383434636163
61346238343232656330313538303066333962346338343061636335666366656333316531663336
30343665613661343331373165646365333661663238306435623064653863666137353366353338
61643065353764393166636630663161313534343132376332316365326466333634373333623431
63313963636462663936623739306430313732646631663661373338393866313535363962393765
64643039653331373564656261393563333562393566343261623463333861363664623366633739
33633065343937393937613561333834323366356231636565313830303532336466326436353535
64373337646363346339343664613735346665643636613033383831363161636438373032393636
37353663323166336563323830356264633663366565383661326135663465373866393537646533
66333164323239666537373263303935336231353731313462666238633136363938373761353062
33346464613834636330386232666366646266646239326262326335366333306639633864616366
35653734383365373032386331613566636530366238393264396361613639386130303563623133
34363862343164623666653730373834633163663831383064313131626437363139373061363632
34353032663731303338336565393231353331356236383230313362393061396236623632386139
31386430333662653837316464316132346336653630366163376364633737616566376535333764
31353265663535373437666335323932383030646439666338343135353432343835303732393366
65636235343331643832383538363365653265383732333739336635613863303763396366353631
31323338623434336461393731326464306333616138636366636262636432623334613339343166
36646136303061363263623763383636353165356639383634306263386534616165626431653031
62393166643434623430343239376437306664313865386430363663643034383832373233346230
63373138616163333330393866613734613434313865306163633437666265396361613666626436
31356636643639666535623764666366363438376334663733663238373364386666336232386238
39313334363236346264386433313530666461313938303939386262373465613539653761336137
36323930313338356339383830663865393565313064633039306466636639363366633561636635
61633339363839353936353966353632393232373661363234306532353830346232646435393561
66636262643737643036626433393762663639336437326638656364663333303165656530303961
61653739643066303131656362633033643132396262616536346535323535366338613536383739
64356564363133366332643965386339313931396363313764623933316465336362656466336436
61643063363739633230653831373361663937653933393966363137396665616533303036353233
32313739626337393833623061356466386465333437656535303437313031386135663639356563
32646634313935653630316364373039633235353966383632343333323432303837306132643364
37366666323765663535626363343539626334663563343039306536393437376634336332346536
62626436393363313239646462343061326534616364643735383761363336333536643362623161
33343236646632386665653661383930363463303965663730356664306532626530666163306563
36306136616338346630623934623339373739666632323165633934323737313066626439323565
65363536323230373239636438643031323464373833663761643231623663363961633663323530
32346336343665303036323535663363333663303632653934353531356137616631626430366661
35623935353838386162393261653633396466333963343961643831316237663963653131313961
66653830623539393861303963633964313933633837366463643432646233653231643232396165
33386335363632386366326665656437666134313765363862383837653534626637663333326265
32336336376130323638653333326433623263633139663139336232353466313037326264306564
64653761356138613230396264363836396539343764333763663433343634633766646563373764
63636563313963636632373133623738383933386537343737343137386632353035356436623066
35313930636639393238333233663765643163663833623238396435666138613262393735303761
66323062373633323139623930353663623566356235626130653839613463366537663332346131
33343537633030373939376437396561373337346362656332656130346134333266643938323635
31643864656531613965353866613165666364613130373162376630333336336361663263343937
63613134336132313734363030633235633339316132656437366662613235323263623738353061
31643439656632663363373139626165373061313965623662666330663531646433326530373639
37633636366164383635633432623437653737646338313937636266313365613464356630316537
64623635323337306162643736623632653739303661396666376332636639623335303165633630
36363337353339383631313762363439626130613337316564373766353739613066323634306233
36333239623365643663346230393632623635393762323534313035313233643435643232656431
65363063666334323535356132313165356264636636613165653465373634356561393434653039
39626430306330633132326639616131626239303837346634323934633166633636333865303965
34623965306130336536636336323565316535316262353534643137396138356337356534646432
64663936313938623766373931626535623531333231373164313864636439303538313736623335
30373632653038646435316461643339383630393463613430633931643962666339386432333930
63346230626231613962373438636538653539323736626537303730336631616335643462383536
66636562333863653433313038363434386362646230353936653837663134653130353239663165
64316131303261306636393563363466363363363838356564373634626137383663366638663938
36396136353263306336643133343831653634643936663632666531626264623533653338653835
36326434363636346230616139643435376230333863336162353935313464336564316634393362
65383638383562376165303438363938383436353235643661346363383530376631306332326635
30633137633262336562383139613263643934396161303661306431393734303536396362333962
30626431323562393339323437613632323039326263656434646235633262366334653935626239
66373130353733636131346230303832326137373563373063356139306139393031383939326530
30613765396638333862306462373437313362646434666361363336653431383031633237363132
66663037343062653061636430343436326634313537343637633839323336386530353261613461
30373561656538303734346463666166663736323162326133643334636564323732656261383962
37383930313935373530626366303135393439653766616335333332323333313361343339323266
63303335656435353063336131306438346462376137623030323533363163663063653033303937
39626331333066633834656535633663303139643631646330626637626636306531353330303736
39316236353337626236323431653862333363653939333235623965343437366631396235343663
35656435386237653435333366326532643531663162663566663030343265353265666138366135
61646132353230306363376663303663643131626433306335303437326265316636666436656337
64393664346266653538373335326161393161666665383066626135326564373130353339633966
38316464633530636666336335623363383735643930383837616364386637386361623838616130
39623061383035393732616133623664306532353463303238323161653033373138653437386634
64353433616234623931323534646665646439613362363462363033363663623661643764333762
66653566393937373632633462323438656235613234663066333136656462346430613633613232
65376265333531663632656635666232333232623033326239343438333037333034383437356232
65313738636164323135363866616563633862663834316335623734373361643338376236343534
38323661323665336364346330646436363762383963663561663337343334316538633530383763
65396337363438346331336236383765636630656435336533373430646332636163323465393430
62626437656364316336303665663361653637343365323762393032656138646134323266366362
39663634313064323137326631303637393363373436396266326364316433623137346231363730
37356363646361343038303566626561396264643535353534613263613862666531373930663566
30633563336362323032306436306237313137333637656332613065653138326131663161386564
66663339373836623531643164313839373263633065396633313835626135346634636535383161
36643032396562303135386165383832346238323637383465666539633365366361616438333065
61666431343762376635396334336535373763653165633963383431323232343732383531393166
32383437333333613631653034393035353130363362613235313739633437306362386130306661
38666661626134303061393531326636623661323337383464653935323039333565306636653935
38316531646434663531343165343335316565386365336434306135373366306638336430353462
36626661323437383363323339376634336430633039313538303366366433303135663762396338
33376362623961623533353035363238366539383230613330353763363964386337653336306535
39623831633865376461633364363235373632613239626338613838373236373038633832623539
34383162393166313436303862313430626464353562666430633937656662383931383134633664
30336361626339666638666330373536656332313538633862316338396434336232383764353036
37373865343664316238363830306364373231653331393233396162313364306530656339613064
65326635333666373136333762663038333661366237303634626332336638653836306264656433
34633761306562333532666163663065386232666165313037343037373232616331316261376638
37643364313861333433323836383537353136633331643137353931323634323661366139376161
39393530313736393865626334313835653935626362316137636638613865383538656630626430
63663934666562383865336237333064356439663939303763366632613862366230356566666634
64386433643436353065356538383661386261333962376464353466663131363733303463393737
66326133303861386338613233633162313562376363316431363335633931623535346638356666
66323534613865306637613234623538373336363064646564393434643636303665373634646261
66393838333964666333663664633562386237653234316163303431393537663862313337613036
34623862663262346465663563313932656133343835333031343164353961663036313834343731
38353132336332353639643962623538653537613930313736326634323564373032366665383766
37636633393838336264313337656431386630396632303665653936636264323737336662623037
62316335393735633233396236396463393835316238303933383739653035613562636130366466
35376431366131633838356466373133333235336537643662306435623838666463616362363666
34663633633361333566366162396531326437303036306637663865636233633538386535366163
62393431336530303261636436383430626539316563633733383838326233306363613466363362
35366130303334386366353934623633643234373531633965633237333661343138663339316332
62383965666636626531656532663839613838653163653661613638366233663561653061326564
39313431323633353865633932343962393561366265663166333862613866346237303437616435
38646532343530363435616137636139663734616165336131313334623462353537343932313462
66653462393431303630363537643639373866386638306263303132303062326637303932313437
31303938666637373464616462623134333230373430323531366530333063663831633639373131
65323631336635353864363530653036326361626132333231343837623330333661323364326462
61373061643835643366373733663131663239316236306366636263313062356638303536636462
31366261393638633330663038303937323431353436313239383135633864343165373465303933
34393665313737363763386331643732326431633736633336306231616332393831303039336164
37616462636635313537393131646535333862623566383064636330666265313062633164343936
37353763306133303836306238313265333138373235326634636136376437326566343932363930
32613233616638613231623330383131386463393134623030656636393263633362336165343361
39303461303535306232643734326666303564663136646634653631363965306430396639373766
39653631626337373732333564613131313736656532356635323234383936313061303064396138
34656139356237616535333136633137303931346234336163636632316531386566666265326463
63333635356435343462636662363630646533333938633838333761303564653331303762353166
39346339653639663138643237393764363435303737336566663531626131366531633163643437
64646437663435333666313362656566636339396263653436323465623562343433376262353333
32643135386437663333643034313637323233623736303332613934663935663465643631643535
63656434336432363335303139626433663239346366306464343563636264353261306130626235
61376631663466313237663137323832336134363166393939373138633630646136666533613763
63656531376239393836393637613731633331396230313131636666616437313133653431396565
64383734633930616161343636303163646530356433656632663431306135666664346432663161
31376365346265363637633836636439333539626337306639653431633335663131646534376161
64323532303963306235396464316633366335656432336662386564313566623337356661613436
39336331373531396432393766313637383431316665346532616335396237383137643065653766
33326339366430323233663431666238623464383932373663383363643731366132336635616661
32666166623062316233633037646635356234643232633862633063393464303239303732633332
31363738313032383537366461386132353837623663356139653631316635636237313564353061
32623431373438633237613733343462666331396333393065623363373435623538333632363236
39373537333464323537333533663663663938373866353635656130343530363937393932666231
66623065396630376238373561303837653630373434383132656539313765646665333064376262
64333832346564346165326264306430636634363735316235386533393533633938653562333764
37633164326666353662383331373334386265363836653937353434636632616530633935663331
36643037626335323234326666363862616436633237663235626462313536663234643465383030
39656566333036633039643364653735613735353932373737633131366664363762303666303438
32636330643963303035613834383037653762373035353232356262363364353065653832616530
62323134373839346461386663643738326638376433363237306163643263333939346161383038
61653766303835353464333830363834376434383536653464313237313535333833613634653831
62333537346434636662363030346339633738626135306334373430366663363038303534303564
33646134643933363434626163303532326333316534353164343837303530623539653432356132
62393838363664373539613035643537616434333534353561393164313664663563613439313537
37366232653637303433373765313734393032643639663038376462623230353865383631636539
34616664323661363665623330393562343862636234626162363232313565313164373431303936
30386335383463386430626330663137623435363636373165336566326632656239353436643265
32313733626566663064396338623361356236393137653464313235663131653836346435323766
61666166623031326632633738323366373864613131303163633532353533653934366532663536
31623530336233373865663430313964326663396361656161336563336231366364316333613961
33346435636361333766643831373061656164303665303837323437376364373635333462323735
64636135306630633232316338373131333830386363363666336364656437623830326565666632
63383337366332653262326533383331653262346333643136663031666564393966386535623335
37636233656535393333333462653332373930386464323534343836376632616335306535383164
64656661303939353231663035343062613364656435633230653261363162376336333835656333
66643264356235353065643838323033636538653666616261373537336364616166393161656563
34333833333836656236383236653965333566373237663438383262626663643665373137663632
65663061313462343839343134386131346162373764353063383730623564653064316536343334
39336164613764353736623538306232613932376661633636616433613032613764326665323862
32633738643738623264373731303036616637336230336236323361613361323466396531316131
61373835326630346131633233393637333933393733396430663334323264313965336337333861
64376434373131633238376263633437306438616264373534373061633539333135393564663066
64623033363737353533373333383465666262353533363030656364313933333339363934356330
30343632373562363637336234643837323161373639363763363533626236393463303532616435
64343334333066333439393437393462333238643363316636633537313438663933326566653637
63633364356336613266396233353737313133636331643464363239323334353930373166363133
64393836336263626136666632643537323830616130653638383637356265653334393735386366
63383730633137323262333836383533616361636638343135333435333232376530633233346264
61643264353438343861343838333238333661313135663031643132316232323831353361366633
36303063376232636266353761636632303362353465346234333330643361346433646139396237
61653036386530653066323835313236636663303536313762393238656434316465653635323264
35393863323133383231323962343531386662376336303762393033353532336632356637663933
33646662323462383931663666353036386231316637316433633762643166376536346237316462
39626263353162396366313738383064663237363366613639333835353333663962323364306165
33356563656132626662643834346339303065356437353235633133653330333035353261643765
65386236663765663039613363363762613065663730636264323565316336303335613730333765
32643966613839313239336630346632663265366332653865323662663730326561666333623935
62633165393838323634303163316563623836303634646134373435613036373238376565353465
37653633656630666434306362663333653035336161353837373230316637613937363463343330
66313634366364303439393562666638656339623065366135366632656164376162386264376463
33376339656365386131633231303331366537393734633539393465623336396233656233666365
38353838323934666231653433386135623361656635626438653538346365303963346531336663
64653865343836333539373731373763323834333530636437666333656363366633633834306630
65393130313933363662396664323162343132313930316334363737346538373532653034323334
62383031333231333431643435643830363161396236386139316631616166373530393031633930
38306238336439313430356636373763346138366463663732663665303236333466383634626136
65323437353763373732373130656338663136663234653538363462313639623230626336393766
35633731363963666265383634616535306363656430656663366562623466623536613862393236
32326161656162346463666230656633323336383231373933633066626138343136393563653638
37626462356635633833346533623132336439646136323435356334663666393730323939656134
37383939626431386563306232356134303961653062383736633830323232353563366433366134
36326437343266623730386163393132623038353764393861626433313963396630336166393466
38393038303565373464336233396532313864623738376263343234393131343030646262316266
65346462643437333637363736643139643337373638353637383834656434333938323630376432
35366230643830343663613233323663363161363635666633613062623336656132376135366238
38336135333137623038326364303337646161373933393332353331383561653931316334643063
34626335313034653330633965396262353162346165393463336166376133393037343739663931
62313635633066313062643437336536646630613361326166303966626235353863373538656365
32636433656138376338356333646139336437626636343962616534613836306533306639363065
65353963323961653731343530353338643762303639636237383362346531333734613963623236
30393534366638333935313136336330323439376439366535373835616630303739613539373565
62613532303431383838336530623738306566333861633732643864613431636530346565393630
36663565633161313132646431343133343462646330646639326633313234323664316632623433
32306539336361633064643266656539363163383330633432666239666434393666393162333863
36313532346536643234636639373436393039303031373765326239643439626261383961343030
62626137306539616563633031353365333562353061343137623234626539393839333664353962
35323033313864323037633763613161313964616139613335643065623137663836646331613230
63383639333235336530626238343436663363353536303261663038633265363332373663373932
30326362666532313862666465616466306130616139643037303633353062386633333333393836
61376564656138613261306666336332346130646236303237666532613633363139393733646337
38336538333330666165633330333361666139663266393638316238333130633362333766373662
36666466386632366161623935326532353162626566346336373139643535396664326265636235
31353632623962333763333437346336633362643363653563383631646535366164663564393037
39343239646665303233356531653237353036306637346630333132313338396339316463306235
39323039303361343536656438616431333030353164383734363439306635623933303165363734
65353530653262303665656432326435636334313539323365303234323262633462333462313237
32386431333732616234653864306365303930666432376665373738613435313233643663363930
61663033396264666530633130623334356461393266316661323961363638663034396631333936
35323664376530313438353735306463346231623765383838633430626661613435633765626663
39336134316666666439633765366434393966386365653130383063326332653633633062306562
65623261383764326663346138666339396637343336653931383333633964393437623831656433
36663638326431373062643237613838363131313030323666633166643231323961623239663530
38393031323966306631666437316337393564663364633736643732356464333837316337613966
39656137393834653435343337396564633834346231353262333665393538623638363035636631
37373163333731313932646437646130613161643532313431313132633764656532376338336634
62396566636235616637643564326136316632373862666136363730326664623432653733326231
39323839653837343265303431636565383264303334666562333138663230666434316634613266
36346365303561623866336164336364343061356564363563316130373865643664353435316235
31373662616534383130633232663633323064643033633539323165623331313566376535613530
63366530643730323735626536633230376465663733386361393931346661333962363538383532
35376535376461323663646137343638346134666433646633386232653065323763653737303361
31396331646331626666666236396632666565623866633764613732326433393764373133333330
39623133323162646361613836376666633961383564666266386137633461316231373262316335
33623032316163616132386237316664303266383734353635616231346536313639643431613436
38303830643966313935376536306539393962373763343961386639336366326362613039323434
65306366656235313837376561616339373434663234633337306339643266656366393230616231
62643037663630653935363633353239396362616534363666653139633831623037626631363538
36623233653166326634626638373438383134643363633831656432306532396636323337623137
32663563373839393165353061343264393763363637383665646430366633346632343166336236
62623631373038313564666663616161666137656231333661353166616361613639346438363266
33396537393736323730643865333237643233343261396436313431383166623630616635336562
64323935326534393035346536616437356361333034323637346431653361343830616230613763
37366238363530386234663638396663663231306566303337396231633965383264616333363266
34613365623131343563663039633932313233343236646330633433353639303236313034316563
38646362326561343335333063343834323163393533366563333030643334306635663031313863
66363265333831643964666661386433616239613665656366653963303037336262643236663834
38646630353235366464383630383830623136643363323335626437383464306136323465326234
39373135373364383231363438666632303137376635373832343335336332386135343238613639
36306539623737366433303566646134613263636362653866666565626436363933386566623936
35663437613233663631373366326334376237343532373034653862323165643665646132323637
61373231313763633031343238306263343330333230323733626139336463376639623338366333
33383262623936356364346439666462373437386630316465626564666165396265646663663438
63663436326464616566626234333233656438356264656166346365386139643338313961376264
35356533333530366536383966636465323163386333383564643664306631376534653038666164
33303733323262653964643361333161396235653431373364626565343362336236366538333235
32393434663165376435373037616133393661333464646465336539333063336235613537366664
61303238616366626462373964333839636534396164666465633031633766366662393563656665
37623833356365333561626161303865346632366439636162643761336464316639643734666666
66383530623138643236343063313832623139343437313234653562666262623262633461623031
38623633383835313031313234633639626661306132353430393534653063373362653634343462
62356264383761326661353735303563353438316466346364643661356631323166393336323730
65343432613033396133353434633939383134303863373233363464666662383034383561313034
39326334643330393461643839303464336665313238326333346339313936303561643064376132
35333837316434616435623434666430336566643233373339343732616236633834366133386465
63376438386633643461353439366135383037303234643832363561343234636662326663346131
35336363346335643363363436313232356166363463373062643334373566363639366235313864
63616265373666653139356537343638376265373331643936383535633530376238663461363736
32643766663063393565663138396464396533323235306338623863386234393530343536666535
32366639336364613365383033386438353566326530666132623164653562613433643937363166
61663863373933643736643063613164333031626664656431363432333464346238366165626330
34653765306463393366356439316437643534373938313166396131666462353337363734636539
64363131333964373137343965326635336261653835613862623232613234613638646337623234
31346239343362643334613562653730366530333336633632343434326238303566656163353234
37643730326133643561303833396538323962313437613664636536643532316161656166353131
65346363323365386437643035393836343435303537343164323836386163643339663833396431
31616337306130323832353530663231376366373534656234383837646638393035383535663831
64313563356436303131376130333934336530666365373661623063336339316163323333386639
32366538393864326666313663383539366230366662323531336230323564373363363131323963
64656237323964663036636230303965346464376437366261356361306630633239666539326662
35653261366638353132623833346265313462623737353037363430343764383036356338383835
35313766343866303734336364376461646464643530306331643935326338646165393135356335
36323731393265656465376537636536396466616534303065336331383236353039393962383037
33353965643766396364346263613464633935376437306264306432383233616463396538653965
36636261633639313032393963336537366362303730643939633364633838656366333133353064
34303361613564383566353935326666383433353733656237343432636133336138616437323564
63626532356663333537653930656137623239363137363331666531333631343638353838386631
63636339633237653135626537333535616436623332393065623730303764336333303032303834
63643239306335656233653263393932666337633238356261643032363564333761373966666330
37653163363666656130646434633536366339303061383530383565313163633237363632396566
31663134373030303265363031303932323661373661363233346331623630343561636439343632
33653666306432663738313564326231326566333830363337303833646639663736373934626563
37346633336563646331636431666233653533646433626534356462653464373034643166373138
31303032343962313838643031303930313266356266306530636339643362393566616636643535
61306266303964646331666162356163386432323062376263383732646237613862626563623866
39343863393532343164666162626139326163366631353634363561346435633338336664326335
34376138656231316538343734653134643034656635393239363034653936636263353235383736
66306631323031323864373839646630666666336266623764666262613132333230373163353239
31366336623535633932373765373638343164333832333561393730393832396430313436333538
65343961643061346130623365333864643833346432343838396636616235323835613739613532
61666530653734366537613664623066363839623237363531636266346361646137316239616365
32666634633664613861633536396430336231643735643135363139633230376566333035663264
64643161363033646165663936656230393062313436353036333563343565306435373633346163
64613934373963636534386462356362343033386631616232326134393766316633313437356265
66346335643735393336376335633661663633653730346664363639363634333330326663323163
31383138633934356162313737613636623363363430336638366162383065393639313337383733
32343132383463336334363933633631663163326462336339653131663364323530326261326562
61633538656262336636633438616336333533333165633562663536323539383036633564646536
36396632613666306337313135373661343163306431653933353230353962666332323431306666
37653865666634323333303462323964346164626665633766626634633266646662386233626661
36306231653239303532616630353765656235363630633865303763353936633336636336373438
33623130306638383332653032613933376335643430386162646333373035623561323138636362
38653337646461643263303361633234353830643363313065313532323635616130323539653265
34393164326465366364663235333061613465653933353165373161613836623936373438313136
62313863346564373635353936386639633930663561633864616366336163643063376466623233
64306239333936633531613162663231383134353961366332376335363861303637646531383434
65383831643930623836393634656139363435363430383562383265326531633735393138636137
32613336303765633034393965313136336561346136623636623431376563613534343236393966
33343162386464636333326632316239336266363431633231646262383766656634376539656461
35393733383061373135356130666236316164353061666633306335386161333361643738313638
38303366646137653038616266616434363836633930656363643334363461306333333764396264
31633163393839343435363362333730326531333061623763666361653236396565643365363437
34613039393333653562393237353761393639376661326633656436653933633665303232396363
38356361653866353832323238303231656537373563653462643335623336653165383461393463
66326362636632633431306465623662323738386337376164616462633936613530313436323233
35313733376238353639323039633464373236366138666561346435623639633964396437356666
32656563666365623263663061646432636531333239333562306632393039376363636134366264
61363165343536653837393465383862623239376163623265666566386437336135623837393263
30636534646462333239643564303038373566386335366464343037363930316638626663303937
30613963393435363934633734623362373637383466363534623138663266323736376462653964
64353138386134373565303663333536376333643036336636666661623434656365343664353033
62633133633730623131383731613662653334653565303962346136393033363133306263623838
66316333386137396636323433623536313931383061643036666230373162393034323463383663
33636133663764623936383830306362333735373437303562383732303063376439646237363032
64376662613161623565636431313230306533303865393638326336616332646165653730333331
66636539353430333266626332333436643535636139666133333962343231313736616262333831
36303938303838343037353939353130376135623363653032623733613561633733326361613633
33346533343233343561376365313133626234326432393132393263616539636361623739646665
30623334633262323335636664303733663361366637663033386533366165316634663964306265
64613233343633376462653864306331643738316261646432363961346263376661613438386662
65376133623039643635643936383332316562623765326238626133613630313233336137353133
30396330343863656362333939373564663561326339373561656533393863303136356134636335
63623965396464303434396463643034613731346566663865343331326466656433366630616466
63653435323531386262363935643031356265633062323636363736306238363836326161653765
32346437306465633939646436323964616635636262633737366130643931623632666666393030
33663734326136653332373438336565336332393834373061613166376330343665333461616436
62643431396438626663666534643964343062346263666431306232333833393661626161626635
32396537666535393936363530346238373434653537613366633335316666313535666333346231
63353330626238303331663837333835356362326262333337363432306632366638313538653539
36626537393235306138666465313462623366333938616239383766383764366334633062616639
31666661383565373762393661666261323865663566393332373337613039393532626536383061
37383339356536363565386131653030643431376535336437343762356563326332613532386537
36363465356437326533396634393039616563636164633862326435343462333664633137623732
30353130303437393362656432613161313866353462306263363736343837323638636234643765
65383061613035666136313863303962653139383636356238393230643635643235363032353636
35313931623331306561626133373934616465396233326562623062636439656535363062623032
39613163303433653233393935303930376432653834393630666666666233353864623634623430
35353137636530383133393833326438313965303537343239373238653633623062323439313737
61333332316436653830316562646463316264666637373765323934643462303234363365653233
61376337303265323439376361336538393336336164646165616562373762383465623439386235
35396265383732303931666236343161626238376132653361616135353837313337333732333432
39323131386665663261336536393963353435626330323763353633393038376535363566633731
33646630303430343232366236363334366565396563636565623166626535393839393461623266
63636436646364653932386464623663326162633735376534323562613839646664646438663265
38313730636165346632663835646333353864613031326337333038396331633862616261316530
30383739376632323961373432623631393637376236376363663930666563323231346565663063
32353334623431393136666234626135313937616637396437623365353933323439306264353664
65323364623666336530363335343431356432353065396665393832316266323930356135363236
32316662356665343137613131306339376135363239366638643135343232666633353030333239
36646364616165396130353835613432396562613364666130653932626564663536623165366235
62363037333361326166373563363064366535323337363435636134323839396364353161396363
38663065636537303363303265303230323439653661353363323930636436653330366265663264
35663935646162343337636366623235656330623330346231653935616464316433376531666338
37613338616161326265666365396537333165616339353730336534616232383935303930303533
64663331623963313239343238393233643961666630386535356265373734306664356364333934
66386233376261313363383338613064366335383039353934373831636364663931386562353235
61326165326338353530393338396362313564373365343565313336666533343261376530333638
39666532653931323830616231653732343665353834613032643335316364303265643539666137
37646464313331313262353437366231633933353632633438386339616439346338326563643366
63613036363934353165306334376332616132623435353231623237373266363336646666326534
64356530373361383835316564343738616532346439323135613962303566363564393664316533
36666130326430323232623233313536303432613066643333343665623966623866306235613838
37613566393161623136313535333136303431316463353631386635653063323231353534383831
66306637346430613131663533353233373630373436633861313964383632343033333034393933
62303065633539386166303838346237313064346138383365613865626436626439303364636664
32663135656464366535383164373932653238306133323161383738636534626265643163316234
36306431333364373866663366393666313136386138643366316464653835346462663765396437
33396231393536373062633964623131626430633462386263636236383961626330623631666135
35346131376135353061306465366130623565653165666533303136326235663231653539616166
64393665376639303131393636613765373732323739356264346334366536656637613962303430
39376534313865326134313738623564363662636432316266376663616465336137663935366266
34363463376530396436366566333436636236613765306635346339336661363164316633626332
39623836646164663936636334373538343839613161623062303038306164343236643161373632
65336439663435636265323538613230656135396233643561343339376561633337326466356539
61356635656235316164343838303239326664323930323463356233303231623733383761636634
65333730643933376533306131343664343336373165333832653962313561316331613333303237
65623637626432326165393639343237396435373664396564303536336634653833386531323431
37303133343737666636383530376263613233383363346662643332303066306165616132313639
36393330383463343334346665393965396431666662356630323532373563336337356637393366
38373934363834333331643135643464363834326662383335383362353666303166396537633961
62353462653338343035373461343231353062353861393165383634643839613162326438643237
65643762663930653336393564333863663834386439656334663665376333353537663562336634
30356330323436393735393632353535653537383164633965643439313332646635336166333833
30363735343733646430313533343137656636366262636137616564363831656531643734666334
37313735653238353830393039663538323338363666386665333965656166623433376337333531
31303939666535626434623361313038346130373638386337306666373837313365366433333437
36326661363033303832623936636565663033393466623933663039333061356639373366346465
36396138316236346433663338313333303738623135343336333531363133326134643139363430
35356533623631303037613439643333363435383839633661626366626134353232323233663066
33643634303861336362396132313635373535306266646165376239363135373431363935323239
39633761663436303439343861316163613934326139373030373361353236393666393336353063
31343932393461356232393432353933663438373637366634633033333461663731363734623639
38336134663232323064343534656666333330376635346362616636323362386261636664303636
39376532366230653064343036376134346237373862376661623539363861666263366232653661
31303763363537643830386461383638383963656666633437383437346561633762653762653831
39343532643430316263653266386365393236613632336166383339306461623031393330393639
39393364653530653135376262633032396338346232363631333466616532343161313937353635
33306537303566393931333934313262333937373832646134383064343161643333363462303231
31383661326136323363313662303864326362303365613035313466636230313233323730333364
63656565303636306332313334383336616565393936343966643237316539386331646131316236
66316639393230383765323962353461313437353635373864323335353537623335623264313866
65636334633931386635623435616533376434333166366137333738303231623539303237613133
33663433363934613965613061353332636631376466323164646439633366663461316561646230
38613665636165386434323134313835313731643132363433356538646436666531636632363364
37316230633135653737393235636331653966316630323462633334363134333461636365393865
39383035353732373261376431343665626337633438646266613164316234393964636439303838
33386265373633323662346263376335323137386535373763333737613664623534663633353863
32643730306331366361613962333335303065323263323331343535653535363932353563323961
62636637313332356535346131343165383732626532343934323131353139336239376263643761
37326365343234356432643934663737386337313535373133383465626365323530306266373661
35653864343035653633383436353364386132653534353032633066303534353961306534666265
34393538633133353538306661363563313864333339366631626264376463663032636338646430
31636334366338313739363236386664633239636334623463336137623834633865396331663536
30353266613635346530303261616465336565613133303062313166366566643264373039653435
37306432636264376637316437353861336639336233373938336635316230323635653137656135
64343036613733333765323033366666353961626533623761356364616635633137616662393839
39306262386432363434343633653462393230643731393932356231373331323362373030653236
66613665616539383233303837653033313538653961333665366165336331396630666363616661
39306261373862613835363762633162343538656334393966303332633634386637333834396164
31383339663562323036383731373935396366333036653033353637303334613465316664393030
32666230383131303437653739356437663365303263323634616433643933336335643730313965
39383032636330376635343666366632616432316232323935313666626462336563633661643963
65306362343632653635386336303462396461363833386562633933323830366230346338333337
31353065326132343065366638303233326431633863626534393536333933623537353637646364
65393661346532343664353637346135323130343834666534376133366663653431386235306463
63356362653130346136303838313166373061373039363431633063633239363830353863383364
61633237666131313930396533303831393232303561303839343665636535373032623839343065
32353839313139646566646439633139366162376639373239303061303163613633623366353666
65366165306533623061613064333466313737303166363465386163353632666338386365623632
61326436653265653135326236646562613966333237633464303864306461336162333564643762
32336137366561386562346430386636663432623162636133303638643566613964633166383132
39313034653265636431353061316335306135653738396664306265303365333934363462613761
35353661613034643761663538396630636638393031303562623561343464636430343164376264
32383464646132363133656631633732396139623233626635393464363635666335623931356634
62313131643961346339306530333533376461623235376138646266346265353666666664376433
33653461303532633336356665336361666162343162626565346337363863313739303930666132
35333130323732353435613065643532346465383530616333633631393638613064303762613637
36326637306633326230353162663662336431633137333365663336393536363336386136303565
38333466313161326238633431396338326634366631343265396563383864643132343938363763
66396636343731623761626139643964653432616261376134653132633465363365656238363937
32383435396466333836333233373331653236396233386461656230626330393265623932326439
33316534316361393063393065393235363734626431643333646565323539373162383730323037
32656133656236303835383839653562376161313134366663313937383331353362653965636431
35343038346434653633343931363962353330303661383136373333333831363862393435386339
38313931653838393232313831326138643738663662363065393462636461646166656332393038
33633465356535393939313332633566616632626137313735626465323662353338303034343333
35383930393964356566646238343238323465663664333037346338643361623362653434353666
37613935613362633634333733363663363235303661623632356162316231353030353734653939
62303436656166346162643362393161333837613062333065656630656334643935333566616536
62386634636538313036393631323937666165323762333662323566643862363234656163313666
65353931636330336163356433313162323439386239616662613564633761333032616533613061
62346538363938373565663433336639323866326232633338653234626166303635393264316666
33653532386530353636323164333937393662323433363965383837663132373763336236656334
65333837626561636432323335306561646163383063303130313634343863613632613330646536
64316135663732366161633432656335643064343335316437306231396666666132353633336538
33643061353261346432333261343135343436353530373936393439666131323234386137373361
30366532643639613431616561366638363639643237313565383130653133643137303032393332
31336261623835386630376339313966326434316462353763643130653161653264333864323561
34386135303364346233343032356137653764353862613638366163633062323939663865633433
66393130366561626234633061323436326562336665316134633130626562666339333861663032
34653638386539303861633563633337313830333533363539323666373035313735343135353035
39386132346666643030306639306338633966373363376130363932663735366334376530343363
64623663353536343665323263393234326639643235613239386237343566373534376462346361
63303035383133633036653434366533613461326662363563356364306263643966323762643234
35393333363830316265323134663738303466386135376630323433646330613536336134366662
35346165656466356237633735623733613465313166346664646431376138653863353430333235
30643665363164313133323363366261353565306363663663646530653939333864336139373663
37613832623361333437303633396431353930396466623631346464373363376466313061653130
33353336643266626134396664356564303835613438373536636231343138313965643331313938
37363231633536643164366461336264333364336231623430613339343665386664313563326332
30363030383130356134373434653237313033333062633837356561393065613334313435383835
30356362663663653836613737323036393365656530393737356630373437643039333339653735
65373635396332353762336166633962373836313164396330633733376535623532363336306362
38643534633665343039333839343836346365363865633130666336636166653864353035613964
35313461343462346363313631643734663531306238376539626332353262663433656139643463
38323633356363343338323461303338383464303163656232346366626534363638313462393166
66626534646434333963376239376663633530303238663737343265633837653538663234333664
38656534663331333930343433663538663337646336623331643330376536613362306533393966
37353733346637363565386538643466326333356534646339303762636363383530336466383466
37323335323765643530366234383035633635656638336537303239343937613137653139633239
38376431353864366435396235383963343834313933613631323838643034656533383038656632
33643837663731363562633335613534633661353135363861363133653233323238323262363731
39343162353830626533336330373764643362613362353739663463356363383231633935666461
38303264633964643135663238303438376539356162333439653966613066356665653962613339
37323964336531663761366165653136386333623039383266376537363438343835623366356239
38303565373464643137396232653063346334633939396630313130313931633236323565326664
63666164313436653366366530376661356531636666393337636536373635366266653466313338
36346536323364306664303939626136656434616566633361323666663939306565346266643930
34666233623234386532323464646437373663373234353965393535653930323763373735333139
31356161363232316233336534623765393765633630653239636530633266376234353230306465
36656639643239653834616139383936633761323532366131386166616235343337623332613965
32653931333431383461366533636365373437323165666265353533396565353439393962303830
34633137336630626139646634393632326537613363343432616631393364383135393735353433
62656234613139626466373062343638616433396639646465393336643835643663383463643337
34326432346262663537303731353531363661333964316464653130636465393630653262353737
61613037656130343434613038616335633162376166356434336333356231343065323665303137
33323637366334343364303830356461303533383232613061356439383038376637313965636665
62636661643832616563346537313434656536316661353161333734663436643336303138373333
64383831333935633135366662366462653037323230626531316135306132636435323230333831
32363437336665363966366266323933326436623235346234343734323562613361396632623032
64613462663664303638643562626636353931623536653863333031333233643038363732643832
62343132616230336430366137663732303433633830393836663730353465656532306539363335
63646263643132303631343331393532623837393834396562313362656530386639636464376234
38323035623434656333313038653666363635653536623939643330653931373666366333626232
34373232623930313463306664636139636663663432323930626361636633356633336136323034
63656362623739353434333739326436343139323563336338373633646230643634653061366530
33366437303237333564316435316438623761623263356230643763343034333338353234323330
33663431616634633334616131326665623533356437323563386461316437376435666664616231
37313463656237336564303935303762363166643332643134646335373764313365393539313032
36303737636633346163313161393939663366306362373765396662373265356233353733356437
30333166316364323562666265616638386532643733376666393839626565313936373530346138
64303165646563313562323762346162653935666261393037346266393761336136363530366132
39353131653362663736363663336534303735636336653933346233656161343934343562653234
36633534613231366637393134616136646666333734323363653866643538386331666566656563
63376431326162646362396339643362343739323364326235663761323464623963356231356261
32303832633939393031363339386430396563346166363739346165633365623561653438616532
36396433653361646436363461396233303036653531376633663834383461623334353537353130
38383635663962636433666236386666633265646138666336383865313661656461393766396230
62396233323036343537663662346133666234343264613731653439303438373530613331396237
33376333653931373633393231343761376461613636616433356439373064313136333963383636
64353264613533636134373837613532396430386362613730366261326461313538326464643265
38353539623339643936626465323337666130636534663764373162633463386233653265663761
62326537633764393362343563623832373163623864626361663039353362616361383764363962
32303132666161636466643563346162323636316134326531656632373565316365383566383664
35343038336163346533363430623762623964663131363632363164346565663763616637353538
33646536633965393432383466306639656134663164653930663231366431333731643532343330
66666534613762396461373234666636643031613462326234646265386463623737353439626266
62396261643938323730333861346365356261646233346434373539363064333134316231333163
61366433303061356435653266336138633236306637323661373564666366356233336138333732
38306462333539356239626339626434616632623537393266643862373464306537623161633332
39396134626366333062343532616661356166663838303335373236393964343533343062353832
66356630356461623636383463393231653837313530353533646330306163386365326137333633
38346465366532323630636161376138366565336330663565623034623635303639353437373366
36353266393464366435356134383530653731346633333938353362646139643038303462373263
35356161333435643532643665343662383732313466653938363333383961316338623665363165
66393332303932663235333963663965623265393331613463303331616232373861326536613661
33653836343036653039333437303435393466656262343437653338323364666634326335363163
36356539353039646537383861383065353061366632346236613437633930353535306563333065
37386638333162623930656661633834356633313062353666303637323034386166623433386535
63343935306336306664343638366164313336343135646339353338653962633534623939303030
38623463333162303863656235343932326538323930313031323639303165623135396163383363
64313432663064373462353636663862396561643936626135303639323539643534653162663562
30313932663638633532363337393435623536643239373563393661303230343265346231383438
32366363313863376330366336373066336432333232323164666630383031666662653163623535
63393338653836356236326233393931666539376162333539363264323861376464313635353736
36386261623663316161633564386136653732646265643230306636376131636530363061393738
62363366333065613361353334373738353066623366343234333232663630636631373231303931
35353235316634353038356534333038316464383932356662633439633736613032326666366665
30316662303435343063333963663331343636303039366564663364303039633739363561636263
66336561663465623633313235623033646362666334333866636566396165633161386532666637
39643063666530353862653161663661336539306433336663623063373863323938666161333836
66663336373762616236616663653733626661313938396563633537303062393666663035666130
39373831363139356366653362396235363838326161353561383732623635366334303237313863
33616336666330376562316163363365393639393236393565653962663865363739616463626236
61613665656337363139623164306533326632333634376337613737666364353166366662363037
65396162666437376463333337626639633934383838636536313637306638353635393230316231
38303239376164333165383162646539646230646362376634643634336234353162393263623330
61326133663335343535663638613161663166626434306238396166383935626131333231356236
34656533376534343565653937633533306166343864343933663837303864666265626235653838
38323031396433383461643132633238666335626466633935333439646339393732366166623465
64393630326362353230643930646332646666343237333232306432633562633466613333336137
34363166383433626336363930346430323538666330653231366164623462666665636534333130
35343763636633303235633239346639636635373337323036306231613238373333383366373563
62353936633338653161383538363665643337393638636363373239643630646531373962303562
32343236633337383139646230313561366538366461313634643637386366363663383562643066
33356234326230623630616235613165303661643466363966356663643139663433633565613832
6263656635386462633861613166343032383932316661643564
