$ANSIBLE_VAULT;1.1;AES256
62336462373836656264646337643065333431636634353763306430616633336638353033333665
3438383332333634303438353664353131316335366265660a313039316130396564303535333733
62353233643830306630623733666666643139396237383135653137643032666334653337653136
6532303735383166330a653566376663356164663933393563353262386330313062333461323830
35646162303933623663356363326562643566343936316130663963306636366364633364323365
32326630303162333438393233626338393861633739393965633865326234336634396339333965
39393537323232313538323763313837376464613030666130376662623939643539306232663434
61396430343033373562653838643263653863333036366536313432386666343361323465646538
37396361396364386633626231316231386461326365393631393233626336303135323635656164
65666339353465313632613165383535396333633230633236356264376232313230316165363330
34633665663438613862633339383731636138323532623864333037623436616562663034623466
63396435646637323432396633613763323335353162353662353466613662373137633162376634
34373635326238376338333339346163336237303838666232613662626462303962653530303865
63393431383830663930383264656266656538646430613834333763643632663236306665356161
34643239656336643432633364373736616131663030656231653163613937666365626164303664
39343862373965313061653138663533386139336261636266326532396336313937323932363633
32363161313437326336363361623564353064613335366666626631306132326535376161623763
39623232353637333734396233623361386130636363383436623237636166386632363836646438
64646133643066313632346538356637626235376362356566643939356331393634633934656131
61386431373131333262373535323262336238373436656161663938643436316536623364393337
33376332653932306161363736383761623731623234396532626631666639656661643533353135
61366665636265326439626432393366333933623461343731653061643631313633623264646564
30326636343332353632633735663137643763653366646561383334646638343638356462363231
36383531653530626464626463383738393761666134363731623037653038383639326664303364
66356665313530316432306635326136646661333038366161356264643431623331303362313761
37633934653635303135393261393265623730316232313032323161303231333861343731623632
35313933303964386566353339613336373561643337323134333939333863333466653264323361
35666666353139313938663538336164633030303639363465393164333263636538363865323563
39643930306232376362663235633063376535383937393764336461336631626531653661646462
37643163393636396337363339333561396130373565353632343734323338663137376635386335
63336562623138356438306461613066396563653130363935386665336132636139623162636438
31643462376165643661373165623862316263623530353365646565386331626130363564623832
63376562373038313765646637333761356366383033653766373361623062623163373136613764
32366634373963306262366436396363656264393739363863336565343939393836666262313861
33356561663839373562363863336136636165613332343065666263653138323231613436393166
32626432386235666166383463613361626564383934356434636436613566666638656338643036
62633931383739343437306531643437306138316339376663616337333236316566313735303035
32336237346233386532393966646164313132363262343039363734306637386364316366353436
34363631326561623730353231363237353761643931326235633933343231303963646231653564
37663261666635643039366436383434653133326330646265633435353439626234313736366263
65646464623063376435396663626536306364313565653666616534623431653935616435666362
31633834393265363832633839303262633334383237373035306237643365353738356366653339
36346430343665396666616465663433666163663561363764303766656534633131373631333239
64313438633332666163663262643362303963306263316366333961356161333061313936346335
33393163336361663533646232303135616366303933306337353364336664353134393630373862
37616335623565626233353662303333356633376532393431303836613565363237626166663264
64326333356630653134393633393661373765343234363736323062653662373634313233326430
33383637383230393337373032656261353236323933376663313533666665643430303065366437
37636536666234656463626233373539626165643863636432343135643338653466393564313865
64653830373661656134323161643031356166393938623166346238323961633163363262663266
36643262653939653366663666343631313539353138346164323433653162306538366435646131
31393963363562626434663932373534656235643235626461336639623765383232393432376561
38353535643036366561623834666131373637666563336333323766666234306230303365313266
61643734653836663031653133333537353235646437373135306339646562346662323236643938
31313633383936316430653565663265303235393232386233636361326361643065663937316430
30636433393730343039623966633962366666346631393864646461373566333930326231663062
63303061643766326362653237363138633636323732623234313832343330613932626661333135
62386639646537336131633761336464373531343565363138343365323934646634393334303432
39303832326564356566306266383163303835373462396164626136383236386335626461306366
61373762363031316263383430663866326637653535636661383861663534643164663061663066
35653133363462383835656435343830623565636331303136326565326535663366653132356464
65633534653164343934393162383862316561333861623735613633353765373131326237663132
63376531663962653461383531626630393336633339343761346435613138303633636635396531
36303766303633336530656439333036383164356532653766396437326130393738623865653930
31386465373031663236346138323534326530626431353032653736366438303636393239646439
30666465343033623133323064656664653635616462313732316130666435643663363736613564
32636433306437333961303232393664646437373364656431653966396464363039626133396534
37373433303033376438616236333034396362613365333539656638333565623939316631346435
32666461303134393064636632366261306232666233376466343263633765343866323964316231
39356537356536653531653934623535363838316238626438653964656335633132643831636130
32306133376337303630306562373465316564313361663864633030306366326530633930643836
61653632366463663338326364663339646432343530613937326439343964373833333764643633
31396139386335666639366230333463333836643665623334303062343832313137613135383138
31666463643735393337333739633235616137363537623637623739336465663230316232333065
62373363303462663038356432343363326639333533396436323061326534306530643134663632
61346439333930313536393564393337373563633965393364303137326634616436663033393134
66396431396165373137363337643737666335396430313335663637343039313962303962366533
39333062323066303935363037383763386533333637626164343739363837666235636136356639
33656463313331653836366531613433623734336631353832623235663039383964326461366435
36666465633265336461366230623136353062386431373030313136393739356133616265636437
62336639343739633735356166386636396437646232336330616263373063613532323866376630
31306466323634653933643739333934323237623166653932633931386562376561626431303165
30383938393665363938323238343463626535646561383032643036373738626638323939376464
38356630643531653866616366633932376534646634306466616239323838303562646636623464
37363763343437363161383231326330313830643434333437376230646564356464376435633964
62306132626665653030386338396566343733636166353533383936316134306337333938363363
62316338396235643333303162323735323637333534386638656630353233323464633735333066
39613630653564373364613031393761613065636161373532313861353539393338323134623132
62613136303937623636383233323339306535333137366363306664613462306134393630653937
32613966626238386162613739323835343336366561613737623364353030323066303030613865
62393938643166306264333338666162343132343337633338323836623762316333366331313534
31623931373662623936613634613764313864336366623532346462656138653938343631306634
31656463326236643534646161323635316431656263646436356466306465323932383737623963
61323862313339343235303961633231323763306638616466386232333336633937323963643931
37336661633835356164323937623737623035666437353264336337613263663663353433393236
39306134663764626530323332356432323432623862323434643230333465636632356463636331
38626661623137333037326135356331653139623431623363666335383337373035633536613033
63376263373138663038326361366133646232363733386462383238326264656230346533326134
33646633383162363338653033313063393233353964343831303130303735383662363263666233
63356161626531313631313836613866313730653031653035663531383232306231376433316532
32326135646334643837363931346362633938626231653561313334653361383165636163316166
38616339333730366366353432613964313264666536323835663361353739633933313536656265
65323364363166383337626366386132386337626566613866366132653461376235383233306530
37616534623765366232633535646364666238373235383963386234343932313065666338383763
34663835353762626233616432313731396634353966613765333965373561656535653262333438
64303965653666663637303037626631343033343833396134363739396436363232636636383034
64323265383435396166633339343961613564653734613737373738363834643633366639663930
36626362326566353138336439626239393062326363346132366265666563313432336239373465
61643738633366306465353235373463666130376132633766363262343633353230396135323038
31626339313330333366383534313435653339346266356133633964633961383063653334363833
34663666303739353135656565303535613566356436613833353066663334333234353530386434
38363037643764316262383832316638306564626466656464613264373861633835346631613139
65653961663435313662323461323334333035326361363062643933383334343738303734373462
39656639643666643834643937393366643438643138383736366662303631343364396130633663
65646139343230383535313036303565306564313562323534663835316339363334653130336366
34663433653166613361326262346438343532643565373639373635383264633662323264333737
34376463663034333864316466323839656261353731656230616262343562383266623565643566
64313731326536613335323961393061653831383231303131343237633431353430643033396264
65626539346434353466333434393834663638343437373537316461373736623331393862306539
65636536306533346135303039383335316465383433326436353238373535356561373564316534
33623731373666306630653538333562633632373139626632633062633430326166326236663538
63326666653035376132353530396262316537656339616563343264643236306231646537646563
36336163373866393665656165343762656632353636373465343162636237363231353966306366
65333061633231316333313731353165636631666531626265363036383533383131303766383135
32366237363566626338376662346133363762386536323135386339336232623761303731306432
63396631346166336436323837356661646663383739373462613236373636356633663261373666
31636630383265316436343166363362316431326133646332653532353663323738346533313539
36643761306433336136386464623065656530643363303133643136623832646664323631316261
38306138373466336464386638306461313361383035373566653432636363653435303364363832
33376666343732616137366366623332623037323237383632373061323265313136353034613835
39623733623235626564376566323837353163346565613033623636356538643037316564623064
63363966623866373738336132346530393437313863363162643061656435376131633531396338
61303037333962303666383366363365663539373334623665356266336134656135386232386339
65303737383931396334386138393034636638396262323065353439336465313237373265316234
62666632356133336131623266666335646430626639626330636330383235396131656363303034
36626632323337613731316431333232383437326132653331633733356563656162383566386635
36393235303065653433663031663638366161343033653064646639326534623233343435386662
65316362613239306331653139626438613938623932626236666233376636393939343039643266
37313762326434323766363165633931373865356639383134303732316637356462393634343138
34323064666430383964396233393432346464363635346134636162663331323831333265303934
66373035303665346365386466626261626234646361366263343464353966663637376634396632
34396361353835626364386336313236373063303334626333623630323564343939333930346638
61333364623166623330316131393331336266613664656532656566313336343431663966353036
32383063353865343538373162633531326538663331623162356631663333393436653339363566
33306639656364633533393137313764303836353932393162636438393536636233353038393262
38306261623639633266313762363130366639643238313932363331653436306665636131353333
65346235643661313939346635366639313263613535316330656531626337383932643162333062
61313639333937346238376334613138346261636136363263383430653538326435383065376131
31633234376563396137623433393763313038376535316338623134343531306530613961353433
63626234316339393730313762313566623131336530383164656531623636356463613830336532
63326236376336343764303064323238376262363265616562383866366261303438643739646633
37613832666664623032366231306464303265636562623262373238353632373736643231623337
66376336613937646235333534323236366562366431636234386436383462333466353864343631
30646538386330303833376562386630653733376163346666306138323232666366643137653538
39346636376430343838376133633535396337373266316636613937393766373135383965326363
36643533613264353764336265353239653939633363363139333266656466346231353032656666
37636566396638303530393733643930336139353131396364646238666631623238633436613861
32653466393836396634313032373637633762383831656566346166613036306639663439346239
37386131623566633934383036373863336233383631396165303664393034663837613063323934
66343534393763393335363361616437316636386466623830646663363139656631303237613535
34376533333239383535636464333132313832633462323736306536643233363531646133623537
39336161383335653738616431663337643035663665383763666337643731613232356631313037
31343436306435653539303866653164633139303538343836383234343462626531663064383836
65333238303664346337623966643138346563643239613532393338393336646638306365613531
30353166303466313330393535656166636634666666383530306435383135656661663065666633
39313137363464656263326438343739373633303136383264656437313664626163303039663433
64336465633463353764356666313437623236316333323435663334393236333230323062663736
32656135656430313130326437343533396233336366623135643535663263396665653161313463
35383163356334356338626131346263336563393363383437616164633966373439623433323033
66616464626239303937323238363432336430653837366161653163343561363936343661393531
30373138376537316138363136333263323332323062656537386162363632653632353364643363
62313939303735313861373363613930656161633564323339386534626639346433323063613164
37303836396530393438613631393834306136346665396634396662323034306639313033323834
34353734393539353439626636623630383166333637356461666133313765346163356361626165
39383535643930663834386535393564626334356636366432646138386434663536653465616633
32323531646137353461616266393135623739303265373132613762363131356162653632666634
38386235633631386436336336346632373636363638343865326538373037383034653834363736
34633336333139316635663834643339383433666138646662393930636337623635626231343034
64653162356666363661386630633662373763646463373934663166613233616266363335343333
66326530646131346465393933623839616632623031393639396438643266316433623039333361
30316162663630343335636637356134393231643564613138646662303262633565336135326235
35646630303237326331653965633734386135343963383763653738343164396431616635313964
34336539356361643062396664333830343762633530613265643264376230316434363861303566
66306263616231323136323732303431373634663865303233323237653766396362373061383030
63633064383564643131346335303233363138353862656630346238363738636134356231366237
65623232633430333338316234616161656339613065393236363434356531353732343835316431
34643939383662363731393063363930306264343162616337643430376430313832633565393264
34383839666538663666376637366463373663346134613864613234356665323031376333393533
30303937616161653961656635353664656666313037626565366530343832386132616631666631
30633731653433306562393863326433656333346266366233346439393264666665323635303936
66383465373964343038376136663133333138313866323864313639356230383931613430386662
31636261376230346336346162366434366239613332623132623233356438373561366266656438
32346531353564666336616566303933303135343262323364643363363662396532363833633533
65353665386564616665656130366338643062633333333463636361616134636632353530306466
39343835643163663739373135323236646539396130323430316366396239353861366336333536
63303233663034323037656331616334643730323032313931643661366562303832343939386536
33613633633437336662383234313234313961393236373830663961326466323236643538636565
32623665353232633961346532303237633964383064353437313339623430663331653666386534
32643464653063653837353130333530383636383530626464633561613032396230373536363335
30616136396662626531343561303134616439613835393235303436623934326666653631363833
65613630336163363933633537323465326630336261336235316463366164313563666332616536
61633434643532333832393966326438333238383135376335346139626163656661303063663437
61316332306662343630313666353866356261653936373535366332336336363439303461633562
34343139653631303836356562393035613536383533386237376662333662333533393965616534
33333832333630653463373039373938356430356236346136356436613431306364306535663935
38373166626339626132343039636565616439343163306632653236616435383034356537666436
33363136323430626133343665376562386166333666626465633464343861356566626433326538
66656663623764306463636531633161626633323732303038616563356639633561346233623963
63653362666661653535333263653665633664333135646134623330616139313738333030383936
33313662346637383734656164653263356433633934393239386666336138643933383034373836
34316661373132623833623033303033313664316231376562333065346361663735383137373839
39633161666361326139363137363861383361646462626331383430653634343735353064373132
33363637306265326461636133653065313838323937346234356365383663323738376563383766
63646164316235653232643730626330633538626366306166633531323535316636313564363336
31626363303063343635376534613237646332316332363366363961353263303639383234386336
38656130333330663766316639623364326436313937366337393062666636396465613536373332
32323265663430353839336266353562663539613665636230343030643862363465666564376132
37383632663534366562663264343661313564656335373831343561316263636631366664643566
63333135326631303430303231376134386531323534316565303264346261653135313831633765
30306237373339613039616263333463386462613234623739646162373738653462626465333563
35343639313066376361623165616265323938383136363938356134643263393439373031646539
66653938636466373031383762326333326637373038373735396233393631623634376536303433
62633332306632363762316133653136353238626539313236363636623336343363396536343932
38383565633261666438393565383865353332326364343733366431306431653464626461376565
31306139636433636636333733373933336530306562346336663236393762326630646638316439
39613139633732633763623630376239383738653130663962396330363762623663666666663266
65636265353738373964336635663038643939653836653332343732303061643165643439373739
37613933653032386664363830336339373233633633353064316462366164373733363138663464
38353733386136623563353433363535323064366638633731636462633765346138626230636464
36343165323539653931343663613932323138323361306434616131333862396561323130666239
38633536386165323638636337633761383536376336383663336462366362653130393665393134
38616231626464313835393339336530383738633334616339383230623830373437636466353962
30306138366438343862306130316264626162373036386364343438663634663634333932353639
35396266313436386536343364343066336637383737343836663465316431313730393132386164
63336639326563326230653535303234326461323934326363643136313461353865393132653231
61353834666564656335356134313062363239386330313431633565656462346334393636663738
30336666393339633836376634333865376238356634336433356161623362363933616636663361
61313032653339626264393337383135313138396466643138663339363234636565323262643837
31636631306462326363303133353534333161363237636138396361366633373830646262323135
39633532373066353361343666393266376137636532626363303432383835303761613864383139
65376631303431356134616538393964643235393839396430623363303134613764373535353030
62663938643631346333356565383666626639383238666135306564623539326566643937333136
61366663356239313531383233636131393335303130303738336232376439313339656338396365
38326632383234393633346435643635623238363634383935326336343362663765663162346238
32386237633239656330343331636534386234323536313163303933383836663965353464333731
61623864333562643563653564336630353862363465613430636533323330653265383365386563
36326238313939343763653536663233336666666633336232336439303330386533323462353139
64643738366530613463326631313234373965333466623863626464666337653063663133336435
34386136653432313231316362353136373130376431656436353438366632656335376562386436
36356232656234373932376439306433663739613865663439303465303836343835303461646337
31653734326237356162383663633732663830333533373238633436383934656562303364643462
39343961653564386339663039356661313239643430393162616130353630386663623264363762
33663931653064623766643538383764356264613537363062303465306536336436633535653634
35363730633032643936386664653434666634616435353166303762306439343330393861396663
30393662633130316335613733646231343139323166656635653264633134633663356461616439
61356139663436653435396166333462306161383662376561613031383839646237313466636231
36323933663032626465306539373838336132323031643966663932616336353636643832363131
35616565313330636331633261646265333162356161613931613364336430353465636130356332
61326266666364313666393337383063666536383433643136303464353639633335306539333930
33666535626139343536613064333839653338313736663861373132336333656662633561653032
38396363393239303231663064383439666633396535343434353639636435623031636134633231
61353735353962343263326363663136333731376237653430656463346537613566663936616164
32356438393563646462633161313030336338343162323736323962623762646366316664353531
65316130363537333636323537643561316166356430333837613938633634396333383639373365
38623165376366636666323136636538343039366635303465613963663361653363363133666333
35313066656366306461323332626339373966393666366532363835316330373366653837613463
38613737633762653264336637643032306534666631373439666139653531613362353935666362
35313065363065356530346362643932303964313038316133313465666262356661613762356137
32313663613663636132393865326166346236333931303931396337343634323731323463383761
62636366663331396335646537346535386563646532393232653930356564303939323432326135
31323135636530633632653334393163306464393239313532636339363939363635306631353864
64643837643138623031343539636234373131623838326436636135313634663062303562333164
62383137376435306533363637656431303665383830353964363365313338303731366162643963
64656464316238636139356162656133643864646331636337313037383535666539363963343663
65363861343664343964346534326564643031656463643234616133316136363031633832623562
30616433313235373832363162323734366530326362366265343234323733386139323965623661
36303131333262323638663461343739343931383432396264366438366135616161376333326437
66386433646661656163396332363566636364373033623232663031383333623963316263333165
32653336666266383138373136363036303436633632353262353038396364353832653364613565
38363665343332396234636464353030333333313136356333656132336562316532376165643734
62323030373030323732323236303538303035363237613038643765393138633564326637363035
61653638326336383862656635376664656237373632363430376432666434393266353735376437
61363666353535306634666537653039323365383166616230336430333136393162353834356339
66646664646432666335626131643335653439353064383236663062393065333963336131353265
65383163623561353037363365633165646666396666613963303166373764326238626661326336
31613631346238646335313964376463393234333138653831666638366363643732383363636132
32306465306538343036393438613065613332653637656130376166623166636365646266396434
63336664666232353536373935346666366331343530326430313162383538323233643965383533
63393466616436396530626139666231343830333230646631663863353262303466373363393664
37393332373736653466623232393161353739333163623534366461343766313566616363393835
61396130353631393833383339333137356535653966616561333465623032343032656636323132
34663933343337363032356564336531636136326630613234623333653933613130626632326465
62316238306463643339373131616537376666373033316138613564373665663837393962396430
61336361393337336261383630623035366433383133636232643265626538316339633239396536
30663831653936343835636134666636313632326239643965306465613536356365336265613239
61306135333435383961393039383766386335636362393237633365633637653361623565366362
66656366373333376239366330353862643861386535303331643639356334356530613830303636
30336638653734363436663931643332303538346463373338643263326361643730316164616233
39336365626664343763623732353631326665613962666665383436666334376661643832373264
36363734393938623535303766373662363736616134623630636264396336626366316336376337
62373132396231646465323431653534303330313930623833303437306235333638663938643738
64303861383666636431633464383064346232363131326233346437343138363165623836346332
36373165613532643530376239663234383634643164613831393732356163386332613162343937
33323363623734313838323537353732326266363365623363383262333763643863616131373634
39656130616466333331316331643862353031376461313662373836336532306136316261326665
62366534623631623563393564396231303031613365326635366135653435373235396637323637
65303935313764616339396232326466373032383431386135613534633936373039303062316433
33343865633437636433353430393864346563333036303061373761383132373966643737373261
30383434626665303036313932616362663761643838393965333765373233636562373533616636
38366330316633323832333239326534343065613662303361313735306565333435623639316239
37316232353736623732633465313130616334353865303662316263313032336430633533353638
63656564303137376538396639623435393063386661366539383234383237303136643365313438
64343336313138353038646630653263316234366437663364356435373431303765323039346166
65656434363166393561323439363531393162623965393837313134656333336334646237366666
38396664366363663132326435366131666536303035383162353330623362373264363066363564
64316635663434383035326264636564653339616136333663646330326162643338663766363164
64633132636135633564303262313433646139343830373530343733623139393630333632383065
33653661313966393661646666613930643034663833646564343262666335663230653365363165
39313638666462383133613837323731396565396663363631613939323238393433303434623964
36306536333563373536316434336535396430383038343461646435353664386563643862393262
31336565356663323461626636623966613638363239326665333366613931646133373066373461
33633339626466383862313530633531653062656135393131626632303634393565373930326632
36613263383465663961353962356331636632656437316130313764353137616332646238303065
63323065613736613632393964653965623732383263303636636132343738663231626165313536
36663662613930343266336636633563313931376632376136323637303932656661663439353166
63356631333463313232323938626132336230646162316634666565313534613064303566323336
36383261363065333662366531326138666462636431363037353465353663313534326466383966
30373932336635396333313337303934333738323139636361383363383766666538316165623239
36383165383365333664356434313565346263323836643861663664613035303965616535363666
34373863323861636464396631633663396239663866343639336330376335376330666536333130
62303331386461653637363962326332643062333964613863383831383030313731646463323833
36636134343735323433373734396665396436336137383439623131363533333862303264333535
39633939376238366631333835633530636161313931333561353165316166346130326637626462
36343861326662366366613162656135373936346633626638376465663364653833393365316337
37363563306336643938363434373361343865613538303134383364303931656532343534323438
35376132623335623235376530346164386665353633376135386238346531633264653064646130
66663436323761626638663665386137386531383230626666393737363031356163356261326338
32653735356266373565643762613235636464366265353937623965353932666261373464313837
36656533636561346432313230636164656565656263303261636131313334366539323064636462
34326339393166313664653433363133643863626631343730343239316532306433363339353433
36336461343335316130636330376262663532333862336436363433333965306634313739613339
36653663336533386535376635613061306663643366643165353439633232303962356134373963
30333566613661633232373036383262376136376138303230303237643961656665616136393666
32633365643636646464666564313137613833383064323235393163383836373362373766333966
31656166633634306139666331306535356639346234363666386634363039646537373031396339
38386365343031323331366466643634376232613737626265646131656139353235626437363933
31393663666539373337376365396337623832646464666230373437376564656263353434363836
34346136666634373938393034396434303030643833633464386137643439626136393962656532
30346662383935363636373337633934323564646234386332616164643764306265666431306137
62303236393738366666653134646435643833636465353661366466303765333164366161653432
35363965393235333833333730636130306363383931653133353239373262653033396436363931
63626161383463626465323834623163326437383763383736623639666135356230643162353364
62346164363139626336343538636566366230326138356539303533386334356533653230303663
34363463343339316338643963323166323539363935383366316130363061663231346336633236
32343335366366396533343062623363653433653134626561343666633532356261313966656536
64356536633237303831336566353930326634393064383530343334373230633266656230653033
35326530663733326266356232333761333933653237643835633631666436383038316630306462
61393464373336643130616365303232356132313636333236396439313762313436366463303731
39303761333532333037646434313939326339363737646431623439643766656364623663633133
64383566663131346135623139346361326562356438393964303837343237326634653966323435
31323237386431643164633632343034623032346334373365656634386261333534663338323764
34343637666666643134656536626434656531313531313866376438646636663332313735363766
34313065656563346639613937616561383166373133346132323136656136373739373233333866
30343432306436376565316339666635373065656261323038323533333463336163353838336135
38366639386631623234373734613635376131333530313139343435366536383461333166373637
38323764373035303062653739373763366537373464636263636431336435373565623633386534
35653166323839643833613239383166373364316239373430376466366565333638663736373938
35346335623561666138326634313132636166313036353137656463626638376334613834316636
34613564636665633839363432306666643065326461613161356534656132323634306436616138
62616336396233376331306665353035346233306262616164313839373765333530373539303936
61343861306432343232396132353632636135383231623365346364343538343930353633626137
34633735306465626362376235656563373634393634353134323732356239643335363036313833
62346566323038383961646332393031326531303839343263363039646663616130663761393433
37326362316564376131653232393134336334633239616631393862353863316433616664626333
37653231316363363930333966626363643630643039396466663433393733303063313231666638
38386366646139616530303630613066386138303732653065623363636665323261303732313366
35663162333166373036643938653365636164383936363165623762366230323536663962623633
30336566663138623764393330313865363761386466333564396634336134666236663831633739
35613034646532343964323631326364363138333937306230373362633437343165616439343663
34346330656635353266643331343738353861353566303361323838626166323562313365383366
63303638623234313963363730653239303364336266343433333366636466363330386139373430
66636233636635643332633837333666623633626266626164306232626135656231376536663364
36663833313739323661623538353735353866336634333365363863343731613161323466396133
66313664306334373834656432353833636333636139636134383030663730323339636261666239
31616261393266303630346663316630616366316432663663393032393861386535633530663430
34653864376165656131366439646262343566383063653538633935616363383063313438353631
65313133653363393435383837393730653337326639643632613665316265613863323030306661
61623166633866643961363266323037306665353736656333646336633739326134363233346333
36646330643634373031323565306632613234626634393731376335393532666662656334356330
31653336376563616334326133303366326538333335616163626433623566303665613265383764
61623063303730383131663331613233653463373134643762383333343964313363653538363463
38333264393238383333383331643864333937666564353138396663393134316162346165353239
31333062656531303833393036343733333937613638393136333138653136333739363834373162
64333738373033323036626366383231303535376362633238336133633830613965393037353937
64356337663063356130393464346164636536346364343839663664666230376565633637383336
36363434323534373633363435343131333661653064323330626532323238346439386465363134
39663835393363626636353031643238343765303739613639653665333035366661633963316261
30623565666562316564653135623836643738336339323030333436333139353534343030316266
33336165376562376530656430393366323230663034346438616163636664393236613564383664
33643938613736653066646539636237376165396131633164323964333830356239353965636136
61633831633334613534626235346536663366653532636664333165346134336536383465633838
63323764386661343964656235333265386266656130313334663736343033636430366230636662
39363435346339626231333139333432633361373733646130646465666132366265373038366365
65313230333934323564386362666330326639343930313166303430383036363362353065386566
33353963363234316335646563333432663262383636396531373736666438396262383862623264
35646436336636396563633265363261306639386435333765613637313361646330346337323832
34666366326139336362613730306437333364616233323963663664613763376330313435626437
63666530346636643439643433346532336235306536656335643165333131376233616235623237
35663766306339373738663235616465316539643639313332633165353663346661363934313266
61343935623666303139343532356133393335366333373037643134626334613766323861343434
39333765393362343737323263316531643938353937656331633963636339653837663064353130
33306130336531643636316433383464373735396231383731323634346637376632383031613232
36613836323162323432373561626261363938353365623961326433346430653538366362323163
61656536633465653465363830356437643865313135633532326462363164356136336633366566
35656535343735636564343235353333313661653730333134643463313931393638363738376665
37313838653866326365323166373331306432626634636336386364333566343131323038306538
66333834306265343935623337623230356231613934356338613961383565616664336233363161
65623431663635386438316365656237666463616536353539346332396233313133393439353334
35313536373138653031363934343335663161613865316233343633656463666361313335613939
63366131646262336663363336646435646338306165306634333733323538386366363633636264
39353236636666306662613365663532343565303262366339343362326566336264636363393537
62613961363833373462373837396131346662633065383364613861363262623762646532666238
32623337636531366162636336353362383838373266643436386163333633373663333033303635
64303439343763393963393865333732326137343739393038313332353764363131353131306633
30653336343266666331356566333636653764306431636461326366306532626233366663306163
63316663366161366433643964613362656365623365326637343038333535326463653131396663
64316361383665343033656665323964366332363438643139643166623133363135656666363666
63323266346133343738323736613064343834356563356464386635616336333539663035343732
35623364323632303265346262646139363536353266393936623530626232396632336466396236
37343935386336633361646531373034616539393633303132386262383238373737663736373764
31376462656534666464373439343562653163343439333034393937646530313466643364313035
63616139366533396662376162623161386366663139303738373632663663353862653534373166
62336530336664653735623739346433653338366666623738633030343139356434623533643734
30363662323136613365623566643961623136366262386532393764646230623361326234633766
36353562336532646235643534396265393633653664613162646466306564316364613636313138
34376134316466366363313961336266333464326235613336633765343832613861373664613738
64333261393536366136633831633762386165613630306238633865633437333238626635306362
66613964353135643431356232616632643162396635633136356434313531303861353465623963
64303965366663326634666465376361313133663864323533366363323437643563333834613938
33333931343863323535323063373330333732353265653733396466326437656632383138663330
31303664353166353162653565363037386132333261356265623132373730333530383565393733
65396239323035633330626430653063363432616633613161333737643538343564386530626632
62393239356562376636373162313662323765623137356431363162313264376535633762616266
37653236666465333361656362396330303861396562373434306562313633363864343038326332
35383161626435663537636663616332373966343266613461383163643766356137396337623631
33383063396130313838383730613934386236656564326233343763346464336131396534373736
38653331663538346464623734383766663364306363333965636663623638326164386234613337
33386161633362666161393839356331353331396139613566633531396335326131313839343961
62396363633630386333653538343437353735343134316335336461663433366466663032656365
32656434653966376363306538333838393333383932383337653034356362616634653062333766
61386536666437613764666466353135666635306338346130636234633031383839633036633865
34613032623261613630613165373734323161613262643833353963666363386239386566626230
35303835333833616239396166663366616631353334383838383933343037356136636131396233
35303738343336323839313535393630373962373833393064316232343563353265306562323866
33366234323361636566353039323161346132326130396430613632356234313830363135616165
66363765343263653166636362646532646464316235303264333930306166663763343162396438
64613737303566386163616435613537383030346164393065646634336430613234656139363463
38323661386363633661656163333636653161653434383362393661623736363431653963623034
62643834306137363739396463326235646131313364386237316365376262636638616335346366
30343361363765663832626665363532633536336362313063333464663137666632336261613362
66396462633539393862353563326538633536303335666234643565336635626139636333306138
64633034343662306363623062373864643931643536383861646339313236636363353137636337
64383334623234363961623432626639336262643732386539666638643761386166663833396561
38623030623034383564643436343865613634393464323664373132333836623666323533333331
63313432626432333165316335646130383963656335336165643666373535323364633838356334
65613962613864343637393764643931323366663166623632393137306138396562396366616433
62326139353439653238623561656637643566343431376363396266646431633636366564376338
66326439623839663033353432653038633462356130623135623832316430373935306266366261
36633737653930316666386532356166326238383033383435653935313965323132633965376435
65663638333930643964396237643465663661656262373036313030366334663565383834346464
63353830663063383338316438643466376131333461623064363839376434613230663832336132
38613661656532633363313139356630356566306338333935396435336137633864373538333032
63623735373461306134303162376135386431353234316633653364306332313966323033643434
62646334346237396531303563623531383136613331653666623737323062666335306330303933
64666633613132663361393437353261343332393439373830303964333035363435613464646361
63663361636662393962363839353436656162336363343933633764336434343032333939346237
36316661383537326436356133303130663230393931623334346666333730376332626238333231
33306363366665653165653231316333353063323238303738316637303831646631636330616664
63313766626337623964306238653762313236363031633964346336326633303666666265346136
30646232323837343930316566633938653836393065376637643738383231663133323834316565
39366234353035353538633936356135323535373239656564376235356463326430633764383832
61316532343535633038663832643434653266623334306363663638373737343962343533383465
37303438633336643335643139336132333834393338626262653263653233393762373239353466
38633638383737626632646633653333363264663865376230653835623934653935303661623030
61663931633539663566376564343066353063303536623563396431356633376465373833323466
64313736623462646234303963623139366633303739666563396262323530643637316634323934
32373238643566633235336237303535353739383533313339643539623163616161636231653834
32303263386138666336393334363937356262386632353962336331626166646662383638346638
35616564613164356535333530643461383333363036613762393836386339376334633935303865
30356665626433333761333164663830303866336666633537613332613663633561353731393530
61613336643939396135333865643037363266363965353633396134306137306537343166346561
37613734643938626264303132366461333563653130386339663235666233303435613931386664
33393737633166623338626438323964316364356565346665653435333132636165613561393633
61353735316163386238373837663139356136626463623165666439636561663162383962323933
65646634386536656362613133336132323634313964643831386234643162356662366161343963
63313833366233313531353430326437376438613363323165323537343261346137376565346639
30383561373736326536636562336163366538323636373034313532346535353338643633336330
36633131373032306237386236333330616337383734386637323033363533633864353635303636
61313236653839626638363830393661616166613434383631663735616161353566326236633033
35336239373062636663303534383665313435303765633362323463643637626535313734633736
37633333353336323033623863356234633535336439356262343134663636363734383132653061
62313063363133643438613131303637376332666566623962346638643863623033386535373338
39633132663332636438633961333536353865323264336561626431356562323139653537326462
34663234613163353230626266366230343338623565383464386532636236373566643261386465
35643466663435633936623166626234653332646165653663353930656663636363336265353631
38653665363831663466336430613462663238333239343561633661333732623930386638383434
33306662623962393439366163626530393338653062616530643735313731613162643465663338
65366134333434613861333035656565393736326661653534633433326166353639343861393565
34666538363732343436373038656137636138313163316135663835323463306137306234633766
66366662363932393035653865373038343432303138666162306666616161633234316538343739
65663139616138306431396236633866386365643234353138643136653633383866666162633834
31633835643936393534623132383964383764373336356364373534653332303334636538363530
37376462356531336337313436383164663566316635643439326239346233356161313761663530
32623237356130643632363733383966666563363563303833326262666532656562646566636237
35653033636366396336663635633861303063383032663432313932656666393839383738356433
35613563633430626363633666613431656537653332343636613238336537633830643238656231
35393361386566383262653938346330393933393336376535303363643762643633366531643939
30373336383065353966613337316662653035343462336662383737633363356637323930623036
64323532663431363662396266633364393730306264643039366534333061343231356531616237
35303561376566316432353162616466393830616661653432623861346238363962386538363038
35386565616561326131386235346362306434303338656237653163313931383839626664633438
31653739653736343132386333633065393361633438396237666536363064633535643033636333
32633130336263633135353161666630666133653839303430343566363132653466303333393566
66633433633364373361336639643463393064343038363462336230666562613132626530393861
34633536623732636133383932633834653132353134633264363037396633646632663439633030
34663039303534373834373731656363326263613964316262653533646332383339333436376366
37616232613566366235353831353761616664313033636135313031623566633539633362383933
34396535613561653236656139646161626630656466376462383130386562396566393634373034
36633063316363316534393734393438396366656336646638303739663161633538626666373261
64636564623165323162653333343937333862386538376333396466353363633431613261393733
32613564653961383939616437646233333864393263633734323166393139313230636636313766
66306531376335386265346135363263653365656230373637363035333765353631323161373530
34656331353534613332656233383431353231663537346564303332336134666537643134303363
30626134373865646365656466326561356238343336366632636165666164333431386333393938
64363635373062656230666232626463626234623339356531633838353066636266313037643136
64613832326633616432386534633637636139383032343931383761626466386530626538636131
38303331623464393061343765313166323662626639346136343332653934636335363837356462
37323932383964346530346262613339373033346530366662363861323133633432653762643233
36623465396662623834333034383835346461656464306635613234353938343836663634346663
37313864313437326663666663613837383833643938636666326634396461666536313839653532
33356234366630353338376666333431353564303965376239376366313438336430636638636432
64666636666330373935643536363264613462323232343431383762643161663863343132333237
38333336613265306664653861633139383061626164356561333939653262663133333135633435
38633837653662383666366338643439613036663431313434646238383464353935663366646132
66363465306630666563373735366133613865313830363233646232383338666634626663653264
64373238396466323230363631623262666164626332623738626363373165626531376165333964
63623865383336323561306437363163356466363937666662323535376330303039336438666437
61663139393533343038396235396562346463383232663638643234396434633330353035303763
38323735346336666331613533613032313162326261323136393335386238363865356238366430
36663832356433313135306664633232376434346233323236613732616433376436363333376561
63383136356131646565316134646265383332323965633464306638303137303732656166623932
63386238326263633366353536313933633166363436373562303561653439613033343136613438
66313461306665306233663634306463643962306565373663343965373136396365643634646661
36643433343065643739333261303734623539653565663633313838616234313932386130313162
66326363303431336562373731303962303232313630643634303233366630643830396665353933
64323639643736353134623430653434353735356531643165363666326565313830376136373162
37353166653361643261393833613937373139633231303265356463613864303637656236653363
37653132396636323861613531633233626161366366376533363865303639633039663432316139
37636433316337363461323661326637386539643565306334326634643865633739353734663763
33666238353038643530356538373132306561386234346438393465366331663737656239336263
37613032663839653738663339616637326434353164373765623635383934616361613733346330
39623535663633333839616566666534666662366331383435376331326661313730396563306637
62313361353064373032393535373935653361613839633663633933613330636638613962363638
35353332353337353530343035306565353430663634636430346265353537346465653035343063
37393463366130306262633062616439303866326130643031326437353364643330626461623832
62323333633332323632613937313939393931636330386437323065346134356561373037343737
65653634376165653038326433363563343762666230626133323961643939313730366531353536
32373065353165336366303561353833303331616239323364363833313439336434333266373536
62316235353435326432646138623961646166333832646531366364393537343331663163336261
30353361393130663839376466333033386530653238643335633334636331663464376265383562
62376635383561343364343438333962363666633436383366313036363038633163356530353134
39313165336537656336343131366235326261646539396364376530623666323230613363306263
34343466613861323332386332313962313631313632373965316139623635313235363239336364
31376533303738663839646262633865666363336433373563636663646166653466663430396366
34653262316338366235393362306331626666646563323764323762323433326534343763316662
61383465353836633166333835353139346230326365613136343735633333366366313135386636
63623430323365636331623663613465393463623761356637633438653562343163646463386333
64343838623531323039303539656630383932346434643661383539376231323666366139623731
32613931653764373836353536653936393438663664613762316466653030333437333465303835
33303665633834383565303037376634666232326263303336383236303335383363366262636336
37303865363063336432616439343330636330623765383831653031643931353665346233333236
31303735633765383361306431613839636236653166663431326266656566396562383165626433
62373033643866376565393865326635643363616636366663643465366134633032396465636334
34373935383937616238336265303935303665303164646661636662386538616133346237616330
30356333666637386564333833343530636362323931313862366365363930323139343439373838
65376335623466393564323366393833396238333137353533633463626362653131353030616136
35623061626436326265646135363034323866623632643961633865376630336464383038343839
64353633396464363031383237643433626139666163643564636565333731306631373030346231
39333739666335646663363262626630663063333963626339656661313835336166303539643831
32613731396339633539396537313261376436663933303066616366343838663662313965303730
38366466386138393262653834383332353831303061393339393331626635346638666661643666
61373034356362383763663332373333333762646232323337633734343738343465646136656332
63313234633638653337656466356661666230653162386134393562613837376636343936353237
37353463383432386336343831643864346339303835613230356361653737656661363830393230
35353539633531646432343131643933343463383638333230303731343661396263336564373239
32323438333866326137666664303333333437643865346266366534613465636134363936383764
33336664376263393863396635613831626432643965346335623666313736346465643666626234
32343162626635333232336433373137646634646538663231663630313731653865656661353966
65366364383365643931663239653931306364663235386238323738386164633031623532313037
62356138353439323036346531613330623433373936393065386162636138663238363166363531
62356234373933303862373731653834366137356530383733333133313835373962646330353334
35326239343536663738363338656330333936636366383635373562653163373664396130646537
37373436383534623939333530643430636562653532653661313463636662336138643430383730
35323065313333353637356434373337623537613231313631386634626361626435623164633932
61646231343438353234326263396633393133353364316162383563626565366530346232346564
35363463313565366638373736613037636264363530623630663364636266613332643065336163
32366337616330343230646637656633326436313431666163646335373339306334306436646266
39383765393965623238303134393735663662653532636539653635386637663634396235353139
61633835373862666462646163373864656538366332626337346534656239656633636135663762
38366666373261363831356536373461333364633533363238373734366335653431366636636364
64663161386566663331303839383233663431653566326561653031646230613036343834313431
34373831383039336263306264643066346536653734323432306461663636363238373932663239
66623065343337323738636536373261656634303732343964393464373766613662333632633032
64376364383438663636653031333765383661613932616436356633393765373739616636616232
61343161333665336138303737333735366165326566363031343538336539643839633830373637
66643537643262643834333438663561336136343261306465623566356564353664326236376161
31313165313833633864646238333465353266613361663964376134383665643637356162316262
35323366373733616335343035653939373431616630313233343237653737646463343361396563
37303961313234383861633938343461393061626130343965623437653861333364343938323034
64353532613134303936303664653133303137303036366561613662343063663266383032323366
61663266386361363664333031323666393661366665633732613661316636383239656161373165
37396564623966346462343134613865643338643864343539626533383635383862383834383437
38653362306462313334633933376562373266363135333162656566363564333963373232373937
62306263656231326433323035316534663635313065616133333830633634643437346132336263
61303561313437343932343165646362386161323239356137656464353835386437353037346561
30663465643138623764343038653937363236306439646236373161626230313465656163643163
64383439653338316637636565363933633633353564643934336366336434643839643462383666
32626430663563643064396430383961653366643631653661653161646231363037316264343737
33646464393663323135343032366530373036646662373762323131356637306463623330663533
61366439626136626564343361643465356162366630373836636532646234326566323835636438
64633336383965326664353630313533663431636166376135363135336639366230376534613630
63663633383436376134633731323531666164636564653864333035666331336132663233323930
36316438316636616639386664663130393761636538303030323964623661373866316165616330
31323364646638653037643636633337366133323862386234366136306364646330663730623032
63393465613364666264663766663331393061356531313934663833333330386432333765353038
63373533663133396366346635653565383336663364643331383730386264663961303838656364
66326137323632646432666539323538373765636337386263393835323935373136353739613038
36376262356262366635363466306662353231366232303730336334373661653730316365656530
64363139323161336163383561313265643663393766646537393464383339633466623730663362
39313431643762306663313463326438303234643935333063363766313335613863313933346531
38666231623733373636306666663063316239643534666435333930623735313035393532363935
64313336363630346237393761313233666263643065396637383235396631303264313130326237
33643761353034386636653830666564343339306361643338323664363635383733383834313631
32376133636262323766356338633837316334666538633238643739666264303736656265363233
61326363386364326635663333316339613738636235366135333161336331363331626366356430
30373662356163373563346365303336333839613939633666376237636364313139383539343638
36363833343365363939356161393838333638643037333235376138656366616635353230653266
64623331316131663934333434366264323638353030333266333031326437623938396633363364
64636534663133656361636564353065343264323964363332393639343839653238646138616164
37383064646563373931373736393233383638343962366466303832376338366435653564373032
36646135666234363736656332326530666131623437356238666266383531346236323165616233
61306164666331393461373439386432393466626565313230383939653234636664636365356562
30336231646338656337336233346466306337643633313931646434616262393231643732326334
36363233323237613133643063376134613738613233366235333362363565326661613334303537
36663263303362653235363861373735663030373530646561343361636436333830616236303039
39396630383938323535663230663930663630393661323962666530386130353565616533353936
62663039343139643361626631643838376164636335383930313838666136626139316530386435
66376433386265646362363661346263383630646337346637636464643539383332393531653134
33383562383662373539303233613837313363633536356532613935323531303964363738646237
66626337636230386166633338663164336334326262323666626338396239323734343266373737
62316538643639656530316461363766343735323962653736346562646135633535373734373266
35613839656437343163323436613062326631633461363861353836643762343566656538363338
66623964396266343230323764313864616531343130373438343533633563363461313237336638
62653336346634666437333536386439636666616439333264326262623034383362626562313230
64333635663361633066396132393037366233656237366532666331363432616262643033373365
35356463326464313439326462353764373539613233366631653933393931306165373165393465
39356233613839393931666630316432386461393365626363396237336633303364383466336562
38623634646636333039353230353664623634376238636366356339343163343138313536623032
66373932646635643534623863313264646261613638346561343934373439663065656366346236
39383261633966393166373230656164303132616262663639623230636339653365646539663064
35616132356536613834653832323565363963326434633466383133393831633136636361303536
33356266366239303733653734346434616161323162643037616638636262323164343564613930
61343131333765653065333731636261333665373061313062313436343364626363616362303765
39373930343236633334663963353461303639376132336237333935656238316361376666366533
33613833303865313063373664343561373165633761653330653835343764636435396664343032
33323364393930323166393263326465373333323866363363653763346239616234643461613332
35626161356662323237616337336461646637393936636431306539633264653736363366623865
35336233323930633138376366353335303839653362303662653131383934386561353235663639
62613437393333303232613561656462303765363338646531306363396166316335616361323335
35383833386431663062363935366239353337356434646334383266353464623466383835626562
30393734326232303636376364393061373936373031643531376338643533333666376331663063
65666365643437323232663066663265636261666365313063656235663063643032303539653333
34633164623333376239323934623661306132646535653932646466613139393332373766633830
66616536313064333434643066313263626435613431323838366164353766643736363466333864
34356361336165363134313661336665383332343062663035326638663863343232643463666230
38393237313838393761666161643238333064323766353066313236316138326566633164326638
66393035373565313937373262386538366362656566383864653335343136666666343331373234
66313164666331353437646436646463633134366531646236313831313737653932653830663630
32313531656532396133396633316137613232363234396139646361393636313166646635653331
33346333353030626139336330623666373039356232373531393135303161316365636431303638
61313431386536656330336663323237613764303333333366353033373631376433346131356263
30323561363461363661613938356339386431646531396334616334363363316165663863666639
35616532323563356264323064363337656565623765323864343236323335363038323639646662
36653439666362666536313633363961336565663230356334356332393133663435623465653163
33653332313939373136656430623031636136326565613562343732333832373162353965313233
35353335653136383732303939656633613261383761663730373730356264636362313265666230
65316438376630643761353434396436353562383937316530616564313633663233336133613430
35306637383838636637623265643664373333666636333730376464666664376632303865666565
37313565333634336435353065663537373032393162303932393361396564356234623431343538
61643639646363343465323631303432306564383333376430613761393836353265656639323062
62373761353664323466353164643139336364346165653732393133303762313531613432393839
36653265613765666431663937333966383038636465316233313866636137643664356139313139
61306166663766373833383034306634616437323566333131316231353435663336333661623038
35373363636337316431316635633866323432343139656138356665656330653739646133633139
32616530613261353663363263363634623763326631386161623833623934306135346131663139
63656331343832363831623461383634356432613131373033313562623337656337343135353639
61366331316638323563333562383031356432383231613162356132386162326461316165376566
32316436303233656230393965616163623063653830636163353934343964316262623561386535
39386366613035363734653737393064633131353633626363326531653032666631653231393166
33373634616630666637313534346437323035396137336535303734613262393936356234336631
37623032393535306262366535653439333764643434366465313234663363663464626664316463
30613737383863616265326363393763356337383965316232306464636131333961393664323264
62393161326437643933356430643464376534353632643036363238363562666134646566613132
34613563353833306361343033653366643530376334623036663830616664316362656564623761
38343236323061323030363539663864366338343464633236393161653136333331323230643864
32653138323863653234623462613536656135303763383632663533376466653739393832386631
34633265623666346261376437653139343132313064386134396662663831663634343737363862
38656462343035346337313366373866386235383065316162376135646339313734386564353437
65313839386536303533646462393062636233323465346262396334306438646631636263616162
37653839353731616233366334343661303861653265363265656638393864613764636637373130
64373466343533396631366330386533613139613461646630306563396231626135643339626134
66653435666330623932303630656663353836653264626633346335303264323730656263623964
63646631663739386434613562323662336533373865393236616333656238656532383266313636
32303766613630663066303636623539326265306537376465343532333637333334653236663033
61383432366262323364356439633835306130313335353162613431653632636464333239316464
61623365313533623865356234616436323132656663386435363866616537363662613863396663
66656161653130383163643165313265666238616465373434626261653534653166663362653436
66633331376363323731623930336136373134323831666639356634643530373865616638656662
36393366383037396366353332376332653464386534643731336263333263396636316562626534
62306531366539373264626466343665333933643166303662383636363964633565353936346237
34656330326337343766333366343866633432636630396638396561363433323335303534316435
31626264393264633634626364303961653964663564313934306664373834333964353139336462
64633665356230366138363533323134633532623730343330363436363965383431366464303633
65376462643537336235313234393862316239376661373539623664306164626362333935663739
62303234373063663634646362666438316630373065643537613065353332663662613935373864
31343933363336323939316666353131363832303331363636636333393035396439636538306264
34336331353731323834346365386531396537383737326663316665303633373836653564623337
63306137363662653637353062623139363831306139613330313338316164343933653062623231
63366439393862316337343363626662363730366564653262623561623463636334303363663438
61343264646638393966356235616335393564343238336662386665636164646636386136313966
65396539323162666565653230383666383233666236313830653737323731373339663337363036
64633132386261306532336361623165366638643466346264373765316132396636383364366532
62363764306337636461303734643766396438336437636162333962653933353566366364373931
65646335666638316362616561353732333766363736663465383434376137393166386165323366
37393839623632316430613537653763333463623139333138326233646537373633386636326266
35353130663839313962623734663361323934613034643633373334343063313939366634303566
38653936373637666161313633623438636662356136383866383532323464393131363236623034
65363233306535383834306666326237623761613035346363373065383135323130336432323462
63396165616262393162383463363662383235636466373065653064386230303838313636613964
66636439323833613666323563613439353532616539366266613464343536623831373638313332
32623037653439623133393736313361386131656462356161333438353638626132666634353364
31623236363065326630643430666537376435626164376134666237373162636664316236393835
65626366373064346566646537666261613135353762643836663939643032356463643863623938
62626332303566643536383938333863383237623738653564353437323335613633313936663736
62653537363663633463626539336334393761303163633038303165383132613464383966363566
65326563323665323839616566336636333136353234643735633965313363613133303236616266
64356134336434383838656230396636326438353663393466326263373764646132323361396164
33376438653362613562643633333132343035383962656566313739353566636331303866336438
35633561343861383635313739336462633035366430353638633266373234646438353863333262
30303736646230333332313361386661333363663365623034303539643436366166353134646133
30663432336532383033376639623139653830336130623732616238393534326133356635333861
39613663356661383831363364653733636362346334613935356464656435653839316331646631
39613566653962616231343336313233623830653661356532636134343030316433393461633362
61346537383134303763643064343363396464343563663461356465303630663766303062313235
66366634636463636537386132643764336366663538343931356264623236316538643866393961
35633034633039636264396539626463643838326138366163613436353733623537343939623831
36663263636461356337343462343165626666663931393539313437346130333461386364353538
63656131313862303938623835363363666665663037396139623061366638633333653563346538
66383133633234316163316364333834646238316633336132313262326534616539363766366364
31326164306338633239346335626663316232346137363436303966303834373538626438346239
33346435653535633232656632646134333965363134613866303834633135383964396532373838
39653636343865333361366232353366366262343234356233656262393938343361663338323661
64333961326233313565373439626465323666303039313662663565636237643831393531336439
36376339663735326637303738326661366566663963383038633130626637343666326538393761
32356362663761613366356435633030303865373634346334386433303634613763656262396564
62333234623661373335346530396565636663623635366433333764346561643338353333393036
39393034393139623261396465363464326636626635383133653330383866343162383736666636
65303263356337613864353463633938633966346261313037326437343231343231366564386638
35666231393531373235323838306236653930303735633631373836303663393736636634313062
32353666306530646265626130333265343732336464613564336330333733313462336463633864
32343162666137656432303831646365343363653363316533303237333665316665376266343862
62653837656166326366306334373038313365336235613033383434366537333865306430366537
61343061356166653835633534323839373261343338653563356236396539613831333261393538
37373939313632613661616132306365363762333961323866623531653265343663376133336634
39343363373232643334363834303632306166336132316435313863653161663562343262653536
61303031363562336665363363386464643439313033613636316335383832316339643334373162
65303962633631373331313836356663333139393834313139646636393365393534653431303835
64313263333637346566663233356538306432613630656636393631326666323333386138613534
34663531346262616234646435653864666565376339656134366434343662303139313835643936
34613461393936396563646463373932666332373536646238663531303964343736643630643834
63386433343530363266363539316663656466386463353863313465383164343432383033643465
31396562333466323438313439303938616264306534666130656535353365636237323538616630
30383439333636313933313934343030656333373538366565303930326531353335396334306233
39373739306437613031626133623336373965336664656631316266656531633763623230353735
33313734356161303766323035376130666137623939646431343334313434373730663332303133
61386666333561626164636565656134616636316666623666363631343131373039613661376563
35303436613635366434356563623261353738656536633264653466383833636535653633393431
66666631366338356335333733643762343138366238366565366537383134633337633064366135
30656364623038616435666239343430323330353561653662396138386430613565633565313339
30633366373533623562383036333339623430393131353965363066336535653765616537663466
35613330303931653162326236626334353163306335646663313433383265643461623433666665
32633061626334396463653064333330646564383663623431383837313166323137393061636261
35383031623438373339623965373638363666306135396333626438613733333038326562323639
39333462343633616339396163663762386531373566663662393033363064613764383164363665
35623136363366666636643533316130323936363165316438303234643061643131313637643164
38613764623638306636363437633432656632363362393935363034393537613438313936643131
62306131613164346333343231613364343830326166623131333338396639316539353563383535
63316536633366623233353861323533306332333230643734353838613363363838386439326433
61306333323438326662653336663264326161663734363435383966646539643766313333303666
36616337626266643765376334613832643937333664376334643264346362633261353639343634
39303361353161376133323162623937343262666363316338336462306232333163353731636565
64613335653366633061613730316437363833353564666537663134646635386632393930353439
33363266366261613334316461356531343732366436623232373731303333363139326262613963
34313065663265623163373336653133303334336536336537343231306538636433346664633233
62646434313438653265626135323461316138353831336235373062353139333136613638306465
33656161313430386135616439663732373232316132306162393931616234366637663031643734
34616230326138313566633131313964616463363563306263396636383330343064323133646339
36396563386236323235333631326533353365383964356662363163373031636466383064333634
35353631663331646562343138313532336364393437303535633237656365633637353663656132
30313037643130303839663239343535333934633166316633643437316564353933373163376165
65313766363536616233376564613137653637326132346138393533616439636535373339373832
32333164636463333366633639396432663762313236626264626131393761666162636233656536
64643338383932353331613439346361353863313063313261643234653739333439333932326435
63333436623735356638643838646362386137626335643834626237363061313631623431663736
30303034326631353632353738383534363338656264653931393435356431353564626163363039
64356238323434346665383231396563653839323232356234326361613364316234323434626232
37653366663431626565636330303761333035396134623238623166616437373730336363646162
66353134356665306536633438353339623764646530333531383237666138636239386565653431
30613933353931656562306535353738313564363733306636616462623166376561666161663336
39613539323730623962663439383336636662653331356335623435303263353438613466326332
31333532623235663532663463313131663536376461303862353131313466623266313231353263
34303433343434333533316239646366633833343765356364623130386134303062396539396136
33393433393537333631363666643761373033326434656265366465656332666163376337663733
32383232373431343837326638313065613761326130633838613764373333656330636130386637
62346233643630613437353264373836353438356261313761303630343832373562306139383961
34613234393762643832326538646636373638663833306161666636323539363236626638633630
39383838373462306162383865663536383465646432396231393630333937346233663939383931
64333261346138393436663936636466373636336166316331363539333734326337386165393366
33366561386235323163353531313063643565643764323862656436333736363965633438356139
65326465306265633735613433346132656263616165633966336537353139306164333736333430
32383762306166643036616439366232356365303865376437386339313261613333366233393835
33376365313835346462306637323039633161653532623163656339636363323064323637623235
62643364323166373738613630373731303864376236373763323131613034343339313032646466
39613463353937386232623265613464373037356330663461656461653364343961336430363036
33616230353166353461656364326533353966326638353064303863323735653538373535613133
61643136623630313863356466646535623138653661323030366237353331646562316362323866
65366439323162323333346631366536376537623933393532353966333966656165633063623938
64646261313038623130663030303161636131653064343433383435343033623737393731386533
37383761656131353261646265663463666233393364386638386234303238313934663132316133
64323436623564613433376636393862373431396530616435623865346366386236613066633865
37326633616537363266316633313765313836323132343938393536363537386466616563616530
61323736643165396638643535343835393935623337323635623539386664343435636433346566
35646164366563326535303063623238646436373930316338353434353832653239326435643937
32316530373734343231313632636166383865336137346566303265663735633065646163396536
62353939643762666639343232653134336537643438636133656631323738386331656533383939
31626635363838663364633537653465323834633761373033363233303831386330613331366238
37343165363132383733633436316634613832626133666665363231313562353737633636333332
34333337653938386265383135313764663166363533323163313033643130343934366430343163
65396237356464303566613863313435313635643835663330643232323466373436616132386164
64656333316565363531373031333134633564633533366436663664303031626532353264633261
35343437643737393231326563623363366163663764333139623534623135646234643437323262
32343066336561336234653564353435363831346633383537363165633861636230383932303230
62373435363136663336306664643633613666656139303038343831316165363562386134633631
35663939366333353962313130313037643934313463376432316162646539393662383139303362
30383135623663393135333764373036626565653265383237663063383539616333376539353239
61393632613765346635366238646232346237653265663034366331336662393765343162396633
39333831383365656336313036363036343936626331353834346230663638343764346265636232
35336164656564613830363039306237393931666638636661353138643731623133306661303162
39323635663561366465336136363266366566313532613434303438633331613038613663323239
64623962653432316138613465623563316561316436393632343930623735353835653064616335
38666562303234656161363539383465363935336531343131336636363961373439366364393164
66626565636132656237376630613534636335346434313936343464343834323065623535326232
34313562303865326234646530363635373538366534633934343837346262363435633331643833
36643938636236656566646163353161663466663666393431623838636335313936333463353163
66373837626433326136356461376133363866386337653436613463353365623962326535333134
31653231643961383036303663363236363032656638373962383065366236666239633332633966
34383661336561373936333433386566623463343361316232643632663661353638653366333437
33343935666537376330393162623734646633383537363838623330376439373966323364316533
36316132623335343661373234333165626265336362313037326665643366626530666636316564
32303038393665396164663162333133373433343833323034636135366262303939366532323937
35333461303939643032323361636635363361616464333338343737326663303336333132336162
65623837386163386165376566323432616338306433646335383264363733323638323830653639
31373762633731633235316338653139626134303065343132396239646633376239663235366435
35356138326163333233333132343766303938396566313639373363613235643439633830363461
61356263666432626131626464313331336136336364313031653931313565373731346638323766
30353337363035313837303533633863613037303232623564363037613933346136623433663431
63326338313235376532643363666336366134663365363365363335613933633335373138313432
34626664653435363433333062616663343962613030353166363034313338643839363433636533
33393663646362383564306164343265663239326465363930353035353261666561633663643865
39616536633866303335663236616632656236393365316431646561393433353331363465613238
33353831613530303836306138316534613231306633613931396161306536393330623932653662
33666665373536393765633633313135666265343061363835613666653763316166386265316265
34363433383733353434643862626237616536326332613335363932336461656462333364633237
31383362666662656536653161633333383530393434623061346132396535643031643730313164
61386539313464313335313031393633396437336632636265643634306561613831643562616233
35626462653761653064366532393262663931313637303162376165663662303062663731356362
31316135613562303930613562323762396663663632343965633930333632303939636133653462
32643363356464333361616637633435336662363636353239306130636164323834383935376336
61376638343937643635303039363431336138393666333863633265343038373063303936313732
30303161663565623261643035383161343966653832336630306163646438303538633864353066
31393965336436343663626333656362643865653861386532663734646166653132303065373634
61663137363563386535353639613230656338346566373536393033656336366234333964366638
33333233366432376164326537636561386135306239353538313966353565633739626339346434
30656264306331643261636239316332663137356265666136373030663935353135353134646166
63646131383066633732613465343163323435343735366638646361323361633864353364396164
64366266376134393031393534636163626231326166613937376633306437616532326466666164
35616165646431626261313361383966346362343763326565333237353530313136333238643463
35333666316138326664616236313862383034613162326164623462333339643837393333323433
36336435356437366636623762643433666333383464323864653335343431313931313261343238
37613836633536633631663134316337623130336362326462323765313862323161623163653339
39393539373163333333303039653230653064373066383465616232303633666131323262396133
39396333313134626332366138333432306438396438356366643935366139316630333230613134
32643933383039323231666137626563626163643436306332656465396264636566366633303230
31666261623433616561303964373661363335313338646363316264393934646431363536343461
32333234316635616338643336323131366335633832336539396365336662373464383662633032
61343935356238303238393665646266616235616265313862393237356638663035343237666133
65353238653837633566373233306231313963373666616336356661353038386133306339333330
65633863656161333534386633326335373937663133656361303561646335643738633564323265
31633139356239376338366663383130316364303236343066613433636438666436323037376539
65643238346236653639623636353931316231393962653261306163393032336336343936633734
31356437653139323964366430663863366338386239313464303433663236666139376266303066
39376532613434646130653338363536653335636235336132323737303733613865383932373636
61643437653439643033323735366137663661303164356332343536323666353066393033313962
39336232373563336434386463373931353165366634316130626337613738626663323434633463
34333962613431396332633361386536343063323966363436626330333231333964643531356264
64333061366365626335343764363264636235643837663939306563323835336635363236313064
34363039326636303031373930393335326339653736333132613430623762343934656230666131
65353062346537323536373465626362353731333838346131383763336463393631346165636438
30393034343138366639366337393930636537396138363165343237303132633830643262323534
36303738376539313962353934613862383631623261333365323731616535373832343939373633
33386335656134323261326532353336623030623339336635363164333639663233663662363935
63343930333132333462363762343732623937636137306363663162373237353165363138343634
33383533343066393630303865353366613264613738383966353034363336646235306334336461
63653436633865356531643838336263663463383137643666636438613765376430656364356265
34373730666362613532636435393963623664663361396365353861326135306263333238356266
63323137346533656238646337363761626438623564376566376134333330303566356638386437
37666532353761646530383961663035646561363834663939633663323132303536656166366164
32396630653164356433376137333332303333343063326264323030313939616335643564646266
32333362396432356334303033343935643534653935633864626162363464303635386265613031
63303565393436396235323530376632623264666261363864616431313136616563323365626365
34623437346236636430326162663036646530393930666561616335326464353635356234316262
33343730303433313233356262373164643933633565663166306465383938363562636130336431
61613839393364306539393063376334383063373530376133393838653530303234323535613539
30363035376132386663333566663738636630663866613765373132323932303133636437323435
33386266313238306131313935353261326632633231336239326332326462643165366463303165
32646131346530353534313037623265336261626264643937663437313531373332323432313138
37393063653465626363626564653230663539373262623466303638373234326134363035323466
64663935376531353831316664363639643634326639363034313162373739323031633663353236
33663739663034613064353534353866613431346636633334633664653933326630613331313865
65333838623962373934656263643532383165326161363666633962666466316166666433366632
39386332383161363231363334343536353163316566386130366636633261643538663830303033
35623735623931663238393238626635646237303333303237663630353532356232393432343162
63316366373666393439366331346135366138383138636136626136643637363263363562306331
62363765633332353930383837636565653331623533633333323535626465626337663864353365
30376235323038323335663135353935393663633965653230653932383264343766313035336661
62323936326430383164623939316331333965323662663133383933616337366562306331626665
66653161666532643235613966363430346635346364623137663533653532303566643036623463
35306165326238636239373262653463616234386661656232356435333736306539363939396137
38376338346531313664336235633764363638333638346363313032633638646136363138373762
30353965366235616436343561353436303638393733373965373532383365633134373938623661
63633238333466333065373261343461356136323239383562373537633937366665616136623765
62343265346361336139653864393838316435353966393837623232303132366533333664396438
64366530373738303564303739396337306639653135343431633638346232366238303238646335
33393935346162373134316164633234653761303565636561663330393364643164663633373130
66623461383662396166643738396430643466663837396532346234393266393132616263343866
33353337343133636366323336373730666162623763333235343931316661613566613735643933
61643039643136326639663137363163636533646436343732636639616361643365613335353332
65313938343337633131373338303862643936633633343965646531643562326433323633313564
31316461643862353863386461363832653163653133343662653961623830373732393961653034
31623633383737383434343366343931303236326434343461656631303333633636313034653637
35323634303839666433343536373838333131353064313630663361353730656365663661626237
33616239636666623037323061333733623736353135333630393434343832653138393535326366
37323964656238343733306465316630356331343036373463353830306530623331363165626463
39396166363066363436313264386134366132343737363561323666336536383439333564393261
66303638613835613962306433303262666462646265663033346234633430396439316539353838
61363063383932366361323034393533643638646461643037343761326462633762346635306166
39313935666535623236313163313633363637313362626232373533326164353663616637636438
37633261363039393438393332346131663738313563346232373237663931333235636264316365
38623863623634353534663765393766303366333138306430316463363234666662643364373837
38396633336535393536616462623363356639336366653834363633333461353263376164633634
34323539623865336337636431373062336633313433353334623839313330646134353435663333
39386639323231633565633165373739366564333332653863396661343836326466633863343533
64613834643635363565333030343731656534633462666262653935393761393966366432613534
36396161366530323736653464643037613639313538636139346339633466633164336530363463
32353736323631663564303761613033366637333537616365353437313834313239393337613361
39333939323866373965353362383066313432623330366532356239383632363636373937393532
33373932386630376165633364323264336362633764643234386430376438366563316264333334
39383435376561646164666632383363333732613162313662393563383464323539633331623766
35653530656232626463313039636361636265653633623835326339663632316435393363313836
33316436656532626235373134633836663332323264393837653838616539643630303034616565
61613130616336373331393833346439633062306563623461316166353962636637316465333938
34653262643731643166643664613736353466343665303832646638383236306265303231346365
65653963626538636565363361633637643364323564653231643639663933333332333839363633
65656130613962373138313930646664646264343438353135326465363232643164346461626465
62303664353632333765383463303336343731353364356562343764613430303562656239376137
66666534633462633065363731393336333031323838326263356433346163336539656466323864
62383432316665373964613539313064373634653334666331356336383362303036386364353033
37333262633766643064363465386366396537323232333731313235313331393231633764376334
61636264353534353364396464396436393965666561656164643563653262366435626166396164
62326439373863326363343435643836633037393038613864326666616366653939323032353730
61353738336431623561306334653766343264303538353566346333353065623062623037376530
61363639653831653937633039623733643662656266653839313036356636613562313436653863
64323462313862666134623534656436303231343333646331643835353561363331396266653966
36643630666162376562353438373035366239653935366231643261663134393664636263303638
61356361323633613235616665616138346261316131613765346635303636353963396431393863
65383766653464333530623235656464373036653261623363306130313036396538633434346365
38646239623163373133376137643433613632333431666261613535646130313837303730353034
61646264663232666262663065333161613962343339386638626366313334313330646662616135
66653235333431383963353036363531613862646631633735663531623863633466396465303333
61393961393933383833386438386563663630646537376538383033623464396133396635363830
36383336396130313136626236363530316430333565323632346266396331633262366538623338
33623839316138386165316539653631363265323264623039353730343735623139363465386134
31353661386362336132656666326434323965643761303261363662626231303262666562396531
39333238616463363064323535346538613765343436343931663530313038616235323339343461
31383061356233653438653564613935336335623761376637656237323233316337393935613835
39383262373139326236363132336431653038376664633837383062356363373961643033613364
34363363393432643939316466366461643761316430626532323764336538663839396535323763
30613965356162366331646366653535663062613364343738373736623934656539393265303036
66366462393638653264306537376134616234656433316338356536366133616563383334313162
61313432363564366339383563646239363665633866653264373163316230393038363331343061
61366361356235613030663666333535303132336432643737613861373762336233353638313531
38393861613437633634616532333436323432393865663231613031396466643233333062346133
66353033376233326163633836316566343866326633326636353732653061383666613436343666
33386634323063643737636333636339373539656463313935623039633265353832356334343063
36303234383834636234396461366333376231366365376361646336626135386662663463656431
36393930643530363931343961363430323130616339646435623036643566333839333535623136
63626532363439346365373461326563653561343035366335306263373935616338363530386134
39313037363631326538396266646166396165626365393036383730616330316630666230636430
31393062353131626232313931363666646365666264303261396266616332663765643431363164
35646631306230313232316261373566666439393166633534303633623635653930663133376333
33393930373937393537663963373865666534633337643461633334646333373738633137646234
31373236666335623666653637636366383634636564643065633661626231326339636339643034
36666131326435393230633665333661656462303236343735333131386633386431623432313633
39623037633865623835386266653135353165303639366535336530643537393731623035616561
66383736643466383338663739626637636236393639346431376261336237313162646534626636
65626339303463643636363664613931663239353962383134396565363734643661653136393430
37336536386338303261383963613561626132633339343538613534623530396238383130353665
39353061343861393738626566323337336532353535373836353837646136636261333636366134
37303133396464613261316462383235626262643330616162333034386166353562643231616232
32303163666164656336386362613464666435313266366437613962613431313837653161396135
33323165383733336665666339663233333430356538663564353661363063363163353064356263
65343565663134363865353532643337333630613932333661326631613630386532623332393565
62366164353436386134663032363739646361613735343063313236303863303365326135666166
37303634316639376265353339663465333336653835663637613138346636383333353563313865
36356438613761336139336662336635383966663761376531633862613333363930393765643130
64383666343566386330666366383366343635323139613164326434626364346634646632336134
62653866633333353432373436376463613863646235393665636331656462336235326339656133
61633336653536613533363733663431306635633066613438343039653533356133343338316235
63316136633734613566333362323762306134386439633239353537353163346161663335303634
31346234343666336339346535363038313932643634316462313039646266376533666561313461
31346433376162303833323433636431663638343263386330303663616432376130633361303339
34636632313363666238323563396432326633393733353833636665346536623036393639303066
64366135396237323839336634646138613166656435623139323531646364306139396461633136
61393634616533313438633531363739343663376132316438643234303962363338636139353838
31613062653266323834666635356664383437373466323038623437343039613534643330323031
39333363383663383931616333343364633161613963306332633562646461313131353564383737
36633238393637333633613430303064383464383337336534353662353135646330656233333938
36313665303030633463303938643937393032336364323539613963343531396431313230643232
31373764643139366466333861363539373031383764663064363463316438323566386265366436
33343461343763323433346639626161636130613234656263306665343961346261386634363533
33356538383535333634636566396562316465643137643561336364323734666630393063613136
64336165663661623738333738303661346565623137636130346336323137306131616237613365
33646238646431326632666563333733613636343534636131613531343764376264333537373930
35636139313761386634333731356537636231623237346363316633643863393163323339643764
36636631363534356562393262646565373730303565366332653737303536396634323636646534
30626631353937396366316434303134383465356363393634336431303235306464616666663137
37396563306161386639333261623739646661656331303039636138323561376265366362333337
61643735346666346630363233643266316263313533663933316433333837653061393365636161
35623862666134663163306162346566633066313831656366343838346264353036626661373733
37653836643935313732633965343762633939636463353566656138316232386637396138623937
39646339343630346439383530303134393134396233373338346437653730323462353461326464
37613534663764363462346437323035336134376637666561626538356632303931663965386531
39633163313965356661346134383165303465343630303532663134626363386133656264643639
34333336656165643438353162323734643234613332633735313365303639623234303563653339
39613534323233643637643562386432663535366361363031323035343335636333633538633836
32616337663936336366333864363131626164303164653138626662333865383535383739316664
64306337326263303864303462643335653166346133616264663339316439303538363265643566
33613933376237343339663931336665313862306437333462383963393631633162306634386639
64316665666336323533366633303362643663353933356530373362313761616164393238633662
33386564643530386233383038643863666337313466393236653363313535396136313538333634
33383334316635616536376561356134373537333633656633653630646365323462656563346230
36326433656366333732666232656162316161383666323935303238616634303531303364643239
66653330363061333466663932326535343836396538396464326432363433323231383061343732
66303262363162643564306237376664663363363431333530636131353031393665336330616131
37366537643765653039653736613635353831376163316632363765633964656237313836633736
63633236633234633266353232613738363535666531646133323331366132643562616335323265
33376564636464346531366337616164396561376466646564343236623665633932626137613663
35616538366630643331313435396564373732636634386466636163356139646366356264373061
32336462646466633331313362346361393661363665343561623235303031383961303466303638
39343031633431626333363034653238393031663263643965326238316431636662623832333933
30353737646561633738653139333166363463396461366434376561343833623762663764616661
33646631333430356334303163366130616262633130396434613465653033663465656631633461
64366538386162636565353763393733333530376238613738663163376237623061383136636232
30643139313139626662653136666135613663343935316636313538316336343239373139366466
31376433316633653834326632333435323238356633346162396164643031663038633735633337
36363731356363626563373531363462313762323539323663383333633862636236343937636634
65393763633763656333306231323338313033356539343561316239633335313936643434613739
61383237313532653461306439323431323533656362316663373363376464633632343139356465
34626536393365623535663065346334633733656632303136386632653637653338306639393333
61386537393532643731366437663262633261626463373564356332366364623230633839303734
65303938313364306634656332373830376561336236383136333262626662323636356164356663
32386639633138653734623465653361333337323837346536373431653836663665356535643361
37653834656137643130356133313865346234653363346335376265656265663935613266653131
65656230633736633238316638326430353334346433323363393535366530366633653164643034
63346163653639313961666233656639633137356562306139626564316537636462653633303330
37656161363334663639616165646133633866386466643463633663633762656533333737326535
30303731396366353665356232313436313164326334323766313737666363313262353538356530
66396234383464646131633638646566363465303366333634376639623064346463306238663166
31326138333931653139386534303064316239303833613335646462616166333236383030663536
38383666343233306162323731663538633565623364396230353531343765336533666633623034
31643063616634346266633661313131323534306337666430623536626534356532353238623532
37643339356439353461616132343034666662616338333431626334613266393065366331343733
37616362386434353465366562353533356166393833653462303230316165306138623238313161
32623132343034386638613966313638333339383638316266323664653830303864626532366232
63636232636438643038313062333463333762616436623234373931326639663737636133323639
65656436646263326466376533633166376638373161613164663536306439653031313936373264
34663932656531616235326330623966326335663330343831396363346339323234646538303264
38353834616162643261363031356464663262353630323738323563626237356465376232653134
39616662343664383035326363636231353634326238333833633963313038613232623336303431
64643861353539613561363266383439396231303939386339643664303531303763623338386233
38373937636533613936626632653038356231356533663137653032623330666464346330323935
31353038373163616237653437653164616265646461363964393032303734336638616536613663
35626662663635646337363564313863646238363433313332326436353462373431386433313635
35613862323662393663643330393966323736653761636335633437626537626237646330643561
32373838636264353264366636336534636635333463376235616233643536386365343933383839
37396336363333366337323639313435326433616232313062376165323763643736353366666163
32316233316465646539313065323932323834363361316239313065383930313933636437656337
61376265376234666138623464353061663837373265303034646630613666393438653630333431
36366162396361386361653839346431373466393832383539633965343939653235666335373565
36333330316565663161656539376535613037336235396339663362383730366163363266313038
33643665666531303839386538346264643661323738303637613235646139616634303365666238
39353061626261333238656336306266633039363665656263636263633136616331316630366137
35393232646434656432343639363334313761353736623330313433363938393562383166313435
66306364313861643962306566346434333634343964333839653136623230326334643831303338
36383966333239366138326462376137376563396538353034343063623366343631306637323335
33393639303761663632373761366663656362336363373432656664373938363062356236386536
62616238346430373434626461653664353634303839626332303933316231323365373139666337
64613832303264613861343330393461353735646565613337346432336539633636393839386234
39396463313731383139653561613933663237373433663630396463666538346430663062663531
34613133303262643962356565333066366135623636323939333266663736636137336361643933
39326136303863343366373166346666653836306534663032613436393937343466353834656562
37613530616230666330616630333735376435383165346132653561316330346330356361633837
37343434353332363462636130323765653861623066613037336639653931333330646336373261
38656134663637663261373665633464353034623163303932616237396139306337636633633334
62633563616430623736346231383661653763636138373430316361366235613136363037313765
37303137373739666662353364623062393039353233613533616639303266396539633162323733
34373733313437333165343561643639613330363331613430363561373063393866393339383239
36313132643765653530373665393430353034373366363264346136313638613562383933323564
37653163363335303661353231363535373337333832306335303331343536316639376565306534
36343930313462313466373331373337393836353332376435303938666435613938656566356635
61376133343432663931353362666261633739303636623934616364303538643932653336316630
32313636643836343863333132306233303633313838373739376632386362333537636338323335
38386632666530396332303363383061653631633463363530343062643139656632333063626236
65646536386337356139303562333038616431343636333738333765333436633835613435333737
36663235613333336337643165323230326436643039373132346538353865333164383332656130
65613966343761663137616330323536666238613436636636353532366565616437643738353530
62366465663863653035333530636533353832386361396235633666353666386531636530616665
38613235356638643931643431303530326662303036636336333736623464643230376636396336
37383262346631313139633736343236303866343539316163353364393235613965636236366662
62623461313963366332663836316230343432653036373935356663313663646532633134613531
30363634346532373264323238643665363266306633353635623731623134363863613430396665
62333466656533636265663339663930626235386232323837313836373065663063363639343733
36303633633865336233323130373732653430316433626230366239306566306261633032333139
35363135643034636434396433643335303639633266333161376231393362353466623466616237
65383931383363643238356365346365656238313837373961616535376137626431613830376166
61373231333266363438333336373138353935306561383265636432666666623435613937313062
36643633336366383937336566626639313035306130353738393833616530366664316435326666
34396638633633393532376365626262383766343430386534636334613535386265393965613537
32343465626162343265383036353464393332343963323466656239666365383266386165663264
38306239653331326539343933653432366534653363646466373834333665626133366632366435
36383062363462626666343832363530376231343362646339643237326639646536353661333237
35306562306532633563616639343931373331336433326265626533316439663731373937653762
30386462643762326538363764356139613430363865393437336330613536613233343064646663
38306332383362623735616263343431613563333430326631393066373761333539393230636434
65356136646633356238666531346264383432336339383239663437623566326435616432613362
35616435343431616438333562643235643666386639306433616166343939393035663033653239
32343030353038336633623733646239373861646563303361356666313833616134616331623137
39316666613332393335366236643732633562613466383334376538663735666236353537616433
34393638626563326363666263613032666532396533636163356231623662303937646466366234
32666261343766363534333133363761376464356461353433376136663234343935363033386664
30316233356334376661616633353465323430306331383437383366386131326563613035386436
62326630323836383534613039623662313333313338373366653335353864316537373265373138
34613663303631393535613133383930303862346161316266663561636231373832363937656430
38633336353839623437333161393538663861663265613661333737326634386230346531656335
66636631356233343464306437613131306362306539346333653633336436306665653430363165
63323062653063663438666561353136333965646230353662613636383163323434623163393035
30623733396437336539656336343335636631346432653839626666663562393338336439386333
38353935346233363832363062666363366531356439363763653538393536633665623735386136
61353635353662346535393039613462656465663733626136373532386338643866353663346238
38646466653963653962343464633135313639343864373566333762353562343035636235396536
62306238333165623462333539333964656235656537636366366330316331356466656536333466
36316336316439613739
