$ANSIBLE_VAULT;1.1;AES256
62356365636361626436646435656536643536393366353564616461343134663333303438393731
6666323137663333323232343132663161313734316434660a326463323461323938333066336430
32643930383736386635316263333964343764393463313130656361356164623036623563616366
6363373564656531380a346364656238393333303935393730623730386166366631623235663139
66393265633762396337343562323332636661373739396636326337333661376632376539396563
39346530333739333066633333333464666234656335333662633238623633323337373139393731
33383664633336393534316461363761333164346337323338346632326561333263366261393165
31303536623530616434353637376134623932653431613365376332356132376139323861313962
62323537383133363065626566623239343137336263323934376138326630323362656338366664
65366164656163663861303061626464663136306438633830366665343036616662663365663764
31643230653337326637323665363431663866646331313961643934303535396265353966623362
39376232306362323730386536626238663438666435306130623739316239396130303934643564
32373765623335333866303934623861643431313664623338663638313936636337363235353636
31623433306136326235303464383663323562383536636630396265353532626363653665336439
64643637393363303830316463663363333762376233363537303730303335383738383963633931
39633232316466303036336436376332626233343562366635313033653430623266363564306161
39666666623039393932386564383539366164343738623935313839643031303861643433653036
66323366363462613034663764306630373563663930306432653033333036616164316461373064
34353135323633373134313633633733656563653332303964313431613330343165313333643530
63616230366465646164643762306434353362336664663461636132333465643965613233363262
39643866306433343562633835663534646235373265343364643031346131326665313466356235
62366330356132333837346564326663383963333839613938336633383561636238656336333638
31386333393064646566326234373235633930346530356638316530383731323964376431363332
32373838366232346636383966333839336363383664313537366663646663333437623136396134
62633061313361306566643562643964326338643030363061333665663835313232633265636561
38313238653430363732663735373737336632376366366534626638396163313335666234633135
30356563613139336638663534666666303635613539393030636433336433343662323563306534
38313136653939353437353266373036613965373838383361333038646365363534393032333436
30383134623566316139653634363633633537613461323139336133623930333637613234323830
66626332626464646664653934616562613264396361383364306130633931323634393336386232
66323862623234323762633534613566396366386330333834626366663037346434626665666465
32313731376438643665343631373864626161636139353433366161626532353638623037326666
63366565306335363836336661336363656234336336383330636231663634333738373161383432
65303263303137316134633337326539386431366132303061333636366130356334626130316433
31343762326636633832346434333636386164393238343235373566303262616263393034623836
34303330376261326164383961333936313633326230313864383139656164653030343962636665
36663066633332336136333738376462646432643831633931643230323038346634336334663131
66613030343263386539313937326631323435633838353032323564666163356662386561303831
65363266626439303461333337666633373063356638333135653061393566636162306332313635
37613063366639393139366432343636346138646130313766343663313833373463353865373236
38616462643838366266306430393866366338336338393433373165663636323633313831633631
37336430333339656335343661316561316536343634343631353834323665373631356436613461
61313434363563366162663064386337616639653031623931623133343865363235663638323937
30613064343933613761383831663033616633376234313838353636626661336339306664323835
62613738666462343133306232636164373331646562313435333561316465346361396639313536
31363863383339306535393339393261303532366333303936373231343737393865636536313838
33383565363133393930613934656266653563333834636639636334323039313535343635303634
35633037663737316333376237303632323231396230656662633633343035363161313266366138
61613237646366666163383564663331626536333733613635393535393964376261373233646339
31333264306365333338396638373636306338376132316262316330383233663331356563346635
32633562343632333833333565363437383662373135306561353830613063623131633139373030
37653464376632303739636530366532616162323662636137363831323461386238666139633766
64373232643364346664616562353537316263363934356163633333326131666364656433346361
31323362353364616633346435653264326230323630373239633932373535633065326235623966
65616537643234363232643438643064623666363261356333306165316232386466646635303066
34316265343535353836313562666634623236306232346131393136336362326630616133353837
32626163383339636262653538353438386632303031653433333636386632313735306238373830
62653935366432383334646663333732653564656564313166623866376435636234386435343066
35346535316331643735303864343631386264353963353161363633393461653737373936613763
35623566353064303534636331303836646665626536356230663233306131333266303032363631
66646465613832633135646234346166653634646437353136643333336262323430613332636166
63373931373336376263346161663438333865616137613838363636633364376462636233626434
34393535643265333539633636383739383132396334633037373938636638613737313735383464
63326334663639316361313837343833346437653738666332636365376238373036326230623130
32376336366563343238386538363034353438303932353135343430373361316561306535376433
37633265303333623732646637373563313465613932303935373962323534316632333936633165
61336239333233653136303438643863616137623238306162393766623936636139343838623038
38373036653939366635616237363139306136653163656361303532303934626664633431366432
33333736336638663365373639306130356365643365326465343632353436336238393934386563
34623962303330633161356137633061313634646433663531366139353761616539623035333466
63343861346265373635326166353931643737396633393565353937646562376163373935623664
36373933636362383663653462383238333139346337633630616632366239616138643664663762
63643031633639666433353865336261646236656162396563666636343539363430646434613431
36633139363964643931333736383866376535653763326334343165616564643765396561306635
65353732616661386638613265366437313630613866643164316434373132616463353533663764
65323666326634646262653639373761346332613235366132323061623666613233666365366264
65343761323237653362663931663030343034396565643262656533303638316230346463613130
61343633663066636134653535643630336365653966363637373836313862313233626632376632
31373235636437316565623838303936356162396638663331373830396237333738646630613539
30343165313434623664383638656166616364633366613235633466363065373833363438306538
36623065623264356364306366383465623965653964653162656430663230383832633965383331
62346165363431653531396138633435623032393963656363313865343230393262343862363763
62323661636632303237313232633566336536646333663062383433326563393335303134313030
65616337623864393037613137353762376264353466323334346231353131666637653238333865
62383037613831653562623535623939313862373038636663353764353162653934306463636330
62643362663863373565353538663530313365663638356630353333656438393164643837396230
38646161303134306233373437636432326164323731313235353138366232633264386331643833
32316435303862323464373766323239306562633963326437333437343730626532313463363366
33646163623166356532303137613036313638623530643564373933623161303036663435666364
39336538343135353036336638313865616662376466373434643031643964316131623231323933
63373766616165333137393631666366346438656363323434313863336562663464636631383466
63386535653137396165383064313363373837386336366130643236373065376339343365306134
61386330613735626463376566373966353633623632383066313362366137303162343264316665
37613839383334353237316430363437303265313063393532663863323637343138656663376463
62323134373033663030303034363333653036343864333065313637303231356164633265353565
33643535306162303436303666383632396230333461326165366166386332343936643963653936
64306363386262323964633362393465326136303936616335313436663164393062396136326163
64346530616361626637346266346261333263643031326661323439623634326535343731656464
62663963386137336435336666326362653666373334663964336562663265656561643036323234
63336534396330343634666239353463323930343261653330313764323565383330373133306464
66333463346365646635393231336430323037313164373665326662646636353432636263623330
65666332346137663631376366376533383661666531393435373932333438353661343731323032
61623839363832376231646639313731393136366539376530366262316537316561333464373335
34396539386565316362323531616664656535333962643431383734626563633565626262326261
64396361633836663231613662383133356262303836313931303865326463313161396564333835
38343666623236346565613330633935303430346463343566666265616635336537366638313864
61316438303565333033613464356533653465613733353831613035386631363836653432653263
35663265353930383735316130646232306563613234343561383762303134316530343738313438
65323639636335346233613532356563366336386432643439616230386130343938366662313737
37303165383466663464343865306431633236663339396433646435656438393238366238326531
63636133346134333432343432326534663132306363663662313531396565323264303939313536
38666536383332616134666338373930336466613933376637396631363539626431613533353865
38326639366566383437643639366132633536653738653835316232613635326534626463376462
37666437316232653635386463343132656164636636363335613165363133336635303238333330
38623366633535326262333264626466656361396661623466633735653230343335633935373363
63303835373666633234333365363331613431393032633662313761633232653235316535313236
36663834393935323035343936323739353334633362356134633766343861353337643338373565
30666132353561366338383862396332613361656631616663306263623664653362323238393363
61363366363265333931633731346430623434663161396135646432313437336238643935343938
66356163613464333131633538386336376533663730303665646234323736353365613337336337
65313639343639306565376239303832626662343838653664343332653538643638346536353664
61376366323631336434353636363263653363633934303565663138396163356334333661633134
39666633346533396539363633343130326662376133643566643865373666663933616562633231
64373464636464343163653962393238373464663961643566626334623861393862336431633961
36653130653364363136366130363534306536343737333262623234336431613930306465336438
30343334303133356236306430303763616135353231656537316334373738303037636631616463
64643066353239666537643237663339303962346362613239353236353536323366353737336564
34633032346437316639363935653734616630336330643538663435343061386238383134366339
39316565626466393131326538363666326366326435363964653661393836656364343964666361
36643137343438646334306230333161646562343766326433353264633034393831343838356165
36383138373833353737623566623831623837636464376333386231393537386466313264646233
61613630376238626166343131646333623931323164643235386365373561316636336336326536
39633266306538313663333531663361663736323636346337393261346531396564643734386331
30336130663131653037623031303039383665336565396134613261386538353938353933313264
63353138613633346661323032393737336632326333396161333263353638623365343864333636
33623636626231653539323232363436653831616538306466623436646663356635613533393564
66656637333465373537383965636530653465313130666633396131386431343637373764353636
35616133376466313838666363393762356239656637613136306461646134656332373631356563
64663163643963613034303433616136363936633064613663363561656636343265333931656666
30346138393962633230396266386564363066653235633465636535316233323839316134386436
38346338366435643538303265396336616634643532333836346462666134626138316233303565
62316364363135323464646666363439633836346235383530613062636462343663363034643163
32323665326232656563343763353064363333386666313134663230396236333437616331623038
38666562356534356366653466326530373036623764633838376633376430346332356263623637
66376337323134653930336164303738373534356136636431633230636333313238643065336131
37623432636139326338393830626532353230303535643938666261356565363631663931653361
31353763376466663230366130326638303038626332346334666432636335663634616461343665
32333531326665353965653735306434643530386334363937623434353535616334323537373037
37656662306662323738316331306466643538303331643330666464366261363531323834383132
37326261663461656634346135363464633531663531323031303234306566303464346537336438
30666631393830343735643939626534633236326538393934666539656163626362346631643532
38616438616632613739326565373864313538326162306263613665336665353262313233666330
33393232353432656261316663626437386638346632313130646331353339663930303038393036
64376365346465353433616631376265316134643236303834346638663662333430666564343636
64356165386662646534356234623438326339316563306331383338316661633430626333303838
32333862643535386639333563633034633437636665666363353863336538306630383661636536
35326362646265326361626632336530343766656337373338643666303033666163613034396630
63633434343465333466353164383138383538373861613963376365653461373961653232646261
37376264343637356638393534616564656663343932386630336337626434396331656537333836
36343963316365306536386164613732353063666639353763653437396331663937383065373063
39643435396561653437356338323266643736643337333861313033356533646361376336383663
62336163373130646236336537663866303838323438386566663034393331356663653665396631
32383962323538663831633332313562343364353562363636386531376263653732353465303135
65623835366438613666386532326664646331626661353362663761643432643039623133333733
66616562386531346265663635303432313439626534316333663466336636343564353461343036
33306366623134343761366439623261356139613933346339356464643262313230313439353338
39343861306332326338663562643063613931316330626130363330646631346138623435333830
66643332663339663536386236613837396161336164343336393738316534363638373731336265
34316132313238333664643938666162316639626132656233346166326666303566653931373064
38316631393966386232336130646263383763363164356162313738323263316139636634663135
35643966386364656637393735343732376532303935623163323539326337396636323437363164
39323537666230393061326331636662366636646461303836376530343565373161306438363431
36663639633161356164663730623638653762326538313832363631373536643061633534616365
35373236366363316561373835343834663964613065623764393561313233646166373536633864
35653134313862336534623832373837643466643765653935393334623463396533366633663531
32653763336637353537303230373161313731343164336631323431666534646333623163643562
32383462343563383734626134373136353662363334626437306331353836306438653536636436
33396563643130626162383936336635306264343135386330313262356662306138356466663632
36336539386263373935303066353433393830313864383266306663656239383130313131393731
64373131623239393163373536333433336332316639326636373836386234376532363036393631
33323431626136303062663863613039623834653637356331383962383831333764633432333437
66353831356633633531626630626637353764633838393832303535626462633564643866383534
65333237663132343864326330656538653562623133663836343331663032353835643331663533
30363631386538373730353830636362306238666164323837393163613863616664363064616330
66363535623161356335303461303634303331396430323739393935326432333164636335663131
62333337316635306632636538656266356132333736626431393966646633633635343562313433
33323963366563303131663735633432623430656631336662623130306365623433376266623135
38626165333537313536396539663239326331323638356239393132323937343964623331366430
35306539383062343634633836623261356165623334363561393531613638653436663431616462
39653633373363343463643836316435363839623934323231636163306561383538323534346564
65383466663133383935386165653232336432656162313130383934633133393864356362646230
64363830333261343366636166313835656133323530386563373963626364633839386531393863
62636565616132623261653836386637613466613335373435356433326666343931303832666664
31313231643330306235353164356464366134323530373863393239353863616237353039643135
61653566633333626562306639323666346566353463316536663338336161663036306630383935
34376233343936376564383966646165383132336333663039323230333035383164393237326164
34363064333638386666346330343734653764616333623465326461353939643639373538353830
34653666353038353038363638346261356436333465616561326361353262373434373733363634
66663832356561363865356463336237306463616636376365323432663036623536393030343036
30616634326265666436373835646364643030383231303837663864633635343138396466313766
63356432326333363434623338343931353338376562646233626632366335373837306336303431
35656563353031316636333333333066636430333466363564633065653865323961363938653664
38323032303631653262613130616233633430613863663435343362633463613462363239393031
35626436363232656564653632346235313237336131666135393864376163636236316539376562
63303437383638613761636666646363313531383036623461623461313862616132316136343464
31383861386266366637653762653265373131666364633063633762313066383161386131383931
30323063303233353031313363633932323734626331646463336434333739643866393361353736
30373036386637666633346562646438353335663434613666333461626162333436383162393333
38373433323935663332383538653732356564626535333061373333656564363930363565366237
39396437643434303266636130653936616539323664363332626432396230303034623166333032
32343230393661643834326164313230333636633962373533313637613931616366623036643766
35376535323334366233646263626139336639373739363735363238363963333333356361333337
61633234643832326434313237613339373138393838323635393866633537643466316164613536
65383234393763323262663534353634356366643732613536626564393632653934343237653161
61636333373639336565363930336338666435656638326636333333383239396639343164633433
37393262303262386333343232373365336362636237633361656632306661616631346466663134
34623164646532326263626232323337613362613166613438633062323538646366343866343164
30386261303461303130643439616538333564313237643537646532363664353433363733373864
62653035623030343736653938663864616235323632346164333731366365626665656564383165
61343039356639653335346135326135383332363933633264613839656133313962353631373366
37323237393532616239363739373931666264636362303531616566373563646232356238643661
36333233313834393135316666366666363030303737646161366637363938313364623663626365
33313264646366623132396439333635626462363963363031386465343638303533666164643633
32383634353433626538656632616130333564303136393838326237326266393235646163313562
31373566623635653931333461653730363838653363303435343932313238306465633530386632
33316166386665353962323931353438333230623730366362396639636563356333326331623635
38663835313735376134343331623265316663663334363661623137366637636666633963363138
65653632363463383261653837616537616665316539336666333365313632373832616665343232
32386437366163393132353538356563616539396431363132303262323931666564343838353565
63376335353462303332633837316435323364646234643933393735336334376336663265643439
64353435326636303331363761383837363963616430373665616531383930643635303735326264
66383063343834646561643836656535656461353834356431373930393731623666656132383434
33643136633439653666383930393931636466636166303964623363306337646333633732373031
61313934323038646330326461356662636130376566303530643234396265373434656538656264
36663530646331373437643035653761643330383365633034316235323062313238623163376638
34636364396132393734616361306361636663396237383162323332323239386438323665613261
61663734623733643863656139666532623763323538616633613264356162663935326534623138
62363261393664363230663364393737346333343464616135366535666230313331633961343838
36303834643662646133626366313830656336346364323536383537306132333937303366376462
39616438353966656630616465393636363635316432303234656234623534386434636331323264
65303035663936393630633336363963633161643534346535313532653833653766386161363632
33333261356662653037323234633734303661326363613538313663363930366164336365626335
36393364326162386662366635316162313064353637353064333166666332313235323566393166
39303634353531653237306634383431653439376337306135633731613262643433613837366563
36353931643931653930346261616363316531653335306537623831323631343137636564656233
65366237313933636434306638626133643764393863643031643664343366323437366435646335
61303535623534356661386562616639316262336335323335366661653663663065366664616537
35616534333232613439346661306365623364663539363538363661356365333438303834613036
33386436303232303135303838653036313162353336643235363537316462363866363262613237
63326436633737656531376361333761356334616364393336373333333261653237656564636532
66633136646630313239353466356332373964616532323339353563636132386438343363626261
63626364613630386539393663326238643932356265303861336634336231363864303466303161
65626566383866643733316237366536636433306630313065363139623166333939643263356335
31363332373838383763326564383337383336613835346266306533663736663935616331303037
65613532613166633935653964623736393765303038363638363633626439323438373763633564
35363234373866353263663161643630333535623863373935303964333235376534393132316632
36646361653539616231353562613833626161613036333432613338366239636233356665396233
33386536356566363038326136303439346639353963393165616161633633376561633531363963
37636632356232396232303965383761393665323835373536666664336434356332663064373234
66323666643330343665646333383264303137313934373062303864643731663765643937653330
66663638326265346231363963623431313261383935333532343163616430643133663537666234
39616132656430623434353632393136636533623831343033303363663164646335313533653635
64336436663566313266653361393365353739346433643066336165386431653531313131633963
34323866613334633666613864383634353966343636363831633863396665356237343435373635
30336164626636343634666638646565353834613662386463616435313766653864303134626532
38376365323331646336303336333336363938343238343931306536316238613464346165656334
66653134383538646163313363343735633937373261653635393534306339303633313630633661
33363764383138333465653665636264313766303038356431363038613332333234303361323238
61326232386665333866366664633962333364366233373636333437333934613936313266613165
34633337396232343932656663383931663731613332326663663033386630386136323737363139
61336262343930386137613263636637636535646362386335643130323739306332653939313832
39643533363964343938373939386230383339643364376237316239373036396163356332383137
62356138366637303264336165656330613539353032316463323566346136653562316133616561
32323537633465373533303831663062343838306131633236386262316630333535316435313037
62633239656130653031336537353165663161366139636331356664303863636365303137303264
63363164326661336130353232656239656331333762376237376631646262323634353862356565
32326562623066383033623137353534626433636633616462616466656432383432346238613638
37323262623235313230376461623033323136613530626264663161323937653831333639376437
66653035323933303531393537656566353639626138303333666333623937653333336534303362
38336538653635653266333936366264346533396437396562346233656630383739396437636337
62323861623132396163373832383862656462613734373735383637616463663932646430373734
38666464643461633235393062326462323235646439323463336637666131663736323861653734
63336330363837633335343163336637336136356534356134636332323337303261343837373136
64353065616465306263393432343838653232663739386461356563623739656563633735353536
36313231393536626138343834636664376364393765633436313630333432343336383135363061
32613831396139383132656463386333383261623030613165353130643337303266353734373566
35306462353235343339343663663535376434633862333432313237613538663837346561386662
65353466666163326335663032643033376265303630333161613239616666323565323135326363
64613634623430333062613936316663623438343061343036633330613063333132353533656265
63616565393366353730386238336461333432386461343539626266313762356630663935646264
36326136646134333030633430353939303732613037626430346462656265323531613065306661
38363662383233616263613738653861653634303335613834373135393966363561306634666230
39646364643135386464383862313636313638393862363965636533383330353062636438333733
64626232353762633062353436343036373833393231623433663635373438626430363139396634
63316163366565386534626238346364393735373537313065323837613735343830386562643939
30343961383962666436656166366135613335366130633131366631626332356665323138613931
39306139626262356638343563346465343730373137306533303462303966393165386161366332
61633836383032376365653863323262346135353330663233343034376361356261613463326331
65616263376130393236303735316431656634303935613134386164366434663864353834333164
39353239346266623731663433386562663265316266646566356630306434656133383139393731
62666631323163333362393433626262323963613932636662343532396439393436616636326132
35656138343431313063663633313738336162616438663263386262353730306465336363346262
63333962373166613666353662306134393965646162653964343833363138633866333631633831
39646338386434663438303034313239613032633830363531313861343435666263333137396435
36353934393435656263373633363538346563363964363539363864656631323431356434383063
62646634363164313364316233666361626635313630663331363037666439353733333965366638
30373761303431303932393339653264656135373435323962303339366564626661663239376664
36323063613930323662396461313066633137623535653462323463393064366131373061303066
63633032376233313865636631373533343535303366303061396238303066303934333133333038
61393666393864316233313062623035613536396635643934306539323361666461656334656461
61393638353537313235366564643831386163333566306137303430316435326134633566613730
31383866326664323136373366633538616539646236633835373732663735366664323465373634
34353038626263613733633232393430613362633431366535663661323739353837393733663639
62353732353237366164353733336332376633363865633162396165613834643636613839363939
31633532343461653136303165653030333761316363643633646437626432663334393330363064
37663834383837313136333739393963363933383330356239626264396161313666373563386465
33336438313230323732346266373136666330663763356631356338313336663662366438383032
36393566303336626439376566323132393665333866643963663130306163343264323336633364
32663734653931386666636663646332303531643035383037333436386638623534663633383239
61376537613662393163656261656664393964323538366261633361303537353136373636313239
36616439663130613763396266633837393339356533313935343436616265303736396564323735
30393930663530383066343835353965643634636264626366636636336331343939303235653665
63643231323735376537393839306666326561373666313232323262663865343333376434393037
38613436633934313336363865323434653137633635366534366439363062373165353865323935
34613036623733333462643030616635633432303132393562643761396430313237343137396139
62666439303062353233346530653438333665343462333565633038393133633630653338326364
63326634653835313433306264393837646439343966643131643664636361393362333562313933
30383937383963386265366538303665343436363161646538393839643833336362363232393638
66623963396534326632336134633239353636326266386666366538383332303136313937303033
30383831616537383137393035313033393063613661653139643034353835343034643165346535
62376238323635326130323139386636663736323666323930303830333237353533393032306637
63613761313736336534663534333930366534346362313133643331373430666564656332303939
38336633623062656430306465666564343464313030343464303966366662356562636264636166
32643363323461626331396462653731376534353765303339393830623336366132356462636562
37396534626362353764653265343965343630353265653762356635316638623535386339633434
35373064643633323439666437356534333032663532313764613631393666663638343963333835
64356433343735623864623333646636316130646336623932393164343061653332316462313434
63643135636365663839323632323337633431663537356465393534336236313337656166396161
38653136613835613064653034616331383066383631623436356338653361663465663432393438
38393335313738353065346464356633643536303235623164393838383565323334633536326662
61303261323230633431363333663063333634396433643061326632663935386263306432633335
39633939633933646562653464376439343032356565666262343533393330633261356561643161
37613238633364306531353832643631633632393132656163626433323830386438383537313665
33373039326339386436313961636238633464353432626236636531303231316462313664353261
63303632303337353432613034333934663662356137373864376230633163393165323761313165
31633765343866303730336234323332373535316633643466616438656234383164313962353262
64363231613930386461373635633465616135333336393630663331333463313163316437653139
63616439396632333139646464623335343062653938343061643838396265356630363662396163
65316634373337346465346333623232303832316330343633313238333230643335343937616232
36353465663837636335346634613637313634303030626434346430663538333038386134623964
62353263366164343561616265653434313762363762623339313163666538343063643163616539
34353064623735306539356631623432363565623232373333383666313461326264353935313839
33386262623738386366646639326233316433346136383831316634623765656336623337333035
32353166376234323730303738353434313066396266393738343961666131653264316665616263
62643463363062666538623264393433366231393536353961343364613662353464653732316135
35313261393664666430663234396661613036626639623437323037353665666166386534303934
34613063373433396562343463363264316234353732303935613462373630303034336536373064
61363963653435393935653536383830323230626664363265353363633863323637363638353030
64333361333530396230646461646233613036636237376538623765396565306533643631343361
61626364393433383061373134636566373363323635633362663836363763636663613930373735
36373165383766653266336238666265306162346530356565663031303532326434613836383963
39333834626439633839373838383738303336363363613666353238313763383636666163633464
34653665613937623832333932326136646661666333633634303937333835306463383539653738
34333833373236363239333064333137323331326435393432303466386637633232616133653139
65613961383863346339616634643762643563386233336466383432393230373633386633633462
33376237613662383862303237616564363263613263646166663564353338653362303462366136
65656533623331316333633733303733313735323964653237376134373738613935313734656564
30663236353939623930386333336432373562373736363737363736396335373234323534633339
35353038336162376530633566303061613965373435616639333334613965306162653530646161
31323431333134323437306262356334393561336233313238303138333061353261333935666565
63373362663663316161386261376263656465313436336337386466323230623234393763353834
33333335626365356563383466666433396265663631386265663930396561386537613465333134
65383365663834663235666362366136613665636364623235306461356366333633346230333366
33363038346539333832376162666532363166663637386462653963333031386436636661323134
33313038656565316530326534643131363531346130653930303432346365636535383461333438
31656534383135306233646366303736643436663233663533626138666639653039666462363266
61633138656531333530316334373233656230653930653837373634333731663362363634393334
62666131323639376331313262396264663263313237336336353664663930356336613031653262
61363533653036653133333631643563613739666666623430646132393461313962653866666635
66656535386464393861643737376235356431666332323465333463613536303264353962353861
61636330646461366332376535363562363537393538356165316439666363343430323834633364
31336231663834653331633739373266393637393666386565626332346532356264633232353265
35333466313062373535376233356237346334663537306339343831383334663662356363313863
61376663393662336533306638656636653266306537633439396562366633363534313337333430
33316632653165666437633361643064376236346237653363333832353133643837653539353432
34393861373762613163323266376337396639386365333436616139306136323865633337323932
66353335366231393435636230373934633963656263663835633362343933353432353739633762
32306638643238373266316534653434393964363164356235353561383635636333383739623532
30363732633531373736326132363631613238333138656563303962386161346531653530373763
64623435666363376236353138623332303461343532333933303730343034613439353637646164
35616532363466353238353465396438343863386136306363386136366461363732653030666430
34333332616436393562663035396539643264656533366137623931336231343530616161376139
66393963663063396566633566366265626534396164326133636435613239643738623731326561
32653839613737666262393364323336646266643866666532633738366265626531373033366261
39353134313565326461363137386534373530646366366164303433323236333534646630633335
35616634613762313265623639306466336262363466626531333366653938336636396435636335
34613465656335666131653961306466316664306432613063313036623837386330613438373165
37636238393431346333343137613432666333386639363038663663666632623435373138626138
30363532326661313165306164396431623735343565396166643565353664646363623933653635
64363638643239353861303137366238636461623563623763383035363735653834316437633939
38323837663038616135626132613636316535356562643132646633613366383361653262653963
33666133323166613634373834343238656632653235393165633531363364363465666339313537
33393235373564303330356163633434363636643332373037653761366266353661343563323835
64666362303830373665353936303364353864643531303339333063336135336537393935663736
33646561383065353837633832663430323265373266663334653732343463353334633837653835
38653438653063306565313031643666666130353534356430333233353131326330643965653435
62623931336630316361373136393365306666313533346361363731356537323631303233303264
38633535393632336335656665386565333265383063313233383162306130656334326439313362
65333335363038396261353933393365653233616430643864653837653163633537643366646366
39363066366230386231383265643935363934653430376533306566373533303464333662333438
61356363363065333365616534313234666334363638373537393736323038353366646363323433
34353238306431303862313936636131636535343234653733666531376361643130373764353738
33363034613337333437633863343863323637376533306239666536306139336433616439383162
66613432643763636161376263373839313564663333666430663762616163303334663133623034
32356134663963353030383532376435356331653239396130323761306637373765666432646231
37333837633061356339623931383138643534313437363733393961646665653134373634326230
36666331356664316233666633616132666566326666643663656533386432336366313530336163
34323863386463653036333466633734656132323736316339623466643533376331303264336566
64313730363735663563653531613238346561393235363031623531626630326334343731313765
63306463386439346631356633613634343332356365376634613964613961623534303864616137
34623134653635613334313535343666356131353135633135323630323136653166366566623837
39346664316665633338636161656532623966353861393066636334333438376161623266323662
38646361383265316232666134323531656533623861666438333563303234613931656362383664
39333965623564383763356461346133396432623766623062343131333731353731346164656439
66323430313761393038346661663166373563306135376264383361316633656165653233613839
30376535356639316366393539666264633835333836636134363139376136616132353630633033
36623862396134353833356164343263633266393865633835393637313464396161333032353863
37363864666365333161643739383833623231626233393931353164323136383435313565643135
66376563613464376334646563323063643834376432373333663535376362656230346265343537
35646432396138346637613138623062663635326434616364383565663831663465366533373732
30613537356136316261356363373937663031626330353863656134643933316363393836363538
61636433623232356130633437343236636331373765323632643066383237333965303430626232
61386163336238613062636466613762323466313463383531373732393734633963316332363835
32313466633734666231396266353635386566633063316165326666303866636236306361316139
34623632363132306530643263386465663339316565373236323639353732303162653738303930
38666434356139366133386537306664313334646232326262626362336235333864363731323833
38346331346666316361623133393161636631343131636264663762626364386434313965343762
64306437336635393565366631363336376234613335643663366335353738356431333133666235
62623433343565383361373931613066633436373337393938636639613061346464653665313135
38633433346339653738353061376637303132613561643735616434353030643532653633316666
34396439306366363635306537613139396434386365636566376637346239643064303337653934
62663664326636643935383938303339373234653032646163343463633633656666323265643937
30626361613564363335396461306337666337366566393263333132383738613566653130633763
34323761323430366566623263363338306165326139613562663937376437636435376435393734
38373439643633323463313162346665623232346339613663306136613862336236373963663830
61343138373733323939353831336233646134653237616333363533333531363062363639653165
64383534346437346566633332383764326166313231336162323562366362643164363831386564
30323533303332356432316665643561646337626435376335643434623937376661393861343437
66313664396337656637373765343736656232373739633965376564666136313663316236636136
35333865383334376133643963333039396134333166373466313235613533333063376464383931
33303437306665643936646636303566633165353532326238383339356635633961353232383266
63313836653831303136356464303237633161613038613562646663396461343766613834373436
64643037363765326166393231366363643461393163333562343531633339356537303933666437
30623963306639373137626265336538316535383134356330626439663230643133626636663938
66353564633638636561306332623838343036363262383638653465646137363431346537386233
30356536393266323061363362313364656133303663306665373138653935373234633838353239
31316230653131623739386136653863313066623839633837376561333665636439333039653038
31633962336432353831656332353263376434366632356137366236613930623766333263623365
64313832613463656134323964623564303635366236666430336134666465653738393035343339
32633665663131346338343539323639373939323330363362333461356630396439386538363131
38323565663334653234353935653462636265323438346662343861643561343533343137303163
32363432323532316162643731626665346662333134343731366331646266666531356463663533
33323661643632363261323538303838616662633837353166386238653431303062653366656163
36303238323735666131323132656636613964643264376462323336356232353466393036386134
32303131613934636338613633653833363533313539646134646562626338646336393335646231
62643132643234643031376166363830323538663738643537373031623439303231653164663561
37323661656633383066653466396132303163323937353664623538623465623333636631663330
66666430393838366434613539636233663836343730376539663138393064386230343934393832
65393632323030623766386363613239393265636135333162343033643364303932323562356634
33393636333037633966623736626634633763613961306563336132313066343839643933323838
63376635613537373762636262373266636436613665343766646663363161643665306664373665
66373138623930613161313630353634643432343661376466623534333031623131653366343932
33323839633161643932393663386130313439303935336661643532646437653966663236646366
33346264646366623338366138663864353737356366663362366430376638353538303430373431
31393937313266353730336232346265633363636134303136343566306639366365303233623230
65326432383439353861373064316335343566313736633031393438333366303831373862393932
34356261333666303131346633313466656332393464626466333963323731393230393234323037
35353437663364643563393561363833393332636365313561373637336663376464636265376339
30353764653530333936646261666362613034653566663262336464383764663664343764616261
35376431356364326134376238326434303633363434633365636335343064633831666364366638
34353032643061623535663234383764653937373234386566633165383131353231633762383038
62663264323162383439356338363633373664353063656130643035623562656561623835393932
33306434633239626131613135613664356530323962373234633932393664636133316330383562
39323538386466656431386563643865316539306462333639613933393664366435363132336235
35616236396530306262393462373164373937653733383762633562643031353330366535346535
38636139396137663965316236366662376130646536636366323534356266633432333738326539
34306232393938353134343963393766336561643435643963326630643231666364616237393264
31376335353362303632323835663436323736643862643139393065313137663662316135633930
65666164343830636137653631663836663461306232663439393538303263363265646330343862
32316333613462666466363634383838656462353139306430633362633432336437303338326265
34353764333034323463633032323263376365333935653466393539303461333531313433346666
66316137663039323132653233373634613437356135393235343963336161616238383537363965
33616264663964333261346361306130366439373637633465326665333164366263653066343965
34383465363233306365306666643135376566613164623266616136333334316361363862393134
61313033653562646164306639366336383533376237363663386665383562393466653837656563
63333331663965666230346234333632396136393433643861616539633937643966363736626439
30363333323530373539623761616265323435666262386365313630323038313631356365616163
64353766373266646139386266353236363135316463363962353733653761376161666466306263
32396434663261613037653037383432376633373034306530633864346365336231666566383561
32666433303638343137643434623434363132356334313732366630633539336134363734646463
32346535313233346235333235353138373965656665613137613661653065323132313839326465
39333365663363626166373862636366313565363163643733393463326635306333313265313032
62616631333833356138396235343538363633663130666366643264613965633839396131333730
34666561386537626261636165626635376230323261646165616166313432353465343064366137
36363633393765383461363431333831323263336662653534366638633933626663626562316635
32623634653938313462363133373233643663316438666431613330336337333531353463626162
37316135373031396665666164343738396236646234376635306537666431326264343436613565
35663964313137303531356339393134376234353835643539623135626133373265323437616431
31643634376463303734326130656564653965356135336261656234626338306466656634333861
39653535386464303037653935663838363334616363326630363235303733383363393866336563
31336535393763373333613035333133323166396661653738623030633863666337373537646136
63313031343035393833306666613061656535623036666334393536393065383165663232393536
31646163383166393663363533353066383132373435306364323337643139626330343032323164
33346461336630623338646463316263376635656163353933653932333537623761373630623562
38633637323361666564373531666339303438333064316336396632613864363261323933386465
37346266363331303331636164313363666464316632616638396530393734326164353830353437
62393431343735393638346661653062613433623563333464623862626266663737336431623130
31326235363861643737643864636230643164333166373239313062323332393265373137653539
66333162353161613439323939366263666331373363313136376564353433303733353366396630
63346338643038636532663365383830343562373834343066376339643731313365396565333837
64646137333634633335373532643164366534663531333262313062346339636437663137656234
39643436316636656436663631393933346365313161336262663130636339616562613366623938
66633631333935353232396265663530646635313131303736363664656161303434316432313262
34303861323036373439323165633266323032643462666638656439636434626535326333653062
65373737613663333061383266623935663339376262623565336132656232306633643036623436
63343339663734613636663430363765613262633066353931303636663262656665666438316163
39636131663162633563633764346332623034343330386238333861656566643938616435636362
62303938326435386165383966323764636639643562353231623966616566656535333133646334
37653738333762363938353664356239353239393431633834636166386339633430343235626466
66343963336130313836646433363865363938313731623238653833326133643966646138643864
36666533353636663430396339613963346230333063643466333034326438343064343239383035
31346131656235353664376133386537396562353032636339363265636534326566346563663439
32333766666361376335386439353435643039323739616439333862363337646332626265653866
64653539666262333062303965626666313830376334363039643137336534643234356637306230
37636238313663616237653237386131373664623735353630626630646630343032373563323862
61323836396533613663343631316630326363396234303531323964363866633738643163666334
34663832636636636134353130326335303035356438363139393666313437633530393434356239
34643637306231653766636164323166303539316364313061386562643033333030386661646438
30623931393064383135646563636661383463316466393139303438663335373033303436336337
37646633366239383937306534623762613261383064663033363665653930356262316338303465
66396635623830343336623562336430613163323063396434313164616164356462666433623264
32323138623931656434363530626264623032623331616439326539393865303233313330316434
64396538386238353934643563373733323333316463636638346363323164333964323865333332
66666532306462623362316365333638613265313736396534343239623562353137346435346135
38623165636564303366376364373631626433383066363939353930363638613762316565323236
62306332373766623665346533613133643332626237306333323632353736666636363134396338
35363261353562313430343339626361383964633962356430653630326636666432343239633362
30366333663164313161643566313066353065636261333162623837313862646439373033623466
61623436316230646635356531646564366430306563633835326136303533636464323533616362
39626536653232373939373463306539303334343536393635653734393035376538633534376538
38626537353730383162643336346430356334653835353332393165616238323133386536353139
38383730373134643530373834353932653630633764616536366636333032633463346536633863
39633533353531353435373665366436323065656466373462323266343464666535623634633338
30393339376130333963616263626534323861373836303031373865336632333630636639633634
63366437623361316637643035313262656332396233646235626332376531653065653663366436
33663931653834373234363033336332643465626662306134666633663030633233613663346262
38613134623035646635646636613063636538356232653139663230646166373636616661333530
32653934663966623435636332633963383862643862663831656463656431386665313236323965
31633161393565393166363065656466343932393337353434666638393538653062613437376535
61633264323331643534623430653364663233613561363863326130333638653131376665656236
65646539323866663937396465393334376164626230323035393364343533633564343932663238
64613633626462333730363763643832653665613334333566306264643439643462313933383262
39346333323464383436333636323938663865643230376433316638366366613133303334623931
32613438356638313861346266333931306234373335636639363938353161323038623734653731
37313632353534643431323135316266353163613962363734323430333132306137303764313561
34613066623932363331313235666132323564353666336234633266353432636533653339353163
32613136326662396436613066383133633766636535313233666530663838663333306338613361
34333531336464306232333866333064623365646237373365616663646566396138376564343636
39616638333965663965643033636137366264656633343331663137336531343331323438633638
66616638396665346364643839616662306265613263666665373830373239313133643839333030
34383533613234643435656131383862343838623030656564333734333930343062343335383737
65353364646434383962393834363235313730303031343333303261333033356536316166376364
33616237336632353265623765326135376162663834663362353663383337393335363730393935
62376635303830383365303034306533363133623231393161373136633361323838303865396164
38363865613262323431316336643633393238383964386334323337666331613137346535316164
66613665373034663332383134303738343966346439633865346632323633623630353763376635
36313531613038303066343265613930303237643433396539383437653264616461613634383436
33346237653739356565333761363433333034623266623037623833376263386266356664303132
33343263643930313037386332643838636563393138313963316264616632616664396230356433
66613339303462356632653539343136373462356239316366363635656139663261653233353965
64656261366437636235656466393964313433346238613635326232313436616435326531626662
36623732646665653064303138353465376436313432393639346530666538623133363136626339
34343639663237613764333564623533313563323030303066666265643066353361633332643531
61363931363961383439343463386639343439363765336130333937666363326263663037383033
37306365653632633032306263393562373538653666303462623836316630313630313064346539
35343065323833613139643337663763323262386330323064343362613339303362303637313933
38353134343563663637393265623233323964363137613638353936383834363233366632366166
34373564363530646561663535663262616164346532623266326135396531643265313533663562
39383431656537643534396364303936333365636566316361636638376135336361393863353238
35353264613666386433323661383336396131326663353265376465373431346664313136623733
65383236303163633266353962343338666332346361333963656534316361616230633665333234
62613964306433653438646461396139396564303935623735623364633362333131333639383432
61663137316563363532326661333634383134313165613534303037663734613930643566323031
30373534633661396239363834623434656335323631336266653033303432636231616130646639
30656562366562333965353231383466636661383437366633303163303665633665383536396336
34306536373830316132353835343661643039656566656666633432616135303034396563616566
66656432383261653931333132646461666365396561376462376637643365626235326261623036
63333533316233643766363138393336396439363533336534396237303534376436316165663263
33376561313435613533633436333163643635303837666536643865333065633030313934663963
33383033333837626562303366313662333265633161373164646164393064303661366530393761
65646666336339653230363433373636343638666233316138646566386232366631663831383134
38333566613466343962653132373736383635646463656531313134376264336637386436666636
37356339323231386338363133376262346439623030396462653232353165393234623234373739
32653034663331663537616635663139343463303030383062656638633464396263653666663364
61353530373530623634393465626432313066633235623766386261333735653837636565396539
32353430393734653834393334616663353765326631396333623664313762383235656131353431
30646135373932656339333065313137346431363739643734303631613761373030303666333365
36376466346237313463366335366330323436633236646535633562336433313861383739323065
38663561393038336637393363386136613030343634383333356666363631373661333162336261
34636434366334303166653137333333303335323264363239306164663538336464383531366532
37313462663632383738373531326539386633373666353836636664346161376662616362393739
65383464396666323964376163313632333133613935663939643266356133636561656237343464
35383266626363303363383339363462373838303833653330336130363761396138386661333439
66396135343861373638336562666137326261346431663430663963393336366435393665643865
31396536393564383733353031346239356561393964313164366662383462623561343138363834
38656166363163363034633239663261653638306461303436326335306532333065653565316665
62383763386539613766373361396663333034386430383061636339306161613430316539666262
63333663333762613765633165653063616564336237623135663165346438306332316635636433
34303763303163653137383034633435346639393964656465313262663865653938343130343264
38326535353966353830383066363364626538393534383436393031383530636439653361383638
62663936353839363435316161313431346133383431663763633735333333356666316664326661
30643330326235393934383966366335646533393536646536623163343364663235396466653362
31633965636531623566356438623137363365343335333562393662616166613337323031633939
62373264376132383039373238656466626532363434383361323232323662636530316662373738
65653863663865356463373063653338366261646434646138373433663734373964623331376566
35386431396332313565353632396139386166316237353362386437303561396364373465393930
34303562353230303735343738363130613632366563303563636663626365373936393961616666
35356564623334636238626464366161646564656133643939636634386437346530356162303937
38633238636434636266346364636664316130393232303263303430396337366130393666636138
38623439306336653765646166633535663761626262653161306634396232313633613730303763
61616266653833656335643735663664643862366561653264316164633737393832646261656639
37376165613738396136353834323136616632393238376162313564623237613131636439383835
65376638383062616339646536333235306166373239326561653339383261613635613930343237
66633530323062376137383939353633646635666561636666386233396262643430363133366236
33326563366265343636333264393236323965386365626463396137666335666631626333363163
61353034353163666337326536313562663731376462373063353666373234363965333761373637
36326265373830306232383261316461636266323631376366333332646532373738383665343632
34336464303832643733643562303132333433326565303831396362386366323836346464323961
38366435326136373966336631643662653861323738656230633230326239366431386232313333
34663466663365656139306266303661393763643466313365333633613235396666653462363735
38393365353037616265323235663835373265633663383964323632306662316430313362323331
66623537656239316130336633323432643637666534326665666365623936306664653232613038
65326664336161393239303030316466366333326461353037633066376263363163333830633463
30643431373935326636336163663264616262323635623136393064633731653630353662366531
65313462356633383036366163656236363233303338613262376631633135623863633632396631
35323836313131343462663363616135393234653364613537646266383030323931656632356138
61643134643363336565383466666365636161383366656438376239366463313464396334353139
66396134386539396362623236623236356665313532613532346538633837313564663161343236
31636330663965373264383464343464323561396532376431623364393132656531363238376531
30633038366564353638643031316137306237643232363763636463373134663039663063366230
30356366656330653633373635613864666633623962626165663265636639363835656439343335
36623562393738643233353633396263353030343533336332316462646463613231303366653931
31633336343630313739323531313635326234343333353531303666626435356163313636643164
32323862393261626564303039373839363230663334316634366630633636643431393761383536
33353036323732356132633664323335353765666239323333613865656262323936643637316362
64343363353563373136666564646430313739643130393064303161383034396532393136633833
65623363316334623830346233353838633733313435326230336634653734616461663165326338
63383963363163643332326663666536666637373833316137613963363463366366373134346162
62376134656463306539323539613865646630653534316333656264373936663466613861393766
34666634373031626632353134616430616162306561356436366338333432363732366237376262
34636466333338623166316565373466363633316537383863653961313665353239336635636433
38623834613663366432363331643061613439346663343136643232656139333832626433633163
66376531366261333262353666396436323233313339306631336438633737616562353766633437
64373536376133353232646562346331626466646661656238346362656532653764653630313464
37373736336262633539646338376266373239373539393830656638316566306165383735623237
66373863363333336533343862373737356439613630363034313837383532343362666132663435
39353362313933376435636665313636373166306632366330663834363532383262633830336133
36393836303964336462353339663666373239613263656332386565633033346537363563646561
31363566393434656462326566393336663036353937333634336430323561656237646365616563
30303230393239313661393138383930323563363065663661613237316434663865643435353131
31666339353531373434333966303038633134396131666165343033363232666139613964363432
39323136316434346130366136666339646133386161373931336432393830636539653938303630
31353534323035663939363735663130393064343964353437306363333634646632323764643731
30373661633638613231653837306439393137643963313934386664613066636161356637326237
39343561636561393565313939383964656431633130656239363532323832663663376335363738
39376134623439396334666134383134363933393132336666313730373062316434613764333932
64353663363834626266626266336262393765393736363765343935623739643862383461666539
64323938343664353364623338633436386266663461306134373032613634306531346636393562
30393437306330353933343262343836376664333561393165383438613663623865316565323836
32353232386263333831623233376437393539626637616261353661333938343734396132336339
63353665313134623931326365396433306133396139626261396630376338316562666266616531
34643736363839663436656530313536323264653531333366393335386664656631643766323132
62353564393765643035636161646633643930643764373435343132633634336238383265336236
35616166366535636333303165343162353263396535623233623466653438373437366335396138
39383266623330303362353464303639356139343465303738333233353364373634323234333664
32633330303530373039653465613164366637363062353539653133623036316334303634653565
36616464653932613232373934353065323630363733356262303235363935336562316535396364
37356636343331376363646339356435306164336330343162653633303862646465386530366666
36316234393634353862333663313765306337623037633431346631376363373563326138616166
30303362326263333964366662616665356536326430383665306339353163373664316666376536
35373961393962336163313935386530393162643864326166656663363661646134656362613635
36653765393561616562623966633731653436303236656662323032653261306336663165376262
31613332356235666531326238363730333635306139613362626466616636363937643037663662
34633239656662643738636633366534333963376634376337313831663465303931623036313966
32306565303832313265326538643435353762363261326466373838346462356138363533613239
65616530643637623530343563636331623130383066636531323731373063653764303464666563
37366564623762333438316562376630643165323462303134616337626639373030353731386666
33393534323666376663396238373062333661323665326133343538346532313530643861313861
39633464616137353837306338303036393531613635303730356332646439616664656532333334
32353838396639376265633231366166616563353035636565356563343336646263326665363230
38613437613330623135393332353031626538363561303338663563316331346135663233653138
31303864353138343233353037623163326335626132366132303664613365353531623465326631
34626131393963643564383763623165626266613038326564633733363438373032633730316165
34666230323536666333383338366166336164643662646234313331356538383133656362633634
66396633656139383735346662353938383233386637623337366537373636633936373936363834
66363866623733306166373739663366386633336331616439353633643336613339666462656566
36313264346161663438396132393939313062663362393665663539326230313631356439393161
66373765333433656637373333333763663437313034653432633661343461656133326337666432
32356531613333643562373330343438646463623538346538323162393364373432663531336432
35376431643036343832383263303536653765623838313032336162346631623537616264373033
37653539356431326461353337323033326131336534363735376234306636323735343364663531
64656537633934316339666136646339376335336137633933646665386334636130666437653266
62336230393135343937666164313238373237636439613361363933353862353834373461323865
38636531616135306264653935363530623165303366656530326664303937643231626665343632
31663236336137356234656363343339366339396238333964663638386537383166633338656665
64636135366133313436333464663533373234353832333332626263383865626236363135316431
62656336393262623731333335353739366163363261306638613966393136623538643861373736
33303563376238656366326166613965666362323664323462346231623230313339653238663664
32306437326431386162396262393366383830326161353833386230396562383633303663616535
65616337333466373830643933383334663338323166333531376232666537666438323066636232
61353764306464303238323231663132333630303335396231376463646630623239316164333266
62366134316262396162333435643564373065363864336433333334646334663739393438353064
30623334623766346537356638653031646235623838653232633438353265363037393665303861
39383064353637326662656264396262396566633965633937313061363239376463616533366165
30313738393461356463643763613233393839366562373833383536376438396436616366333738
37666335626661386165396635386139396265326131353130313764363931303739346333623963
63656532353961386339633133353036353335393663623437383138306437383638666466396530
38363862636263653065316633363762306330643734306535636535363765316431623039613138
30323035613263333533643235313938613631663132343964363633656633333963616536663033
30623236303166656338643933323238336434653934373338656439643035353266633964656162
32653831356133313934303630656364653335323338353634313134356537396166643238666139
33393365393866353331383338363239376166653466656133343435333466323136383964336264
31393666653432396630366239616261313332386535326331326339366534376337346466666639
37653835633162336138643331316633376435326164646130626465616134636635363337353038
34386462383464653961626666383637343239366633653564383339646437393933323164656661
37323662623630346534393438663739393432626138663532626565663439356364633964636435
63336230323363306332653866653562303031626432663664303432333565646238623136316266
63323333643366343064646637353462376336396162366132626665373937373833636135336632
31373036633634663630393333343037333338633562623237386131393338306161666466353135
39303138303830616537363564313863346361333936373031383733306536653037376264366539
33616639363839373465616634626131643635393736316632313535343030346561356361346336
63643262633862303438653333346539343438303033633961343839363337663432636362613437
65343462313362323532653165336462373531653937303030666634303361313832306234613433
64636536356635633063616238396536363061363635316532646135643236653036323865656235
36393934326634373533623765343966343762363232346539626131366339353639373233653661
64306232626666343562393664393334376137363033393830353133386265333963626266656639
35326533346435376430346365346137393362383430623531626532623865366361353063363633
36363364303561323164336361623137323539343037653661353363393336343563396465643966
32303361373665663736653761376136393766363937653666373639666134653666336666313564
63643238316235363933383537323836663066346130313632333030646338613137316636393231
35623833616439303732663561656566663838313938653833373165303130356533363037303664
61636361643666386663323261656363393739356133653461316438663435663333323162656433
35623539396438323436333261393637333864363066326632316639393038663331366338626261
62653763623434373562396264346263373464363139306564333634633165323161326564373865
39356530373637383361613362393430313564333133613436633237663839663739303839363536
61303039386538396631323362643666633563633337663765343334326631396434346533373561
33643164626562386130346335366133323433383963646230396233333766346364353030383865
32616535616461393434656666646637306130623934333837633561313661626465343231643365
39623534656236363231386132323337306333616565313664666538313030313137353463633964
30323866333831623236383031366462343562623664626632613439326330353430366335366430
33663530323932666633656164373566313438613935353162373039666164396531303037323032
38306439663532376565366532616231653735626236616239303537353063663564623264386464
63306636383234646361386634316234633763336637373462303238623765623262333564643236
66363435653837633938393036616462323563326532346265393530303435363232363931366339
64316338633737353265303862636465636530613138396663643064363161316134643638663538
35383336663637663262323531666232363033656135313438646431663361616665363761303432
33653565386164323734326566613933633133393137316535643265396565323337306464616535
64353033373033663335363535386132646634613166646337653430343139636236313831646361
31623664353732326437393966663834666165653063373839386532303337613838376433393537
65336637393538393761343735643638333834396537393133623662383764346536356335643537
36653230623762666430366464353237353132346637373662623239653432646362373231636539
65373331663031376661343039303938386164343865633036323939663031363233346132633131
35616230636231613761333630323734333062636538643939376165646262346166353865346261
61303830313034623534376364386665666132333434376261646630613762386365323638653830
33373231383764316231646332323430653162353835653336643263323361303566656563303931
38616330653363393335636137303463623265623466633232303430386366356662663233373964
32663063386463383135383134373866343636646662633565626465373263383461636661306435
31346362306566616461353163666166373566393066633165643963363262333935623664383465
30373939373937316134656530316631633364303630393762623435623236373931383238343563
66643638363432663038343163383864393235333232343162326263366662333833336538653734
32303335366561323835303130356234353033383434363534643535356361363834366266393532
64613330313234626662643438383362383137346334396361376432386536326161386231616661
30393163343436616335316465316537626530393561353330333438393864366664626634383766
65326536643062663464653335393532396466313165663337313138306538386634316637663638
36393939623837346238636461383337633132343466383866353732356631303430666539316262
36626162383631333137333136616630393963373862333633363666353431666361323138643037
63626564616230396239326533323664373232353538623064643135316439663439333235373662
66313064366463623935653235303234363338616234653537616130383263656337333639303436
63373034313537333364343064666365356530633737383232666136376639386634363161633663
38313333383739323262383334623261376466656230653739313835613637373037323739346165
36333262663037313938633561626337626436346537346135393237666433626535336663663065
61393636336237326166333265343763303832373938366135653736636163373230633036653530
37663737616461306663313062356163656236646236346261613062366232333832623832333730
63366361303930336639353931656631336532666333656334636463363137333266333833386536
34666336626139303339626432373932376532663938386337633536346361363837356562653330
32356563623332366633333663396263386238323661626565646233373264353836333439613537
35343134353163306261626130616565316366383362666633313033306566633262316161636465
33383430353861643765653030373438656165306665396165323862393232303630656536396139
63626430313461663939353638333264646365363530353332336161343736623363323862343266
39633739376133636535333734623866343831383138343034366231643466343334323233666462
30623435396435303266653337363862646136366162616430336362376330303034303536383533
65373931353533313933353565366562643632383539663937333361646265656662383333663036
63333462343835323635636335343232626334313263313631373735356665643533623234663130
37396534343232636438623437623863623930346263633836333632616664333131646337646166
36636561393964666331313664303131653665363839303164623532333635383330306533623665
35623966646366626165653932666165623237303839643363383933663731356631373563376366
66656235303439363933666638333636623734363466303466393730306233643666343737613536
39366532613239393337326662396434363035343064616566343937393661663931316136616666
64323535313564646562316534323935613538626239323735643137343434393561313233323537
66653534363138326263323166396436373232353135333465363532343530333066333732326139
37383261393839643961666263303763343961623730663861653131366634373031316433616161
31653732646439663362383262396564353864396163343434366338623730633838663833383533
36613263333139346432313962623439343133663936613235316131353939343034373930643663
39323332643736383636343035666438623537646531383832653031306566656136373631653933
64393763626561643431626162336262313636343261343432396338613733346336323764353032
38636232626564333930633437646230633932636539623632396465613634336439393339363463
30386663393062353634336338366261313736376564383861343361313537373962393738303039
62373438356136376639303138323738623037346637346461313036636635343162386263366336
64623463306665333530306539653331633231396134626233623139633931356237363638353437
64376666383837653066306162303639663831333034343538376665343233356138626639636139
62346439633963356166356631396437323563666333386230323561643964316665633536356364
30626431386564613761373963353666646537656265643736336561633934663861643561623533
65333763326438323766363166646562376466616161336536613735646139346264623339356636
33323630323962376637653134373463366337326561316364656633663662323034333236306635
61663032303735636566316438663234343864353932613961656536616136633566353561646130
66363835336332376436633332666538393037303238383734656235356638656630633435323032
64303031383632376636666463303730336161333436333338333430656333633462613835633938
31373766323161333939303531343463333137663337656638366333616231643362643831306535
38333835396364393337393661646538383537396134313533393230353538343332663532633131
33613531666432366332616266653362663538653665353163376465353265316331313265376632
35623762313635623431636237303231373762386361393732643830303132646439623465356536
64383862663066343333393365653461346634356534643638383233663162613431353139613835
37373335636536316233386265326632363939323934646663626237623238343837646362376666
30383564343631613238313233383163343338666430333261363136666263303736343339633736
39633437656230313761646239313431663237626161663130643332343331383462616364633661
62393963656531323830333365383437616439623139613633383032373966663734616435366563
34356435666133393032366339646239373237666263346239333865303839663535626330303664
66353430316662383663636162373162303535323233333536353764306165386535613836666630
61653739613434356663633334353431326434353162653932623836656432636666313263323534
37363635393631343235623839666430616430366239643966643038623861303436373136376134
31316330373737393135643166343764663434323435326130323932613439363530623630323633
62316436376463646133376163363364316165653137373036653333653238376137326230363463
32363839363930343930616337643334626136383764306164323539306133316263393833343963
34656334663334613833396432326438323832613731343964613366356562356133383833663861
64393537616437386137343561353435313535376364303963396330313836613464306537653030
61353531643837313765306165383561643765373263396230356138303665323535343138383262
34616634653063313739653063613931383834313766333236363763343961636633656335366565
35316635303363336133626662663730323164346163353737363637623135666261623336326265
39343662376130643838636464393963396438336365636134386265323236376363666337303130
64636336613737303737633038306334623432323330343431653562343034646638316563386437
33656139303261643538643834386336653933333266326438303630643430303264376465623262
38636639333437386539343662663438323733626166653765383465313933343137646565623265
37653466363334323266353666633865336364623661626461626134343132616439643336633964
31363733313434306130326338326135363731626532303734303562643564333236383533306361
64373266333762323463363765336533303164333238366332376233656139373731396266363739
65623161373666663437373232613266303633313563613632623130626238623332333033656538
66386230316431626566303161633464393336366331623632356634303466373762396439626462
30333036356437393439656339386331663631343638393166666663356538373932616130313231
66656130316161386162613434616437383065343864366531386636646334666563313735393938
61616663363935323966663535333466663330346234343463343936353262383765303036323633
31313238373834666230366666343439613730323038363231643531336530306366343165373132
34333634303461393839633435643065303038313561643335356336313533303537613936656134
38613430333932366132353866333737613231613537303635333566383463653838616239633332
37643264656231626337663333666233343236663761353765386234366664623330363439316361
30333331653062306264326563376632313738616437653664383863643331633332643030303861
32393537623338623833396335646333323330396537393337363139366564383036343264393862
37373233326637663761383063616233653339313664353966373263376561366466396531303437
34303564363663373630393662393134336332656331643231323636373764643963386237663739
31363134383966396533626166336130376237616235316334306365353362613463303638613530
64363964653139346364316430396164616637373662393338373332633966306161643865363239
61336464313330333566373532326630663863363730346464343566306535653936626564346432
31613933636631663038343231633164393164623465623631663832393938633733616662656632
35356330626334396430656438363061313639343561393230316365636532396330613833643733
31313632306362393033636530393837633039316539366365336132306464386363333837646137
65333234623032623137336538633766376366653537346165333437643063333234386338383433
31633963353961336434393935343636613636623565626237663165313862323639356462643831
30616664356465663830616462626262633532303564346530326465386231646665323538663234
61623935353832343862323231653935383336383563396365353935646136303030613737363837
37346634663739663035346337363238343934323064306462396430383239653039323261396235
62383238643133333366366137326338373337393439643465356635653731323936343632356264
65333765333833623566393938663965383734633536633730643736346333373266353961336533
32653364383537363736623662373061613136626233363738613634653662353030643464646133
35336133396663613962303635393633643534363262666234613866366230633661353766623161
32666263666265306563626463353866366462326638643930383863303031343138383735333830
32366466613165646637363463383832353630623036356561613031376232343735643439373734
38346337626538366566393636383737336638313630373437636163366637323365386565623337
65623462616133643037366531623234343961643530333436353832636666663133643566663134
64313432333439643062633966363465353364613931313332316465643238386565653864376139
34616136363366373566663762346662363637393462633439396162303232373166623134646166
38663535616663633031363761623738633232643234333764306138396134333637653435366466
37336664643230323365346432653563306537343666313662653636376136363430343165656536
35353138396661613739646437643463613265306532613161373266613431633265666365393635
30396332376665313466373532323064386530393538663363333833306534623166333632373933
63626364363462646233633136633132373335633661303962353365353834306437663337383036
64313532303163653435326239393332653365643962363838346662616239313335323738613232
35373732646138313833386634666237376263643439613830323039366431656136626135393765
31643765656464363539313233653232336631306233306538663731393864646163653834663036
65316236633234636130393935646134353031356636393862353432613464393264656137383362
35626635373036666331613833616163663635323262343534316139396636623130626563376433
65646538383864306339373332663266616232393333333833346537373237653430666235656438
64613262643133313666353230383938383431323563313632383937336436626531616233353765
64353931333166396363373132666230346230313465356633646463626538373831316533666130
66633736366431376664643161333762663465623439666332363231373637393834323134326635
64346233306230363062386633366335333831633138323433646133363637353366363336313231
39646265343863633136303932333330366539643035623638646661623063343136333163646539
35363663376162383739646131323231633132333165393535643536356365626239343632346230
64363864396637383564303932333764386232316134366137613439343165363861633061656633
32613031386534653938616264346565636433643764353132653461326661373632393164653536
39346163373862396261616163373261323938623633663239663836383738356263383166343737
37373963366535663064343130383261316634393535383833323438653737353439343864653434
33353335386165353437656136386463376131666131343366613035633330656532626136613162
34653236386132353539643137616431663136396164396635396634643435323034313165613938
33356162663235646135653938376361623837643964393139663535623333373034626566663264
64626264626166623530386339643735303161666436353236366634303835636261353634383338
34616433326132396535313563383066303264316566363361613534653566646538613865343531
66656664656264323535333861623162656463313332626632313161356164636564643335636530
61353834383663393836623231346338333435346332613632643134616235633431363133353136
34323131346263306139616231356337646436356133643935353366643165313931643564313366
61346235653336623134393136343733333138376139363534623561656636383139303863663463
31636139323837393763616165626139636434353732623337386233396438353563306436303362
33386163653966633562353034393866616264616165336134316335653633623538373033636163
34666666323263326130373031343438316466616538633737333231623661333832383337343365
39613436613862363539393363636238343439326134393737646162323332323361353661386564
31333262653166343230316238383134323062626261616439333839376230376633653966653430
64323232306630363738333061343038383166373639313264343331623166326662333764663061
34336531373266303331333039646663366130376435353332316563636632313935626136346136
63653663343936613565353331656634633462356165326464646133666366306231633666656632
64386663326130323062346166636133333563643534363830623362386339613766366236653065
66626230636131666135623966666339383162386430326233363539623963643763613266376565
32396661316262376361373630623736343163393666383363353432396162663839306538346330
37356631616664663930316139633866373839316330633864346237373565353039646565623632
38616563396435646666323266626364623933383163386236613162623861353939386163303033
34363534633931393864663538313332343663656461646634373165393465616436623634386234
31323837653762323662316337316638353538613938383333383966663463383739373336323233
37653838306639396636323265663732653134666436333730353936323738393734353634323865
36613061373239306634656135633737393333313536353638643238626166646236303462633565
34333735363831363636386666373133356162623937333730383933333239393831383663363433
35386266663363333533393565623562393766613466306661666362396532303663643764613133
36333062333831656536616161346466393963353735666535353237333138666162303430383637
38336239316538633730333933333239303962643933316630303830376334386162623965363961
33306263626662623464656435346566646539363031663230313132343035333166346664386637
63613532316365646165663236623039653031636134323634616261663639323364623833613133
64666435663031313738643463626436326361333533656666336334626562663663383431336466
33616336376530343835373938326232373561333163363238313638313265306661343461393235
65376531306465356232636432656266633532316334643434373934326432653132633866653539
35323937386366393230363739353065363433623361613563303836633265366366616334646439
32376539396634343566316162383130326130636132303332306635373436656635653939623234
35616465383662306133343566653162393236653132636431373237336536313536396631313162
38323032393731656532613832393535343364373338613630666462643665616131343139363030
66303737383332663735383832356231353264643339393438613736313164366430646639363234
33393831326438366539323665303365313330343564336438313464633839363730616361343831
61356135623766383164343261326237363565656566326531356363656633386230316139373463
31343366313534623261383263663138613330383864373965313838623366663963306232353234
65353163386432376466396334333134613631666231343165313037663239353861663934313330
64613464636334383837326563616438323161633163613034373764616665393566313239636666
37386132393139333366646161623239303737333035366664313133623038376165656135613834
38616434376630633139343564633461306164663565343730663863643763343739643039653035
38333161616162306231383237656666333931323631626531303464393032616639326665396334
36656334356665353934386562343338353034346266613163346638653336373930323134373362
39636263366537636161663336383934656365623131393230643031636664363864323235616265
65353032313534376335333261666137653765663930363363626532343631663831323536343662
32323030336230643730303232353662363632353066616233346235313931356237623761623762
32333734376334383239343263373033653730386466333335643864356266376362656138636530
30383965366264616331373238616433333739323933383238363261636630383436633664306334
65646335396432313537303331353332316231313431636230633564313732613434306465626534
31316231343131323866366634346139333135303863313238386438373033613536616162393963
61623839306665356136633364613835393238343066383565316235303834646532613361623266
63366265306632653638353736343536333832313134353635366166393438373230613337343834
36326131653035323638643936363636333066613733613831653537366163393461666637306434
35356166626231643066613435313562646435626465326464663763653964373136626130646562
30353566383264383166383731303339656233356563643432663264643235386130333536613637
65343032303461313065386337613436386139646438356264353761633565343832653937393865
34396332353836616232636161623963613565383262396331363937616531326239313564643939
38326632383635666139646438396161626164626462396661616138613931396364343865636166
62316530323365366230303265633137643934353462653164363563626530336533356330366230
39383531326339316337396565383863363437343363306465346534633438336333643430633532
30656437633861343962333236306532343034626265646139376432363732356335633238616232
38313433306239663031623636383230323538366135376337376431306535333834666433326430
34336162353339376163396336386364383465613635366238643839636266353536306133373164
38626339663032323435366238316633363862313831376330633336373535366238616466636461
36336562633530653466306565306132616336326134346464343332386463333532613065343732
66613837303865393764623834356238356533383638626235316337643831346266626464313931
35363033303734373865306565383439656535346265363062653736363365336365316666303738
37653863356232393632303630343866386233646436346632633465346232663837333039656137
31623934316233656438363437316538356561653063316137336336376262323036353437366531
31323539333436363366666238643532643733386661326430336338393730386464336362346166
33626466323966636663323635303032616661396336376332626232313937336461646135303764
61373630643462616137316235346435613762636631356530343333366630373365356131646130
62323635316162316338376339303539643464663434653163343037636361633637613339313538
38383839323931643232613730313336356339633133323136393239643730623238613164363430
65366132346562353234653765303936336638326663396231396333613961623431313531663931
38653962353666376363353063643032313530656364623134653133326332353830633238663932
62366530373437663537616466376566393839303865613862323037663166396464643665646338
66376534336235313139316636376563636261623834356662343730393830633232396634326331
30363866623632663364323765646163333539346536363538343264346237616135323731383435
35623132386366356633313861616164353538353636376263363437373663613866653034633639
37343932383430366266616638666638356634623338376662393561616363323838376366323639
63313861653561333736653236323132386336613764643432353330333436336466653038306266
33643134313832653161313233363465346431383337636332303138623535356264346261663832
65666136643537316262363163636366333164323032393332346131666231643664316162356662
61363430373932316261303439633130333537363937633761653031343764383438386563336633
64386438303364303462626462353662663463383235613734356333353164313934313932366564
37353936393563393762303739393839303563313266306533306461363765353063313036616266
38653164326566653433626266343635383666343034313136316664313735633563303537393638
62613932613233626533313234653266623738363033373964306533653330343337386532386433
37616334396531613130393934333035663738313434666338646433373830303834336563356539
63323931383362643037663933386536643166643637393666353933313732346263383466613831
66616639326165373638653930613731643166663133646363363833396139366666623634663263
37376438333365376530646638353139343131623531623039383531646463653635336563383766
36656634326637343339643934656462366439303338626434396466323237376532373135373666
36323166346336373363656335343063303635323738363765343065353965393635623134303334
38333866316439313039386463326334376365666430336330643531353564316265316162636664
30616434656631303765646534666339326363363735633632353264306461386663663365393834
36373331396134373630326364353439393131646566653831393962336339366633376465313235
63396662393961336263383263386336666234353439626232643936313434663462363132366531
64386462393334633733323933303839326430663134316463303034386337323465343535346263
61656166326261386234333130376161396438663632313235636361613365353233333936386465
64346462663033323265613839393333386561373631656561383931613934383734323634393334
63633730316663613163373133333038653061653436396237623666666661396636353164336133
65383733346138303462663636316665366462633039313439623939653839666139653837626333
61383533363961666236396634363438653835326339353263666432363966366530363262316561
66363430383238366131623561663930626163356438336135656530653238396661653036366236
65313932323739343136316362333234363735643133643166643034313837356232353535666536
63353030336265316232663761376631333161383333393934323634396536306337363666653838
31333766353365646337373635646632373433343838353664623862316130303138616135633161
36373637663261653566373934306631663530313633383734653066353462346431663662316337
65373765316565636666323736653866333962373232623730323633373565363564376236633032
61613636323239333936333036346333393039303361346166363436336131623631666264666135
38376430623632613238643665393463313339613961343063326635383130316337303237613531
31346235336462643335363136663164646464306462323835663731623066356138653666656561
39333832626161653230666362356263306565626662376463373963393965323439643331626633
37373764333261313765613639643362366337373766333762636166323231343863386165663631
31353838393838623032653261383662323037666365386161363836343866623134313330306631
38323539373932666330613632353433653961643337313532303738613734303365363434383530
31316366373030623135326263346138633963383364383134363431666365356331333032646164
64373937613134313536346664356135356231623662643435653338363332346565303331323961
33316264353636653361366534623364373333386264363430373962373763353835376530656137
64396439313732393836663431653061653664346266386331303334646337353131363466356130
61623337633838643438633133653737383336623033613666323333633637343234643233656539
33346366666662346161613463386563336637366538303539393864353863373731633636313464
6135
