$ANSIBLE_VAULT;1.1;AES256
33376533663934376561386137316631306661616266343834343665326462336332313233333866
6137663662623264663166323636353865353539633062320a663365383138333834643461393366
36303037633961343235613930663461623262626233303939373435323230383065666564353731
6135613735376235660a333466336563636639383234623065656438616663643038313934663635
63366664613462353766343563383431666637336463616336343534343531666563616666613133
30303630653231326264313062333337613565666635306239393137613365366464666634656138
64303566333434653933393233623863383933323432643230343435383461353139373862393364
37616361316337333938343364383161653661313830616438333432623533613639666461646162
65346630356364383563313230313166306139626436373332323930316465656664336636636139
62393135633636303161343130313834613533306636666537626437336532633436373431663531
66653230313434646235643062336264633264343836643234303665383434353130643166356233
34653634396665653265366466323263626163623436653239336562376166613365643036383538
64646432356262336633373738326362666538303434663732616435656662316634353434653062
65653831303432366230653035353236336231386230383935383861376330326633303730306638
31313639346166626266646531373039363534643730323536396264623731356530383335383266
62616266373764313435373031623466613533336364323937336133623736643938626632386632
63343030383163303238396333653132313736366238633238393165626233386666326263326430
34613936353138613235633666366430393063373032383364356132656466393937633065626539
62623034396165353135313638653739316232633737303339666261393338363832323365323139
39373963643238346433303364373534656665393639373365326338336334653731313934316531
33633933626261613333366464336566653265393933353737646234343066393265333937643065
63356533353130386661333332656666663933303838613363653766356339383863376565353362
36643337323735353234303533376563313765653536376439616537366662386131613432313730
34366465663736656462666530303465393230636237363638383163303963656564653434346631
64393739663839343965313131373461326364363361383464626339623434356434633337383661
30303033373030386434376639633934383533373535653262633432663264373735313766623366
64656263616630353431303831636264326362646665666138376236383337373334646432356131
39393966363065313832643132626535336234376339346639613635666531653334396235626564
62653536323936343636613639626131636439386330303230666232333663643865323630313961
32306237646338653330663136316132376263653832643933323638316439343733626565656164
31663237656535613735376632333463376334333036303739323132383939363534383238623138
30613930323262373261343839643535313434343464613333646664363364613431383766303232
39663734323739336131356562353131366138653561666530656339633039306435626136633936
38666464326437346133396361633331633235653663666235386164656135303762333064393231
30626565303463316438313533613566636465633665356562356261393463616639343963393030
66396131326363356662623935313865363833643638373162383338643861313863333739626565
36633864323038366363386234373563383763316438613736633937616266633035656133376165
34613638343531383638346663333663393533383632393662396333646431323835633736373435
65653861356138353762383361653664653634663963643835303535333934616137653264303665
62303734396334396366643361383939363933336134626439653166383339663661353137396431
36383664356634333063363633346636646163383535373333383066326163393932326535343863
38646262343831613361633335333931636336663663386263363461326534333066313161306134
38363735616363633364346132616166653562373461323565303935376632646533386433346565
33613631353731313661396266373432383336643132313036326465336234383561373030653134
36656239306662363265636664383931396264343763636539336233623765663061393933656131
61326162303234643535396635313362323565303437376538333138636365383734343939353937
31613536386437343038323439326463356562663936393030376633306434636161316632383033
64383039633133613634663532613837656635626334363834626264643137343663396164643333
66303835333838393065653632656163323363376631336363383765666638373232666566613532
65373132373761303764313339373636663939313031323032353639646339323431393961633762
66646630663139346362366133353235356536353932616135656663323139656238666339383135
37373736396432663735393330333133616231386439323531653461396664633337656536303331
64666466343739666162373462303266643161396162393531653031653532343435663833353433
34316233343636353332636231386130326563353366383265333837303164316336613661653939
38393831373132316239616238616233616235323531303361616338326661633930383034306631
31343362383139626535303238343733663765653963343261353334353337633531313264633337
63616339656661373066363163653933393065333534633633363164346264663237633030326332
66623030623966633763333238313763653965353838656535656231393533633962663234303134
30346331616331306633646231633435626330623461386263336438643934316263363166356639
36663735333165643432386639396262393964356138323533386138346465336338353730343364
38343665663031343164613334333738376233353838346363353436353237386262306330393462
64383666343036356363623236313436373032373132666439633635613234373934383965376632
66363233393430613862303462633131363661316236303165653061326564316661383433613035
36333666333562353939303339613539323063373363336238326436396232383132376538326165
37613863633935646237663837313730663864303337343465646439653734633530633831613136
64633866386633636232626235323165353064363134633962323231623937623431663630646461
37366266343832626636663465386131336363663839636335376166343539626436336336613836
32343962383566363632336138623338616532623731313039663532643063366462646636393231
31333030396432613766373465356131306332396336343735663333303133323131346561336235
62616362663832333333613738356665623562333734656163363538366536303465326561356363
32363465303331383132633436613830333735626530353236616638303165646662336462643835
65393734373235323837636434343539383432653036383639386464316663663232393364643766
30383938663461646534313332663839653033663864366337623566353365306139363764373838
64643333613435313136613964363562336332383761393334333861323564396164333437336635
30323364383135326337303239386663666635356264623434363032383361663663303461376461
61373638303933323766313431663635343737636165613438383963646537383265666231343832
31636637326665326262303130303664313036636139363834633135616565386165373163313866
32363866326564306438316536306635346633613866393265616563666635303531663666623866
66643932363936373839646565653463633662386261363664306638386462623132613563653035
32376263653630356263326134366336653030303737376532613461383566356132623332303230
36353664653631393730373139386235623036376532363938653534356133663736343135343631
31316364393330326365653566666438303561356133666566323236383361656231666566343935
61353963343131383261646335303431396661626332646166623062613630663838356431323438
30396565316362646534363730346666306366366236643439656130313931643533656563336538
65303261623564356462353162383237306465316133656437646537313034306433623364663436
64386437363962653761396661393262643432393339366530323434623539353538666338333431
39376336323534633431396164613331633565613035353232353961626534656461326465323930
63333535353566383362353830343633653761373264323562343035376562326339613135653138
64343537396665353033333331316361653437316534643036636162336131656339316437656639
61353230626261353931323563636335376634643839363034393963326166303764363732653139
30396230613266613139353834376565616335613863666565303135663239393934363363653866
64333666343331373532623531643365633038396633323232306563343335616165646133613261
34316236656262323766643330626239666135643135336336313431663337643830306439626133
30396162613932613966343734633231363332613033333865356632373563346666303162363834
35323362643538383532663838333032323862303430383065373033623037626262663137663139
30393863643066373231356161326538346634303661326432306632393563343262366365646637
62363939316131346635663437376132366538383765366462643937353265306231363236636433
38616162643562323161373261366638393937333630383163373761373166383035616263633435
63363266623563346564653535326237326166393936643737663339393665396164356133393638
62303130386364356633646234363035633963633733316564613438323639373535363931323936
32636439666233396334353963373861623731356430353763636136336239393832633465326264
39323037343433616438656230356562393865633666616332646437653862333238363061303231
39313930356233633161633231323661353037383566393231363763313336663762383362383336
35393137666433343635373537623236613133363235626564373338303235303139383764656130
38393539373063313633616637666139613864306434643132353937663635643830656631393736
61373532353435333633643939356263336166613534666339363232343938336661333338623766
61386663643132373166323034313238306337323561623563323264313764613032353633386366
65303264663637323366643335383136613535356264353736383137643638383938623835383165
34376537336130326235363961626233313063626131656461386363316465643864336133613836
65643862336362653066383765393163306565313736306437373936383963373562343738323366
34636237363236376530323230316163383166306365333035613238363737303535376461326163
33393164343463306339653763383964326638313637653136633466343336313333636435343936
61303330323437613964336565663932656266346237663237373134373934343134626564373263
35333961333534306563396331613333396636366335313337373531343237656562366439653266
33343236346534623061353664353163646335303333643335386162366663373234656133626163
33343239626232326661653033303932353165663933303438633236383731643962376636326364
31633633303264643232386232346630633636353239386634336436303333613937346363666562
64366333616562396465366632656662356465653133306139313439356138643365613862626438
32326434373335643431303464306161643866323561356530663361616463663535326332386239
63383532346635386663313937323762646430616132383061316163333566396532306664653534
36373661356566343432633233313331633035666135386232363861376164643337326263656461
65346631393062383666626633366163616638666131313136646663663861316335353666646435
33633266646665646664346630626262663833313738396566663763306139643633336336646535
36386332393261323966373335366633353766613066326363303433353334306535333064363635
63313337326538306661313730636666353835346263656461303638626339656230643661323836
37316631393333326531343365316337383730306365303564376632323264613366383232656666
33306535353666626464323466613333393737356236613562346230326330663638666366626662
37636335653139326634323539393136386462393139353063663662656263376539346264303135
32636131393438343233393337396666346333353931386239306337393932386435666461306239
39626131376566313765383531666532623736336434636664343461326335316462356631393834
38363631363631616436336161363130373363323431666233333164343739313232636266353463
38343937383335663036356661653362363665386633366633336336373231323662623162336234
33386235303939623338623037643937613664343666363136366639313837333737313162326132
35323163373235373034613166623664376366636133376430356465356532616366656135306239
33353763663938353863346439343362656363363137343237613237396339663432663133666134
34353061623131376561613161336633313431353561616162643462643236313235333833666135
64356462353031643037663366373136643634323337363138343561633561323263643365376263
66313465363436613430663439323338643339613537343736663164343930306232326432313831
37366630316237386466636335316163636131376338626263323638666665663735643665383531
32393131393464313935323462356232623534376238373864613935333730326236363063396662
37353963353163386362366232636438663263633336663966306136343137396537313234343032
38663463343833353861643337313936373461336134373733353939653763366337363961333035
30383665313365653937396265663432633439643333646662633739333165646135666461613732
38353033306632326361356564353762346334376639376135333432326566373763613630326462
34373139386133396164663332643836303739323064393433333533353661346132333164323435
62303866666366373938646135366661663736643861366435643662383931363236303535303565
37343031373734346366363235323361323036653264343332353735633535343938303564633131
63616534663339343538616461656466646632393532336137336566623434386130393134666462
63363065623931313635666131393164303465623532333736336538633463356430666632356366
64666130623965643537323066363761333663656536316239613362386136663036353863636166
35663663643235623866646531363536383439653534323538313133626132613231363962636137
65316531633531643266316231363139613033616265613234653839396435346632623734313365
30356135303332653466373031666631363933323664353234626664303263616539396666316633
39643066613363363865643637646539366439346631613533353634303963373531663164626133
39666261323836343166323761613230633438323134306563353338323330363561346239636433
66656633363734626234643562383763303432623366663436353130316230313935376136663861
39653366393030616664363336346435623264663439663937323539316366353361353637373562
64373362383935613837653933623438393139396332383234303030633133336531303130373465
65386631646365383334366334336263363537636164323537646532613236663837316632343461
38323862666231623165313038396466663336373363376566336464316338326161643064386465
37666130353637613466636630636236343638303537363763316230646530646532353730643964
32333766663930656564633462343132643466356238346466623565303666383736373761303638
33653738343036363038643237623064303433653466346161396531303936323839666166363036
62656561633432653532663831326434636262353361636238316239316235663163616131363661
66393734623834643666333135316535383535313739303132623764383336383962373531643334
62396561306533313364633237616131386133626533313136653031316137333835356231376332
63373634356631656564653862353066653936633564666331303366356533393834383535356562
66663230643964313133393261343634313361663561356235353931663334623839643634376561
32663536376231336632336463663331653466326538653361366337383731323135613161363963
37613636633263386163316266346462363661366665313235306337323066353132396563363164
32376135303434636362623861316130336163383733626263396430366336623265646137376266
34303464323062353432616333353162343731393665333838363435643363633763313365383534
34323436623238613562323738386536353531306239316164363133353937313833666165383731
34383433383130663465333365616530363338663763313330333830363962396433646430323565
65636563623739303831376365376537316332336436666662303730613964393636306538336665
36613839613632663739393938363635666666353863663433383331303465613238356338356535
32643239663762656432663332323065653937373065363664346437306630396131393263376431
66636430613239623862306233393934346365643563333939363765346434636464313831313133
34383965326237303266653737373533613436653933336433613031646139393666653232346530
36373236313732353337623638616162336636303430646162346630346166323235313833613061
31303436343535656465636238633834643462393638353237383662376162363336613332663434
62333338306566636463386534396638333864633566383331663533643238626538383431663634
33663838623862326639373935343033323032393730363939646464626566613864663163393933
66623934316138353039333862656439643436306661383737636332353333323065623837396632
39313463313130656331323035313834373661623765653137383935346539306432336536316562
39326233626638376235393734383338346563613230643235383835346539656331646336623837
34343233393831613262323430353165333638613864633039336639346666636634313566376666
62396539383263303165356234303633356430396633393332373562346432326238643439333638
38363031353331356135353938313732363061363562343237306365626462616330666465363061
66343639623662646436353537633335343231323065623131623535313136303937366664336165
32356435646566633035336363323631376332313363623964396131383238336431663763386366
37363037383066353332616632663966393437343836313765303536336665656234333939326165
35346430663964643439656462306563383637376364383164363965616336656436653234333865
38336634353364366436633638383265356531363332303136333535643734376466613931356437
36656366373638373033313033343538643139326464656637313261373934653630623830373165
61626435393334313462663530393564323162376630383830623830663430353865393866666662
38653731633165336364343634636132313732653730353736663661663366366331323335623536
62626236343934616462356334636234363930393932616433333333316133353666373737643866
33666430653335306237626661343133616432643835383334316332356535613166336134373563
65383461323237336666636636313936353439393335613139333663313634653136326635383466
39383632626134393934656462356230386334373535653032303732646438653231343766303239
38393539316534363735396637386538663530633739313861383834346435373638313639356132
38633461353566653763353931663536343938613330653431626134353365666536373036393130
66343061353765356335383966653639313037333661626462623335386234363862333030353066
63393162633665356262336134316564366462653538386235373464666135333765326634373861
62336335336633623965323361333963343738646335363632653737636535633530633862376333
36373064373439396561363937363837636562306261356530613330383734653434393134663337
61616535326238303434653664333035633531376531343966633734646339363139333230386539
32346266363762336133323466353635663537343532316138333730333865336335616362376561
30366266383230636432616239323231343632636163336265643163633930333334646263666539
37656133373536373234356436363134333130336465306362323634326435303237313132393964
38613930653864326433356166666332393935313031356630306134616338623739663130343365
64613036336264653463636261663338306535373237336530323531313363396136326564316637
37373363633835616438383438623739633439313765343763323933643436643434383333636536
36303464666665363737333037323639663839316333376639613766303966616665623565326632
37643639363363316238613234633161353961396461346564356430643465656433363561633936
61323133336532313433323162663435366166353138343264633162346264663064396335366638
36663534373638323339363231333166653266336539316637363364373938353531373139386237
35383263663234383033666638653337613635373037636632353531393135393434356662306564
34623638333438313530626639343966373539353939343738656538636566323133326533376631
33373334333331336666356536363838386362356230396336376330376163346530343230623535
30623139616661663630316465333438636338356161666632383233373239333263353435353930
32363237383037336234666136393363323137303365613139356263613635643666653439633033
32386632653534303166656237303735333335343635653732366632383431626133643763353430
34383566386131373537323066353666353563616531353461663736353337663334316439303132
33393431313464336532386561363735633132643030633863383233316531633039396639306364
37383136303733613861313932323635383936663764656664316433393033376434323731306138
63333834663861323563356236333332666439376436393463643137643263356438363265333362
37373861323033653633306336323233313431383134363631343465666535386438656232373233
39396264353364343764333730353235396133393132383430643763356164656630336364393832
35373737326237396161306261623139303439613933646636383834626361393361356362323336
34613737326361376334346438386666323663613366373363626237643134393064376536633637
34333130653266373132323066373633336666666430333031376463646262356438386339356139
38616237306638356638363937616132363365306536653534393263653439663433383830396531
36333165333763303537656533393236653638313930346266353865313236613734626661333738
33383965363963376662383833373137636235663633316638303862393236656564313037666664
64313461386464643165373865383731393064666536366561326438353232363035336261643361
34363534663334663266616532643565363839326337646633613833613531383130613735393931
32643462613662393137643766643636626235626564306130663937313036393961653839656437
39323331366366366664623365363530376239363235656233313131333835343737656638316564
36366535623634633763656264333365363062616163333833376331663664616638373130366330
37343638393936306136316361323562643161353537363438366164323831353937303337663062
34633865363237316339653637663861366432613339653563396538653639653365636433363363
62336632636464353232303235363538303732353638323134633431316562336532333635363337
31396236633365333233356332643565643162323635336534663336323433353762353832373433
37343339643866336434316663646538316164353137343263613563643730653132313135663637
39643639653264393134313463336134373635616137303236656366306339396131666635656233
64616231336538343333336634303238353536383334363938633032386433323462313364306538
32616462323461393033616363363763633834353037623563383533663566306535386536336134
33653531633939373337633636613861323232623536306165393965323731336561373265336265
31663962303865653761333966343062383032373630386464623633666366623462306537376131
38313233333236316162326332653433636236346231363831313736353034363434356662363461
33333761316165663834653034383336356134333362643130363965386639376266396430636133
33653137333331626238396435626166313237636231656535303239613639356466656365393334
32386633373065396235396438666664633865383235653532386131356335313361643235646266
30393239303335383662376265373466613538376236363236666464336639373433333864353235
30323766353531303135613863623935353832646161636364376264363832613562356432323538
30333638333464353439666334326464663465376365356163363061323763633437373635613431
66383831656561386333386632353865636632366632336663666234323162313262356162643865
66616231336636616634326565333933656166653438643037666634333536356437663735333963
62336137393031633364306630623339366430363863303864306533343639636439643964616135
37306366313737336666323730626538393232323831396365663335646230643438363961356638
34303034316637353237666531626334303435326533323431346532393366643432663565386135
31356331366538396532306262646332656565636436376566336564623838613964306139356234
64613464366330333762323437623033643735626634376638376461383335656332663361373863
62383034343238313262653265643335656239656263396232646533333462616634333138633833
62316634666430323062623135633734333237343233343036316630663937303038313265373236
65363566333438643038333337333731393936616465316163663831366232643839313438393838
62383135383931653764643739356361316666666163323333386136353933623832343839653564
38396464346666333533613332343264396331626236623361386431326263616432386136643638
65666232396565626235643832643964646461636632386139386666616537336635646530333131
37343739383331303131643666393562646365633531616232623265383363303436626639346333
61623962356463336366373438613139393162303365363035376237373931303865373431396638
30623430303735316664303766303263323432353834633538346232363830613639363134653138
35356332306335613230343062323963386237616438643734333737373263623864663862363165
39646163353961393834656162646165643737613431653063663563373762663534653561626333
61376439376565616338373330393066653662343934306437363836353035613738343662623038
38326265323864376437633834613764363833336134656537333065623964626461616338633465
66323362376666396436333361396433393933313861343262643234613564643130353465626164
36393565316562383136656166643562383137326432323734393164303166333962643862306133
33393435356166383439326664633864363637376439653035343464343861346664653238643937
64663865376366356161396562623064626339336235356165663565643931326261363064303264
66313934653366396562613762653230363766333732303064643939356333623130313037326638
32656363343837633532356130393264346664386561393831626262363363313037306566383234
32626231356466616130633132353439386162633533663630323362373365303035653166356566
39343664663266646530653733396332366238313839656535316137643462313430373864626133
35346330366364383166376237623335313735616438366535393864303536366539383230666465
38343134393737343162386162323636336332663335346137643266616261323264326561346133
65373037316663383337643866356362383265383438663236363766363465613935343934643533
65353335633335613965343630346530313433373132326337383637643861396237343930386662
66653638366135366331373664303263383039353136303962333037356334376130666465333935
39303565323031653638356134633836306234663661623634313366353033636438613738323335
66663933353634626461303465353135316437386639386636326633336538306430303733386638
31643936343635393165336664643136373031313231613563353437366331643238333136353432
36666338663439636233666266326361656333316666383765313266633734653465366534346165
30616432666635653037653737303338646135626165313337646363643962356637623437393364
63393330626463666665373137623864376565656164326231626334646636656632336338633461
33633563386131373333303838386564646163343062653234303863376264343861336565613835
31653566343833653037346331643262376662346530393561313632613765343466323333623761
34363831663466303563653462306438316333653137613038333932346261373064366433646235
61363936363762663838323130663662613166653837623661643735383238326365386536633833
38343035303037376135643261346164306532326436363737663961656461666362396363353336
32303638633434343636366461323766356265313336613731313639623463663937343130326439
63356633303036383732316139386161643166616136333133383233393564343362303763353834
34636565646137313531623764623361393664646335623164396265396331373037313063393635
39666261356261343064373366646365303562663237343666633638323738643965396134306361
38383033326233653662383061393438656635613434343962313936376166366666633766366432
63333236653339383562313534663564306261333634353639363431633236306130356365353063
64333064303239306330386565343738353065336564343738656563386130626363653263363237
65393163343038343262653832623663333833303137346539636165656238353363366233623836
32643338326366626634663033366637666539356262386537616131306433313435343236663564
39373263363437343961373732373065616632353062353265626435343532343935633637646134
34326634376335623230643364396436333939666331653135303162616632336561616535653033
36643264376565626265303965663832353362626136373531323632383162323232623137636264
34383330346666393464373930313764303831306539356661396533623961366362323533646566
37663463373439623866333962633737353961356666313935336336376337643635626165346562
66643133643539343539626664383365616334383164613637623137653838393335333861393230
33666137663331636236356563336331646239303333353330336431613134313563313932333363
35313639336638323332393631653834353432616135623231306362663433303430396536316434
38623739633638656161383865303932323331326139313834343632636136383337656534643331
33316136306230356331383966616361653034363663343263393430663136363130356236326164
38626261643534376365653637353133383338323233336531653761393230323363373435653636
66363138613032376635616363346332366638313731316138313631653339623163623862386363
38333638343233663139623731313338393866623032636634653061636539666262393961623763
61643235383739356637636532313762633566613936326531636138643436343933643132393761
63366666613463333633353365633134613763366539313165316461306130306631343237626464
30613133343536313664626632623061326631306664333362636435343963663937666336353961
37633732663266663636376238343464353537626566646366363466633733633139316661373639
62663961373566623838653464363339653130396662366139316461346362313532616466613738
31393264653230373030366561663938396133373364313430396364323930336564656238666434
32663330623834303434613034636237313861343464353730383863666461653263623931373963
34663064393162323030616630336564353337373336633030633863613731333965623462646166
31353431613237303438313430326231623264313761316437366438383037626237653730653033
36326663636639306630366437396334326433613337313235623335316630353738613631313963
35373861376433623533343637343836363662626230386562333939656561333364646233383264
37623166313233653837663030623535636662326666333035366463376230376161646531373935
62303636643837343231386132666535663430666266333933326338633066393063666231396431
31393566633931333031333339396330356630393531353432346436363162623562316234626637
63333038633730346666313633376232616536633738393261386237306135373766623863363130
64356166663334313733643635383466323535343932623561643530323235303237636434393761
30313737366163303436626138393039623232646665363936653337656361353465303763366237
65633532316131313937663832656439373066326166316430306630386532313063396534646530
30636266653164393566613530333863346365383937616230633366303239383936663861306566
62623164376165623036326331313161346530653338393664393438643634643336313934306462
62393863656664363938626439333332313262386232326339336266396162633333646265363033
64653539396330616437386130656663326337313932393838663638653761626530396536636365
66383435346538356335323263306562336531333637363836376533326134313266623533306533
66666364633266316330343232336233323663396663633964663861646430323739626334323061
34643865376632653561666138383532643764646438653663633562653264376230363138623431
35333165623863373834316661626666366136666130663862643666366534623332393465313264
36386565323031366639316231326165376365323330363433373431386166373036663932396637
62613931656133663763363332396437663765366437363533356236643937353165653830323331
39646661363361633562393130326438636433623461313131313439306665313566626534623334
33353930653633363561326535363930303464386539666164633763303439613836626232363636
61626162343932386164306632656234303638366232626238366330623262363437343839653866
38656132303532363238316464323462393162663564363937383837663036336463323333646136
30303633343536363031633762613737393838616630646564666139393430343965653032643034
36613732343931633861323264336237336461646136393335316235303434323363383363613434
33343934666239616639633066343962663039386132626263356366393336623762643535633731
33633232663765353833613834323930643562646232346539323863646131326238376465633962
34623833343534353536626163653135636437663865643233303933386230336433616365643831
33613339373538623634636539363465623139343666663330656232636133663234626361366662
33393331373431613364663431613965643835343762623935306438376265306130616330666437
61303562306338343633373433333261303230343636316166383934353965306335613235376234
64363634343836663238656261303361663833396137643465393763623562666535383361653038
39353266353339396137613661373034653331613734613734393739386233383634373735633062
63653537386661346335653636383535373035623535303866633161343165396634326135323762
34666165666332313461346335633463356333396537633361646164663139326461336163653238
31663866393366303535336332393033363361386333646433333338633362303831316661303430
34353366633262623261653134636330656138333934333435356661653737363137666365613865
37303761663331633135616432666438306361613337383263633930346132613066623063343834
36626630646238353239353438633162633736626365386232303038653262666566383536613039
33653438666365653962333930373830616663356530313238363935653662316463366431383764
34633134653461613334313536376565663538643064386461656533623034636563626630636165
66336337633662303439633661623733386330373437636134353665343761633338336138323939
61646131313532656563356632336163333263666133646561373861306335336636323166643239
39663934333739303935613162623437303164373563653836323462623733306535323330396534
31343461353735316531626439306338343033666364336163613330316535303936313263346534
36323966643766376266393432626437363237653666633335336632363632626236396365663865
34666664343263386533353164376237383735376663353862386664623538353836336131306438
39613039333165396465353662626239373663623534653830613739336465356364636266373331
33313332353265333036333065626636666366303636373231386164373632373964633664343262
35316564363365333533346238306132333761643764353966653231623166656533346634303764
30326162623531653462363064616666383461356331353935386332316663396361643230626364
64356637323862343034373431663734653761666636613132613435393461343661653734363062
31613731373565353266333830343938366133333266363430623533386266613966393062316132
37343939623737633234343737623835393739666535633536656132363165313436313361323963
35353334333332323465396266613162303435313734363865613761383365306335376638636132
66373965623830363166333232313930663164636161316564353037386139303161373534363539
38616630663130626231623435333038636238333734306533626562336564323262623937333164
65613635343633313664383763643038386332616261336630663531343734356264313864383833
63353364663136363063653639353231656339383433373932383837643337633038333032346139
38353065343661613637346537323934636364393332323839366135373166356666353838663436
31316535333533623361346662653439386232353837666338366234623233613834623831653763
34386133323332363163306330653939306434306261303434383466353565383239303532333633
34313561383665613331316231663733663165393532656639313133373432623037643537666331
30616336373434323162323039333138663364353430363936363430373362346437653165636138
31613334626633353262623364366565636233393034306435313639633361343362373934643338
66663838383238396434343365666661613262393731393931363430306564393566643333346530
35343962303237313331643864333435333838356663343835396334323166623333343639646266
66663061373537353464643536626530386561653165336339383034623832376466643630303638
62353163343832623761366264363536623334376635333630616164653939363834333336326666
61623039313365653238633134343634353931653639353962613032353134323063316137346432
64393361353365303431643261366430393163613161336533643061343432626432396264333061
37363964363731333737366163393532626462613032363636303835303261366434656537306234
32353738656630653832333933313565323933653239396162623332666435393764653535383263
30646233303632346663333531346462636435326130356538363433333965336531353030373834
36323264303061363033643930363965383436313931366536633565386438386563363862313332
63653933623936386462316639333566333737333866633766613134313730353833313464303165
66613532616330383263393137306534653636346362323262386265653162353135666237336132
37623734333534396564633738336238363463316530386635333130643334373934386335336663
61313937323163356264383665613839646265396538653530636165333933316434643066333031
65653463363838393339646663393032633934643938353538373737636130613761383962613664
38653034326532326136616531366134623763666237373462653039383639643137316566643834
38356336383135386661623534316461626563333234353565393635393031613834306635616564
66346162393930613266666536633330663863303335633633393764336138316430626365333631
37353830633861303361326637623661306136336166323438383262653538636462386239336230
61653839386439666363623633633032613763383562376438373630303936633039383132333932
36383737353736373934383664373035626631323065386433313536376633646432313837346531
38313465656431633838633236646336393162383231663137336662643262663235393861393033
30376362343639366431373462666365333538366232323164333230356234656630313762326536
30363031373562356238353934326663653239353033613631306630616533316235356630343263
36623664613662646130613132646433616138633361643664333066343435336536333336386461
34386333373336383339303736363933373239643963636633623438356562613936383735646433
62353061303263323966346336666331613430306664303337333361616538336137373861613064
39626634346534626531303338623836336338353164393634623266623635366537656138663666
32303834663563306166373239363030393137313433316434306131336665323861393232363033
33636463633537633761393962386337323763613832336637363535366632363334353963303833
33653733653737313165323335616330356239393735626536333934313564376661663733643461
31656162313739323031363632663737343331643038623030303633326235346537346161383339
34653566643031386136656261376362386562346364343337613435363331623537343334663736
31353364333136633362393463333833383364383065306236383235333664393466626333316230
65613961653163313364653539633862666238623366396138313935343763376334303330373439
34343237346338626265313731336536333961323561386362383265306230623138363339653537
34383235323635623235393638346233353034356434626139393165663262353264333836333632
65336635333337326362613738653239303164376531663134323531656363353466323137326562
66653334313536633439666631303461316562373561363234623363646664613635643639333431
38353735613964623436303532313863343336396632616366623461666330623862393465396663
34633934656237623433623966666165333766383137333938393235316233633834656235356333
65383136616438383038373166633863363164323862663633323064623734303864633231366539
36363239363039303965616432623935313131303034363462386137653466303263353963376362
39373362623561396137656665353038353338616261336565613531646666663238333637376239
31643932366463313166386237656636386130623437626138326638323437663164383437316538
31623735306462363465333139306439653636656338323366316661336563376132373430303332
30343830396263393932373065396261613939636134613038333331653366643933653033643636
30393363616339663638646265366532303338616639616365643239363138373563376434383538
30323532653032356531336239663063663633343865623830373038666530643834303663653064
36356539323961313430356636616238363631636638313232326533323665313765353130626536
62663861613532303264383565353261356534353438636364356364333235613661363236353332
63366530386365616364346430623336343633626230633565313738616332316463336434356265
37376332303335613962616235656161356330623031303030613565333462326263306663306562
33343735623361626531353262333231326462653761656464643033636133643337626430653062
33316239623764633736643761316332343566636537303432366130303830366233386539363034
32373265386463323036313033376262396433393065303335653264623836386161373232303038
33623632613136613033356463653732383434666434363366393830343930396235306561663231
66323563623563633661646435646633353132376630306463363335613065356430636536393037
38306565353034656131373665646432393864383938326366353231303135326231623735316165
35616438323330366164653237356535636466636638333531636137303436376439306464393963
34386333633165643330373361663432346465633962346432656531303661306163333936643638
36623437386138646464346435323361313665383538396238623463666662643135336565386362
63343730666138613564656138643331666330326331303230663237613438316265633330373165
39663464386232373366326662316266646532633134343632646462663162373864643636373034
35346330346261353535666337623366633239353664623236373963343631343938623930333961
30663734613032326166346461383731386462653864373766656632626637373063353165343562
39396632646662316232313136343230623637623935336435656438393239633662663231666336
31663961363139376634353637333836633231353164613561666466646165613330623562383631
33346564386135333838353365666230353439343536646135303730626535623563646632326463
66303430326330323139383231646536323930313064376631623666626630376536623631373334
61636161646162613962316135646465306236333435363935363639356263376363643338386636
39396135623163653531346638383939653537326436346633663636643037346566373665383963
30356361656532353239303735343865343938313534386338346264323239383536313838656436
39623737663031393861396131613939656565626537313738343439636663313739306165326561
36633961623665646561643530383835396665363335386331636332623065323838393036373466
35346339396362666635346364303962346633303835396365366265376164386135316164313531
36383066373832383831643632386265303239336231663130653864356666303335633634353061
32663062333635613034663039363362393362343832373865306263616465336562313864373664
65343233643466383831633962623131333636353066353063653766386566333461316533633634
65336464636632323238613964393135633866626338353661303238626438663962366639383466
36616535326463313962373438633434633034306536343233356161393132363463383735363966
64393836653639663037313835643339396362383238396331613239616165363363613461383263
31303261653839663062613332356630616265346236646134373838396237343937663439393931
36373738653564636630346565643363656630333439633966373439326530346534646662643435
35623832346164346638356265613932666333623363356132373866613437623938356330613663
64656337383933393364393334323465393731613437323631383632626661346339316134366338
66623362396439646166393762343733616534356536616537316130326164623034393533326336
36633333346164383637333437383462376430643331333239363764326638343861313566633337
34326239623834663131643133343063366337316133303239653634633863653539643334313931
62613965633530323961666263393230313831396365363566356539306263313630376536346164
31346166366234643762303038343662353337353162383234386139646435633765663937636338
33376339643366363031613432383063613264396664376237663038363037613364396463366637
63363838346364623337646539646531393766663861353065313430373030616666303634376139
38313965636530363930633363343733373530343135663335396230356664663637333335326631
64396536383432643161623838393434373763356266323738346637656339343631386136313236
64373936326166616436643165333336623035333133306337396534623662343238323137613932
38346336376364623765363964356136666336643133613436656438353531646531653361366562
38393061303965353032623038336661653535653863333165343135396331633737313038306433
63623131663664623862373964653038333762353265363338663435393366366361326331626163
39366234643435343863663331383663653937623931653936613165303266376437376237396535
35613866356336313933623163626133666130343530383837663961316233396364666664653939
30393765373036383239633237626135363234616237333038613332393633636662373832306339
38353066383034636664613838663436623839613436646439333662663530393934346161646565
61373438303566386432336662653438326563363032396139323331396333643132383238663639
62373963356161383931313466373166373661393530366564396566646432333934386634663535
63376463363333656662336233393665623730613636613637343934656561656531363266633138
65383064343732313735663566616233316130323463333233313266663633376130316330353238
37376532656563626162376131396433636434333538656639633632326562376463613034356336
38646338326635393664353034633463613137303463356534353161383831376265363031363035
63303564646239353535653434303330353334343831376535383433346230356332663739363636
64613134623336326466303530346633393635653739373166353664653039633238363235623232
64376564633538616239353637386637343938333733383238393061396563343733343338343961
64393463393438666532636465383364613737303662646265363963613964396539383430366135
37313066626261373934373031373735353630666438666634393233356232313136356632376531
32646337636431636234626530623330356335396535663137313165316438323233333461663639
34366466343064633264383536326131613138306532306264633238373530373837353166613733
39653137376530633839366230386139653861326335613265663165313335376133346263656536
32636365303861313261366666396537643532333934643433663630363736646536643639396633
35376363643661643336333938663761633663613666653036366438656533386233666565313862
36316431373631653131633363343364323561636566353634616336353964323661383032323539
35386131306335383437343662343737343361323433613865373138623630396337363362643539
31326164363731663732326563373938613438393661303465666134643337623430383666383766
64376635326438363233646636383834636466356335646332623465366662373333653433613539
36643730353362656433326562343732623930356363356637386234313630326434373264336632
36336535646633303539303363666664376461613734346361323930373964333534633136333164
63386561626461393838356163663762663034623037396137326565373332666333323934616563
63653535313836396435306331393263616561666435316362326233366431356334333763653066
31663066666263343933623639366436396161363436323230303264306138303763383561643333
62366362633463636337373638656436666431303731373434323066643766636666363262623234
61353135353931313637313664313933343630616435353264346137653339666366353632633533
30653032316339636232313665653663633163623639656239316439643638616261383633393265
65613166346532316361663235636161616662656434303631316537386233623833363861616538
65306339663334336366626666316233323633613130373838663739303561376564326334373434
34643262323536323339316635323766666461356530396438626338383636313361383635396137
32633935366631643965323463353532626661393439643031333736656634336164323033646466
39656538363332666333623535323631383965656563663035323934363863373164623536386361
31333835393564326534653331333632663235633139383230373764313730343331393563663666
62343130383565363161356130363963313537646466376238616664313830636136383833626634
66383136666532656430396531386666353937646365376535316563633539623834313764666662
65393337323930636536383338303939346661303333623731386332623761363432393866323831
30613134323732386436616162396335356162653862623139656231316233356466633632376439
39386432386531383866623135663162343137363562383563643631356563353766643864366364
65346136353631653662616535353662386438623731343839633634623037336165666161396138
65353961353863306131336437303730343566636533396566636234626265313361666330373761
62616639333464366432643362373563626263336363333564316236383365366262313461643363
31363665376533306337363237373639313335663732386664666533636363343236323266623566
36313063323062346362393566373566633764656262393831663037663539626137663833626662
36643437383633303866626361613338316636666431356563336466386164626337633963366232
37653661643765666535343933353564653232363966336336626464623938383231626336396231
39656332633761316438613263646462626539373338663365376335626266643632366561303232
32653563386264346238316338323937656534343630646162666261316434386331356632373933
38373436376637376562323561313366393761313638373530303039653638353337333861636365
37626165366565373436643662313134373739666138346334663736346364636131316533616437
64393232656266303632616237306135386136646235366134363732666362623331383736653463
65393636643434383633383233306365636134366631663066663339343736363562326237666439
63633633663166666433346466663832313631616433373733303835643065633730623935303766
34633664666233623539333230623833386632343161393562313465636535666534616134636335
65626530613762396265646439633036316339653430633137336435613564303030646232353834
65633630343130626433376333393331656633396538653864386663366562376664393933363739
36373731356230643662303638383739613832343731633032333530303638363830333432393339
37353931663933613133306633656134633438656436333931353265316365643464353231303431
62303038316130383261336239333830666565326564663836303164386564376434396362363831
30303062633635353033633035663136653438653332373831336261663435623161396464643364
33383836386238303561303162326430656464333566613933616365313634643839376235303233
38303533623666323031646561343764343434633234336539373563616636626439336264333736
65316664373638643138303731396563656332356636616635623632346366363466646437626366
30623263393662326436323338316266646563333264356339316234363666643330343730643234
30383538623565366630313961333138643635663235336439636363373630623865373562663935
31636163373230376137643534626330366538666566313663316465653335666539663763336464
33383030656137373339613433393563363232643662613939623566363963643230343765616433
39393436333366346637356232653834373435663533616239646339363663316534336337393832
37313934346161666261326665363637396361326338326339366533343232346164626632373236
35613966626564366531346630633566386565646634343136386537343232666566393966616137
36333461326231306263636461636434386331383935316665616431386138366534623435313464
37613064373466623233353032616131306239323631363665383731316365643361666635336566
36316130663661323265613538626538303936303661333536653464636263316635363435393339
32656266346364326139623138636437363064616533313832373732306534663666613331303435
32396436356539613135663933323966366537306634343431616330333037316531383864626139
63356166346663313632333531393262333162303262356439613364396164646439313338613234
64333335393662343733386135616331393931656131643438383334373438396534383735653264
63383863643865323134353166376632303938643562383237323762663563376636653739353330
65386533376662313632363666333465653435323763363063303336373032633662353462373764
62616431613136396130376164373430353463653233383134383963363231366538376339333435
33393634613736346139363265376562653761323466613337643666303739313363333766383366
37656337356531323231323633386138386535633161353439393962366662363562646230633135
38633737636464656138333365313134323135623836363030386263366164643835313863643735
36666132656361303966313562306361636634376438383636656263633736626461376136653265
35313737656135353562396362333639666563366230366661333265623737363331626161636634
35383236383263656635373230653538386432393234326662623231623066393262353930393534
34376534666639626339383564646331393831643835636635323636346438393731373438663337
63393765373664373233353766623439346635353264333562316636636338393733383536323834
66343132386463666466303531333761613432333763626431316331333435383061313831376439
65653036633135626261393261653864616236353435396535386232623235376630383032343332
64343938316363663639656266396362633739316631326537323837303362353238323535386666
34303436616365363133623737316537373935346462306634363739313731636462303334366535
64336539343461383036653865616336393163396265346663643531666533633334633933396534
64336135313266356331333466396239663533646338336362633762626131373434633064653762
34373532353630383530383034643364613831616333303764386539323633656238643732313834
61346266646265333565326132383931633331303937316531643065386431313063393334643566
63343532393836313636333532663764303732366666616438663466356434653236383137616531
33373666306161383763356230636532306334373538376263343762613732393764346536333732
37616265366366376236623535376231643864386366643337623333336131326335343361316338
66633534393133623735653334643636636265313164643632663063306338396462343534346433
62666637666561626136316164353736313833373731303236613563613432393161356363376137
32623939616438396630343731393664326663313138623463663564656231326564623132613737
32643736343735396532323033653832353837623062303761316238633932333465623335333662
64336664633932656530363761386563313537626338643161353238643535323963396162363334
38393664326631663436343861396538613831336265363663346438383664383632316631323332
64623734613865643634383233383638323634353034386365623136663936373834623232346636
37663264643839323837643161643834346663373165336230626230623231626133353261653966
65346339393536663866666666623031343165346430313934333336303065313961663463363830
33346264656330326534356564356233613565313064383663323239336466653230623563356662
66663138336431393936316230326239613065623232323963646262663436633334623464346163
61366664623738633864356336643466373838396432353433396438633265373738666233343438
65383165356664633264376636353464663932653562386333656363383461633134636235363230
65643338303238393763363435313234623833306533643933376134353965323261373338353631
38313538343930323961633466656339633762343730343539633065353734306465643039353163
33623739383664633230663036336663633233663035363437646465363439306233306162653339
36363436643435383936633638333430616630376262633161333039646634363466303234663261
32353662356561633033316139633331646539326639376137396466663866666435333536643461
63303638316465353934666437356137646365383736346433356463613337303437306163333764
63333837343662623766373061373462353036343663373237326462303364363633316366373562
34626133343466613735653366646239663731666462386337343663623032306264346536393834
32346666646634646638333964383939633962633435313764633239326436633730633564393731
61346465383362363637646261333539663138386430336430373665643631613266623235616432
34396632313130306365613961356230376134376333613663626536383835643266653864346566
65666537343465316230306138333262393864363366326562646538636662656438623133636430
32633137613331333961643334613336333634373739303931646561643839313563366363656132
39373437636434623534356437386332373936323162386230626437383530363339633038643131
30646563353333656131616266623834653466343761303163346435393263383865373661363439
30646333633837653639636630313761336662323537336161313733643832303763616365613630
66393737326633633366643731333933323530646666333064363636636562633038353339323130
39306538616439383639326464373534356538326238323466303631383139316264383432313262
32363138396633363334343533653331626536356662353062356337333261343733383335313863
31373737306331623537303537613362396634343538356632653535653766626639663130326438
63646338306239333937363836623964313430646532323436313962643861346361653636366330
37363566376535656464663662636232626462633861353036343333616562306631303831383634
62343839613634326130613735613834303632623535393065336465653132356631633631343137
32323639633066666132633734326639333730353438363335663136336432616465616166323330
62343765666638386439393831323938633566343132316633323762366239353265366462333539
65366163633161343338636337343237666163646136656535356161306464316166386234313165
36666231353963626135666337383139363461383831623764656663363238373031613561633331
63313231636439366132396133386533356366356166616334336262363830616332386233363835
35343438636634356163633935666630373839313266643235366362663564626239353831636362
33633662633162323965343465306662643766373835313964376238393530653533636339366265
32316238626338373866656264326264396632326461623931333132613830366362616262623064
36306130653039336335353437646463386435616435663565393631373636306366376434626533
61653762336532613134653230626535666263383164613339393037323638343232633432656330
32356130376339366437363636383839636663353838323333383766633830323932356135316235
66313864613564633137376663656236333137376538353931383934646237316136336439303038
36613665663631626665663062323738383831313563616464383630363264653935656636303165
61393163393062363966323237646131646633613864353662333037306433343030366338613638
32636238356166663832633531363564363666653237316132363031383836313739323066376133
63313234326231356666316264383738326237663038393233373731643735323164613439663535
64326234346463663433333535373936326238303634353037313138623961333535623236623530
32346363666233326634363436373738363062623435663964613333356539306264626337626663
31396632383533356234386237633963393039643333623666366563373934303136373438643034
31636166393637316335346466636636663531356639663039623263616262643637623734666263
66323538653134643463623833323664343035356433326433353161386631333337633563316332
36663865393833626562313331303965353539613837376132653064326562656434323435303434
66346366373036366464623966306139646265336332626562616461663162303537333432653332
65373463616637376163653839656439326433313933646138373139653334376362306137376632
32303538613430663332656365336664666338396662396534626265666239646132333637343032
36653939333735303236663238323962653339393534306665393533646434643335346230333761
32363133666637613135323637313639303339343462383237373366323662306565323235333134
39363034303162643134313536336234336362356265643762353063346138643030646563326235
39626334333330313131316536343736383331636334383632616534373334636262626339376536
36386564363435336338643333356263646533643437326138616536313331363330666631393930
31653165663331313861396365333536306539306539633963333962373466656235633338646566
36653763343964316135376335626433653233646435643138623263343363613063646332613961
61333434373961386637613566646538323832376361623030376562646233613434336562643562
31643733633662666539316163383336626636363862306566626239326166313763313636393063
34633235666666326266356237343238353139393336613733396432636337326639343733353937
39636530636333366562373366366163643936393832393136326230373231353435626634653235
61316233376164666133346562373261316139663862636637653531646531333834643434343235
64636538353138306334653066333562303265353462313337633239306266656237383331653736
32623038376636376564316433343731633733343238613765653163303632663638333231663064
63666366653630346139333039336439383665386334346466323530366661393562633931386439
63613064343562386162616639626636643831666539613062623830313465356139353035306633
62346665363536316435393065373865633639306633343863663566303236383835326530383436
62636633643134313138323433393531633866633365356535666635393937646533653339623839
61346564396664303966383238336139613432393930353162653662343066633264383465366566
66643433643837353834303537373230326263306462643739353263366266386337383366393631
30373133633862313963316365396137386131626165366565373931343736343934393266376630
34386138303761666566636366623866623863633539633165356634373633303465613765323064
34626264363565663865636639333437623335666564656538656239393862663462386464613939
34326562353265353764666636643164616161306661353833326533313436613364653537363238
36303632633339313734383432343738373230303862643139353433303163323461626665613635
34333566616634386137383134323630336166303565353336303364326361393834343066366635
61363463363163343764643362376566353730616261666362373466613963363130346633366438
37386266613765376564366635333463366432343730376331386334646563653564363638646363
38633766396230313034663336653266636233376333383839643166393333636137643263643331
64306362323866353265383433336665316631616431636366303938633434616230373731616139
63663730373939636161373463386430643230393533353639383235643536633263653264343834
31353561666631656666613933613463373831653730303039613132643261323731333735316164
66666131626438653263323236646230346561616137653435396166373262633932666434373433
39346536313861633338373538653165356634383131393938363463356237626266653230363730
38666130646135653166323438666633646461616337336330626131316266376437386634303265
39376266366536303035303163356139643561313464356363343532313539316565393834343335
65396566396232366539393162303936393032323130326238353739366563336663393962353862
38653530343833363734383130383433373933386136333639623063346532323337336433636463
32336635336131316334626236636665373762653031353531323962663239313330333636633039
63353134386430353636353836373030633566333866303736353466366632656438646230303933
36656538666233636133343434336465396231613032313132343939656365343534303463643161
30633436346232636638663461383762643035383662393731626165653537313232353435356435
38613463396139613234373436313938393537363538346333653565376136636131633936326439
63353065623334633038323334386236333132313537343635643466383166303564323863343530
30386661663333386136366464653330343061336438363064303637316261656565636633373337
38613035316237653736613731636238623531636135616230306536663962316139346665303465
38316131306463653563653262346332383037366637313437653235623561663838643962623030
61313634343966383666646431666535383534323433303839623363636133333332383865363534
64636431336563383331666161616434383335616439336164626631393136353862656138373166
39363833326136623133323738333065656166623262376166663635326663316136663665666636
32336636333738613231633631663636323234643435366263313863336666363561303331626333
38663437653661353262626234306234656561623766366433613266613830313563653739663366
34393065333135393764633865333934353763343831323339316633316566646266663435316635
61623137366562383430613939626262393962306564306362653938373532336433366464373131
36376662326530356566323066666564393338386162346130376338323663323535656438366334
66643437643635356265346264343364363139323933373261626461633463643333653639373664
31343134336664373763393866653835363136313734323738353635363464313332306333383934
66383162633930316236376566366262616363623331653133646533386135313236376264303331
35353365323961366333393266346366636262636534353132333735353538633932323734653338
62643232303365333835616338323063313163383935356137613032636237323138376466626365
62323331316539633265663035393736363761396135393935363331303964396163633264346439
37396362656163316565393135326637646262313463663739313464333630663063386238383164
31373539643539633433313463613561326334333635363564336332303533613237613263396230
39356433636533626538633634643934656665623234363434386163633235666361623036326464
37353963333030313763393030386631343333396435353231316334616661326463613934626264
62303564653334363732373530616163373663633339393235636462383665326633353362656262
37313662656164383734633161653536656335653431623835616234323137656133636163373662
35666131343635373636663462643666646634613738663761393234326565383735646230626664
37663961313737303436346237343936393864643437323034646630623737616166346465643438
65373262336136333664383735386130316530363737386164373964393231653665633262306661
63643963343431323061663635303436643433626132393136353130636330346638353436643033
35613338623433383364393263366233393561346235626462376165333534663331306633373734
64353362333937363330643861383962666437313939363236633433336231393738383365346439
62363234326334653333336238386431326334323237646532646462346531396138363330623035
63643563333939363338366463346565326261373737646136313633353066303130386466333931
62306139303936313033303431656438303662343563306336373435366565646331356661616338
31656639616637306131396262653966333238343034316230663736633436616430376166626165
38666562373065316235386333303132333833333934373563633166306261653233373563343530
61616534666537623635623963363466363038306135633464303239656239626663343938613266
63366164643138613835333063616234616337653035336464343561313034393066353364626538
31636536336663343830643561383465396230313631633139643463326539633135626561613463
33333762656430363232636338336266613865353534313861356230643562376662306462616366
38633562363961313431386232386263353331326464373934393132326665623462623731623834
35623432346238646362326364386531623133353661393161663962383938333738326132633039
62306330633762613136336165363132383936656135386334353137333163653865346138613539
33636332303132656163393136393364636662633634386337363134303935333434623230613565
65633165343865613862613731346264636635663964316438616631373764613532323138323133
33333965313263306137333631396639643835633139653764646161333363373463366239336430
61383335653965653831646130626333376362643861303339376430633163393633633337366434
65646261323261616435353535373436383861343562383136346532383863343039383738393630
64326661373736353531326162393164333161343833386634663937356332316230323739386238
30333236366263633632666635326663616532646239643736623139363562626262313830626435
39653832373364366631653937343364323030356135343563626565623835386538356532303037
33663965643437333939333962343966346630363162643137313737353638656663623832396566
37386164643061386135393538643738623465313639376566373639623361316437616566333265
31626330653365666332633264396263663435333535663666393030396333343133616633663566
32333964636136646430356164323935366361636433336339353532666262393131313965313966
39316464363235633936363831303130373530633865316237396333333534306435623234636434
35646161313834643362613564386636626564336334383164323762323932633662316661613437
33353130646536306534356664633266616330313761643039316331343532316163643362613138
33653138353565646265363861313235313034323930393166646165663336356238626336336364
31626365653831623435653632363530616264393239356337333635613432343432616530613161
35643632396636363662346631333932386539386139346266303864396436643964353637386464
34616532366339623631633434363565613365303130373437383437303031323735646539633662
66643839326365323638663261343931396563373231376230313838316261346433643563383236
63373032653930633966366436633734383062356137636635333636653737313461633965356365
66353033613761623834613465613935363861376431323562653961383861313833623230363636
38623763313164383566626261653839323536323737663930666535343762363533633134643964
33393839313964313738633132363430306262636337306537383632333532376236613639646565
34666336303563626163626234373630653433386639613261316463386661616562313165386533
31663638373530633236316666383032313036663739633662353765353638333561303665643639
38323339303762323761616230666339356462356630336364326464623733383330373964663863
61326436343533663066373361343138343865656234626535353339393334653033313530386263
39623666626334636263636637326136666564353532623634653961646466633135383431333665
37356233363962383766613466643634363636613961623137646564383231373833383765386531
61353262633835303039663437343664373863393565316130323366336364666131353639613665
35313137353439366533323863626632306539316439626462666433643766326432306332366130
61613736613365333937336262633135326234653037363334336537646535353465333939643231
63373335376434373765363439623934636539383034613735386432353739663132366434666538
31646430616435333233663831393935356131323135666330343163636261336261666335373838
62363263653735613236616537343937316631666163373665396232346230643865343864616433
61613265303333343334383061366661306131666433393939636432626130303330376637663635
37356564343738366232663130343865646631653066356463643130336465616637313666353139
37633261653063336535623230646165336234323962636430616234336536303332323836303637
38316133306632326463363937363764316235336265383137623863346236303736393935653063
61643365313435323461386135333964333338376233623661626333343439366565353132373264
30613531303262666139306132313038653964616132653839393761616331356439646430323033
66656163366266313436383765383834643936353634666262633037303032663439313430313332
33623435346463303632306563656566303265366361396333633165376666626365313737666361
66613035393866383461633338396162363566323432663231333462626163613133303166383731
63343964346638393763306165623665366138306662633435316236613839353131346165343235
31616662663562666132613432373238363932663239393062343633663836346264633535373566
33336363656564396438386530363334646563323832303035336638373964383965653438313331
35653533663630393038616464353631373465313661386431626139633738666130333931653562
34656335316131626533643366393336356430306566633561396633656536373266373933373063
33346166383337333938353861633431326239656431316265663364346461343535376162646632
30303463393135363238386239336663363538316164623436353832663066633930613963326332
31653835306466316232396661656636346334343732613735323532303639653534303437346265
30663361316637303764646336306536643165343166313731323534613937643764646261386433
31316565366566303563646133626333336362383532646431623733303832633037376233393565
61653035336265656634666161323462646235313837323139303766356331623137396130616637
62613839333835393665303232363331316333313062323738363938636132313132646365613739
62633534313830363239396639336131626166623566666366326561616237393937346636376231
65643432323931373533643335303132393934343162366565613736653835333263306562626435
37356461356661663265623434613430396333646134623164346234666264643362396439343766
38666166333339343463306463326439356635396131383164363265343233343833383531626333
38313265326430373839396164656565366237393331336636386262613137383763336231323936
61633339656339643838363435373061353431343431636532656633333131323433636131363866
62333831306266353164646437623865356630383162356332616439663435396536356531623430
62633630363635326434636338373339356532653464383332636638396662653366616339643831
39316231616638333832383932666536366430313539366436613030393737353937626133356666
33626363333866393632663066326161343030383363383438376434303861393834363935616563
63303166663837643365326566623536336464333631323561633631633161656538373031356565
35303834313036366566353631366430386465386365353231363031666565633538323836343537
33333338633633613137656263336635376361393134333865316232353033343534616161613063
34643131623064373061643965326137376635303238663436613462643535653535383062636136
37363535316466363230343931616466663431643263366438393937396637356634613364656339
62616232383437653139306638336438353130623432303237373534376631373435303534643737
62653361373236623665323030393962373062336161376432346337323930623839666563616239
64323739633231393438323338326139366562343531373263656334333062353037396338396134
30333638643335643032623636616136353734376461383064366238343962633462383164613232
65353766656437303964626465613532633464353563636661613233303030356463383836366231
30323432623461393231373363646235633463373365313464323633623134303663313139663962
34363334613937356266373032303666396137623366643533336137613764613931363361353530
30646461343936373831306662633131306636336339303361313164613636386434386564623665
33373833343464333566623562653435303333656135313835343232666139363135363535663065
61343539303731636563613637343862623662386436343461646330666531643662663336653261
31346530633233386463386231623631333533383038643631373433326163623838333566303538
33336336633830646637643538316164363731343236636433313563646562303634636236363233
39313961663438313064383532633133316533613166616266366235383766626661326438326531
35363034613563376334343139306664666266323138353961653833623037653061613034333830
36313534396130623932323866633664333233333030663366383564383538623864376166653935
63356239343561623863303834666431613333626362633064633963366535336533396633656365
38373136633061343262313038613834623662393038306561663639663231376336653163376531
33356566663465343061306630663534313332653330386133613863346565326562333235616430
39636465643538643166396162656335636364643630613162643835613031363836376561303730
39373039316165643036343031346131386434663235386135643261353833343734623964386330
38616435396536343532353235643262636261306636346463623833643030383961316636666234
39393833383331616661326166633233396232313430363932363833653963316530323565623130
64303039376634326236356565643534376163623236633132636161616435643533613635353265
35316131616461663139336134626362616661613536353037626236336534363762303636663634
31366132396561646636303631626237306438363364316336633261356631326161613663393330
35666161373366313137323038666239643439666637333862643436366537356665386264306435
65363630386531373662373933613334636634326537613533393464663238323663366566353166
31373663316463386231623661616638386235623861323437363966633232613961626430633332
39613133326662306266373832623263643032636432656365326136343434623362313065666566
39663439646662616264353165393336353739336663396635333738626230353165343430653962
33386462313533336435323035303630313938393261366633396362323839663337363866333533
65613130613631663165323734396339326435613630393063363033663361626231613464643638
33613439373531356266653337666163343261313631656539383233336366663332333836646363
64363930326633643663383231366532666438356631313136643438346537313863336262306666
39376237636538303665633065663861356631353364666366653535646164356464663533623731
61396637326233656630386561363764653362663736343561336331346136623339643063356531
33653634363161326361383866306330376330313730333863306138613130393134343136333265
61656665336137623335656137633631343861613435663161343438646166653666613263633630
30613832333330356230633237396136653634623439373036363633376365616534666461636332
35333662343439383534323931356666663433633338363235396639356438373162346536373065
62633634346239393762353463323263613562326165393832616466633663383230396266326666
35363961393037343235373662356632346462636438653331363563346566333536633966356663
34643662633531643832393965623334346439643063333131376565643536663332626165633433
38663466346537333531633231313336653463333335623666333833366330383739376530613832
32626537333631666662373963373836383531666264363636303164353735343432323937366639
66363537636132313461373637313235346262303234623634666461616532626531623065353662
63363333633066303938663131366534643337343335326166376161643733643530373838313032
64653133653430316664386535656162306337363039366638383639653830336333646564656437
61303839396263383834623431363162636536336436356162303365336462376533333030613464
39373738626364383431666532633936656663623936333238636631613936333865383337616535
35346337633534643266633636656163313030343534653563383465623866646534326238666634
63616435303464393139346566643239333431373262633431333939646536646138653063666166
33356236383931636231616430663135393339363466393636373730663663353538383036383165
30643863366634343936306466326232343561303139303132663163613430666361636337303930
35663938623433376230373361323532623936373834616566346462646465306537333930636665
38356439313637623534653931373965656231623035326264653633343039616632346537666633
62633931383936636462666664313665363664333933653136316632336238313838626438366233
35343765353331303036346163656363623463636435306331303166323136326232653637303063
36646434633430653536346465373665383332376164363239383236623036383135343063613739
32313563656339343937623630303034616435333932333062363236626361623062663535643736
64303965646363613837363635663236643639323361636131613763643636663636303833353738
35613065393034326431613430643437626130356639616261616533386235653661343937623134
63346536613432656463323564333762333864653831666263353237393162333731383038646637
37366430383338666564383735653132356235386138653662306161326231346264313965396165
37343365396534666532653632616135623066326531353031356433323636363437313939626436
33623037373935633137313736323738396466353661353436653261376364336362383931343033
62336264653432316662633366663265636463323764373832643663366263313633396630623863
31343532343965393831636338636565373632303937303161633330343936316438373463323663
32613430343463626466623734393065353933393830396132646334633632663835663265633363
38363965333038663763666536396566636333613264613662303064306663363432613832623934
61346165643834656561666463376532326363616237333765653831373563333932636339313337
63363263353638393266356137343261626361653232636264316635393166633330666335323163
61663133336562313464653561666139343237323938343864613661333533646330656633326636
65353432333666396363326431613231356236636262643864633761323239326536313835393037
33376437376537313836643038363463393537343663656136343033323465313464656135336662
30356664303738373466356561386232346164303836333637303137663962383962383463626661
66663433666638376338643738363931643137623433393039323134363933626166326664653038
32353739363861316162306262343662336361656562343638643065656232623034626230613663
39613538363836303263633761343462393766653636303863313064623863353236643137616461
62303332366363666663613836663437623233623366373833616266343536663563643032396465
39643061393832633661323531653266336639393631323731633038343738633932383237366433
65363430383137623036323761623935373935356634643564323435656335313461313464346263
64333637643263613332623333326235623962626130636332356439383532336238373062326466
30623365333036323163333832353436306637626363613431316634313438306562383039636535
63643039386230336638336265663165613637633665663262313162383830376131666239643966
66303965333561303035663261613539643536356339666139323462613830373563306436313164
65386534646162333038626563343735383536383836636130356465376135373830613639633336
66323366333030323230343836316231353934353362633766633534663466303734646162653532
66656633353337313662323266626230633865383634333634343165336439383734663431353638
63346561323866313362636435626335623438343565303966323833643666366634353265643066
64333962636235626133323933356434636437613639396363633965666234306131353131376666
66336465343062346261316165616434656236636638623265613338666662613465373739393365
63323564373465626463613264363462636664643966653065376237313535383238653539356361
32643639353962343033343833346263666233636234623761316135313465306435623465346464
36393866313566613038336436663461616239316630626131356539623965363365646234343132
64663264643434623236353131373739636366343735336233383234636536346133326661326165
38633665333962623763383632393861316234356434323465613037663264323530616333623765
38323461313562396438386139356436353565613063663933316538346439333232363964376436
39626161623263306131393431643765316234363538333966306136316135326433666663306133
36666662666466373436316436636565356563636535633865653963323532366239653363313661
35313233613365663236343862353465306665636564303765363934343165643561636338633761
33613965303930393163336461336332666365396238316566333331313162313832616533663639
34386436623763666163343866313861376433623337653433353232323966623430343565393165
39313435663637303665613762653430393561306132333633393537656362393533623863626630
61366466653866303739356237386162373633633264306237363766336433396233366338663135
33376336393762353138326639666131626436303165643964613264333536616437323630343139
34623732633231393163333439656535663335373661653230336338353936656336646362633036
38333937343333343363356464613238393764333661653134313337326131653233633330313439
62343463353664646331316662353734623237333638303133336230346338623030663836643661
33653835383465333536663263636631623036623538323631383434323166383030396432383839
35313539386334306635613837646263313962366362646565636464343561393137666663666635
63616133656539353363323633626263356132633062626431386132366162323763646261323238
30303764333464353039326532356163313661353031646138363062363335313864373638333531
65643732343661326638343764643265643831376235336566633063386638393632356235383666
61336133636565343332656633373063343532363262613633613164353837643161326538363164
34356230343565623437333537306565633764363166383131316230663566386663386439376166
61343230376232653663366663636233323631363032623765393335383762326633663130666264
64613531396430346262366134346436323865303738626237353531663763666134373639333065
62333230656331363334353233363863396535386433653162626339346364306365393433353664
37613265333638316633366533616234623362633635666434613565643936333030376261346662
37346265313531636636383733643466656166393930356234346533626538326561373630393135
37663233666235336238613863313765316532333163343236383237643338396634386431636337
36353762643833633465353132363530336232623631656264363464353036306338353133356539
61633166356233326233383865333932353733353061373533383038353461333062376666663264
37636330383665643233383865363535393338633832333366303135353663303731613137396636
63353938653339653039366466363761616130643037636332643264383261373635663639633961
33383465343231643532383535383036393161356161613330393834363735316233383664313266
62386465396363363664346261626662316665303963316638626136393135633863393366313236
31393566373362303561326233326564616563396534366430376161616133376266636634323330
33306235636139643134313139383731393731323238326338666164376539303464613064656165
38346661383837383766343466663737643432383733396563613533336663326231626461333537
38383837653238656461316164383166386535366634313262386666613636363561306566343137
63613531323564323363343930303664313065623036353466356632303537303531356331323635
31653162353232346339376135303835636435356439383966336265613064303738363335366161
63653638663636653933323666373761623138326365616334316463633735323166646335376561
36326664356366666361343938666538363235333064386265363761323966376630363338653838
30303962376634356235333037616664343633366333376438616632623837656632303964383237
39363339376161613538373635636461356564366164323762323762346635656234666134343762
33623635353831303239616165323034313633336161656462656431376635616130353737356130
62623866323861323136356365663433386238643239633763333939336666636632333264366438
31333032633663626533386336316461393662646565366265376332653562333866616663363564
39373162393037353034343134386536363930376138386262383739363930393837616231323238
36313664613561366532613164656330626234336666343565393731623662656334343430316638
35333935323635386136666636643166616239306534383164313566353232656537393636306530
37646238373635633964666238613063336462626332313964333164616430353237383861663833
38623562643134346437323965376634623238346338663839353961626633663334303131626466
62643030326664626462646265316463336531396234393239616138663463356530333531623832
30376638343465666530363234373662346562616565363863383932653536663536306131386465
39396139313034643935663333316534336431353437663561323534343534383833386261326165
30613163663863333036343635313966636339653639623735373639613637616265346564636530
33663365303462623633663736363436376337303236316139336466313562386130646433353631
36646364386366363566393765623863353130656437333438313031303061303265623031303662
38393066363135626666313064353235386339336261663166373165666266623533363832383035
35343238313066323261313766363964343539623665346361333661333131383237643466643432
64326138393062376135363335373932633631316632313734306236383436646262616635356131
61316162613862366331336538623335643638623666623632313238336235666635653961383162
38326330636234366630353865626134663139353935623961323533366165316232353161376162
64373637333438306536333737373965626164613232636363343439633135636439336165336238
66356361353866636637306538616230356561643335343961383266353866353961366666626536
63396531643265346639333563663830663665336239343839306233633232346561303161646363
63373566616338646334353361343332376165373732396531386562386632666263623737623932
65386338663534303232653438343165646162373139623161336261613766303432376538663664
32373637626663303037353239366438323439373761376133376466363862346634306132346162
35383835363366313137633930313137636239343263653037336666306133363537636265613435
32613562343461386162616437656666653233366335653533613832336139656638353038623937
64666361313262356265306532326436323634343563616234323633396663336636386562373665
34383166396231323436666662333265663139363337653632636261613035623762303339376663
39653263633730656164646130623538386436363139306262626331653236623361623837623664
61363961353730323065653366343933626330613737653136633863616434316431323862626631
33303230306136656532613631323832643936396661323739633838656365323131666163663237
61663862306232326461373833623736363135623662356634626662656130633264656133663735
38303561653562633234616235366537303833363630643663343330623661653434333537316163
62363531346264633238376364643661376330646139303635393933316232633133316430316161
61613366393136613739383932393332633135303231346437633864363436653338656134326631
39376339666664656330616238663134626538313937666363383336653864363963623339666265
64666639663538303437386532613438386235633731393038313261653630646361613133333930
61313366343066313630393164323637633939636162303736643337303934663934383630643839
63666530346463373263633763393836363464656333343464343434663931666434656433393936
35363932643066363035663266313966383465336263303633626264313333643262336564326635
64373130633961633031316338363935643930656639373066363036373635613963383338306262
36363632303464343636383836393536343833326234356533313634643564326566653963323939
35323266313164313166336564313161396238653261383539313132323963636661353466373639
35613065346164383534326630643664303733353537336536323136373231326132646363663764
65613335653861373461383531346163666231356662653134396530626636333863663733303163
63393934363338353232376233643035363538623666333134343039653332613335333536643465
62393737303037373632313430636231333365663030356161346333653766303032346662326637
31356237356237643737643830363837633761396136653962653866303338383033353265303764
31623239636661393530343731333639663632323461333266323562636538353566623234366235
37356233653237383232333435636334383738303634363965323665343762313363643230386466
62313338613861386462383631373731386563373965356339346562623766643366356334633565
38386639653037333966316261646466356338666463313532323964343935323366613133656365
35653665306138646630376632643734323639363336626632656434633630633338653865383532
32363837663939336366343365613436626162336135383665656264326239366334386636323230
30303730316536316166363234313762343863346137666539386264353865626462333235346637
35626632653966336466343263376233333938393234313334653666386365373966656264663734
31616165653362313330616563623061656432303230623233383433663930306639636437373331
32386237656637326531636565646631656264613534383838373135353737393463633938306636
62313238306562306564356262636133623531373539616630656231363163333066343339386633
33346536303363626135366166333431396636393961326566363262393638376438616138653837
65353165663731336331613132363865613138333839613830626161353137396437353861313963
66313236626333383163303033313631626337636635616538633530666234383462336339303133
36353630316139363361306566346264323066633531373532306537323463356637636538363236
64656264313133343162383331613932653363306232613634393638663534626130306236663364
63323164343435643333636433666366323765363639663932336365663435633139386131363630
33323166666431616662623261626635356331623236613336643766396461653364636533656236
61396236396665353936656535306433313564633135336338356132663238643361613433323965
39393865306138326534666132336561636331336563303737376633336232643031393334633433
30373663343736636664353732316237633863396636383836643835333033323165393233333834
31623037623736303162326339383937313732326163336638306134646630333135613165653331
35313333306361643830666234326230633562663837633966663863653134326164303061386534
66393036363533623963316363626565653465306463393262616130643336646639383937663137
37313962663139613534383165303664643131306136313763616332626532656632666361383163
33656238653562653937376563353230373966623330333864343030646630646533663164336263
64666264376538663434336631633131336366316333616233636664656565383635393936393635
36656532343139623737653939396331636435336239343232366163333834306634383165333439
38353036373262643261353338346633386564663737623630383938356336323361643633393066
35663039646333626561396362626139653133346264653039623231636133316237303833356639
37336130613639303331373739333230323331323039363236373137313166353366316164376264
65343865323739643638306461623234343839396431396661666262633266623632646665616165
66643763303535666232393034346439343432343864396637326232303432623739333166306635
66353236323261303066336665303834323131623636643739373131323733616133616137663666
63656439383631316539623231356531353762636364623635373365663137326662613732626433
36656539393037336133666465356230666333383437666635313636383663623265353031633462
63396230326232353566623235656665343534373833313736336533316533373363663534356162
61613434663339643162663633653032643264346237666363366334643435303864636431333531
65373364663661363936363762353132623263303837343061333932666534333035333965656230
35616436363336376631613036313435633336323535393832353134363331333635623163313139
33646432383266386234336434316637346533373134663166326437653735386466353034396233
33376164316332343961613939343362613237366436613134643165356332623830353665313663
35366438383531613261663032653938656663653533613636363361636265333839333833316161
30313061316464343161303834663131346665333038326337383863326261393335306534653661
32633331323030623766323363393934323137303166313132393336303261653431363037303062
36633430613562373961313063323339326465636335383962643761393165663937646661343865
66643638663832336235643861343565396130386434363861386533333730663562653535343737
33356631656434636232303962353034656166383430316530616637363536303564386537616438
36336534636632323163653561303633393363336662616130646362656366343665303562353464
66313934396561323563333238313138356334646135316666623932326637653339333838303566
63353933303632303064393566363961386332646439613830353761663266633639323463643831
33346161346236353130633336653164306136646162626432313935626139376561343233633131
35333962313832383063623935306163323437303437633932636361383235396335313431646162
38623038323766623266626237623435366134313336656632363135653634663662313061636237
65636534333161353933323034633265346139376661363761616137383062353263653038383566
37613234663062313837313965663466316133366563633365363962313336643334323937653864
61613136313930373536626635323534306463656439353039613265653436356335326333353261
39373262336435643962323064366330663131386161353839393733383036353035323266613163
38303164306432656636353366336235316234366230326662383332383664356236613662346230
30613438323638663463313034366263313236313466356633373235343135303165623061643632
35343663366530363361646135343430333764643864393233656232393262653130653762636566
34653261656666656465643531646533376633626663613735376566353264613739363162656136
32626263613238636436393235363130333863303733316363646538663839616335643463333233
31326533633562346531653335636163383532316235306438313039326636653934613038323639
35396561643763393832303537333466353334656436646138343661376361386336303135303161
30373831383962393462643263366563653663393532613035363532303330613735376434613837
64386464353735303066663432643063386663653038333439393730373164346135326430306638
34636235326332633538363464383034313830306364313763613631363433623465633333336466
31316663323963613764343232643931653336336336353561383434303536393334643939393232
39653437356634346138656537353864366237303766653761373333333337396439316234333766
66363039646635393832363730396130616333643930636137633763623838353332363535643566
61383539633438353335643133306635353631313132623337656361616235386336656163373939
31386335363734383631366466623535316636613130306535326333313631336262616634396430
66303937663830663163623364613934643163393232303539313533653730663664383636323233
33306531626163653839323739613765366561633333666439303863643662346239313032653265
65353236383435626635313037393363663334616162346139653464643435326465346130623536
63663663343936636133336535613433653266316334313137323264666434383830393233656432
62623864653430393666306664393434323831336664623263343062323061613330613738343034
61663831303438666334363635363564366666623330306139386163613031333961343563613637
35303130383437623538353763623131346530353863613134363931313637373833353831343832
33366365346538323962333730636162353836626134643432396562663638653934353031346537
33353339306334396362336462353561333961373831383335303964303664313861356335323135
35346230343138373966643863653135643662343265323230343939623135313931373462623530
63663137323730333630323731643161343235343239386363663761663530393939646662623262
38616439393034363766626539393732646163323331636137396661616634333339336366396365
31643930643032383463303032333236636438623334653030623031346338633461336434633264
31666633653561616664616266303532343635303262623631656133343638323464303063343131
36623062363938356333393039366632626561326461623130316162366436323637306533616166
64313962393937333337663934303464623063623831616330353937613238343364656132376164
33336234643261643930393239373634303839333364303333323163323036333037323764633463
61623731653235653930343335663061393530373132373638326433363634316663323837356535
32323937666234373062336663396130323466366631623461613936393364616265323335306330
38636333626138373763353535383265303963393633393966323835306535353263333139613863
35363365333463363765323736396662346436363335316531613366353038376534636634653633
66323539303138373064313839316532313331373362613237656465383866373132643239353063
33613932363066313435633566613431663431396561363834646237313362373632376664353264
34633163393862353932326138623064396334303730383936623362376463393033356639363633
63343936383233643535303764633439333535343430356564336361663763336138366461333336
35306261383564653333323965383838646333326234626137313038663137333733636130643135
33663732653762346532643437633963356264373263313861633832623237326131636437653133
62636534306465356531373132343061666336646536616266653265373531626335373233653138
65353032303038386333303833353166343135313666643865313532366134356264613532396337
63373536333731376139386432306531613639643762613763323034343964363131633562373562
33663865323435643337373836373533393834383132323239346638363061396637653035356362
36363064656434316332393139323238626264303235643437636164306264653537336662613135
34616263356161313235653035623032666237326566373366303832356537653734633239316461
33333132383233373938626464373334646530383962623466393130343063626465383736303962
39636663333466333431623666636561633532663537353265303839313435386332636662663262
37393566633335323966363235643736356163373935303330623832323765346361653962373365
66356231386239633338356134333434623864613161373838323964363863326137343662323565
65663965363262373830343532646436616438386463383166363135373236343437646364633065
30343830343563346665356239353233356335633430633938333566636265613766313361323333
38366165643239336332616337616131303430343939643832626130636164666663643766326464
31376635363063346430656261626539343236363636356261333536303362626132373062323333
32373235313134353236366537376665353834353830626362616665653233366162646238366231
36626332366364626532633638356363343030613131646230346137643239356633623934363331
38356236386430653561646666343638643661356135623866306234636137386238373539636234
33363236333633346465353037373364613365623338366236323363613265356662383235626534
61303964656663623537303361616431316166373163396464613364346361613135643939633964
62303062653462316266343935643931626534316634303865363834376561386635376561376638
62656664333562623837316234313533396162646331363931666334626338333531643135623164
61306238643865396438666137356266386230366230363062333933366436633365376233393261
61656337663438333837396231643435633239613139643363393636303564653832386131633134
62343331636337393462643366636234663265613838343530636334306563623461383038306163
33653633626336343262393133393163633863356138643031653634376537366439373332376136
64646537306566306636666236616662316434623535626535613930303732653837376233623437
34613237326161646563653562303063353663353037323736353039616161663161306366633030
6164
