$ANSIBLE_VAULT;1.1;AES256
64646565363266316563633232616130373534343062623935323037343339626664623164613662
3330383564306632396139623062616366663561373834320a616136326365653539356139643831
35376464393434316563336464613439353366353062633139656164303662303437333737366531
3139353364306336620a323934306564366438636336333336376162663636326265323135613334
38343231663636653837333830666233333465303032306335376239353532373135336634623038
39613266393961343861353064303963646236613466613165646130633431613831626636636564
36393030396639636430616366323664376265323634633139616339613761303663336262303235
37343635363732383764343233623732303566646364623562386662313433643664303863383636
39323465363438636364613662313964656239346635393130313066626337306534366639616131
61666362303761653036643930336538353835326362653266656332383964633534633733666133
64653031633431393864343039653161623461313130623038323739396133646136383033643265
66393665343738666130333762316130393334323565326665653432663036396461373334373231
35616134646264663231323637643130393565373361663061616139316239343931353335363464
65613234346662633236333234626434363134616330646465643466666131303736623665643337
35353030363834363361633238373861303739663466626264313137393530383330636639626331
37333264393532336432333664303531663037653631393432386161643239643132626166656433
61633233363636366564376266386331643131386539383137633739646334363461636562383232
36343737366433353264666131376534383162613638356662306364666234653732643432343230
33343462616661646631373764346533323766383937363962633637323261366263383737343633
38353037643962313339636662616139346566643963396163393666393133666465363339323834
64396635623963663333356335626537666536396262323738363762353633373838633964326635
66646330356164393363383433346233313066323839333932343261373061326537363234653030
31346631316139383062336636663239316337393333656139333631656364343736646339653932
64653933633262323339633132333835623335383232623530633937633565313736626232646665
34316663613033623634316265336636656131313238383134623862663064306463383131623739
63636334313932386639633639303636653033313066323539303235636533653064653739646564
34386266346665333835353434623932383263353930663538393538646435316661303738653037
37336663613135376362646535333366373236333836613166343439336564633734366636623161
34643532656237646239643966326434623861613861353062396365366564653434376161376464
62303731396637383264656538303762646431666362343035633330373862383933393137396230
63383134313534303430366233623034383730336563373563633830663364396463653762343638
63666337343135303161353265313265353138323630363561633431323333383162656339386666
35646164656263383738633763326266656263346338646365613037613966323038326430393433
65646362303932343630366165623964613131366161386265353333613563323137633334323839
31633137646166613962393335643230326631643132626137333834326433646539356437383432
64636634633763626465303736623639343463333832373663643132383133373936333736333863
32343762326537313130666538326561633334333939326438623965613531623562663633663866
65356435393362363661363639626335633661306234353430313862303839333937393337643864
36663063386565653639336632636662326266383262373565633365653737636436616533643261
35306564366465303732396130643834353433653137316263623530636431653137636161333364
35396633393465386335663036626237363361633335366564613461656263336538666266613830
61326534623862383739346430323332633261383031383666376466636634656531666138623232
64393563323933663432396437336339333634383163316464666637383763313639306632393862
37343836333565303832313363363634623865633163646563306262343231613131643331623265
63623661636364373336656537306533303265376466633463346536386637393130323738316561
39313236326663383837343665363134666361383937303139646439383330643937636638353536
39643662383731616262623061386564623365373061393336313330396161316236323330646234
62333364313730323634326634653564373133653135623031303535613630363763376263656662
64303034353865306439303535393235343466613235643630623334393965626162626437626632
31383630313861656166363534643461393931643362313866656162633332303537333562636234
65383133303131333331653262386564633437373535363130666633326135376134613564316533
37613162396365353065666633356432363962663239373266313539353330386133313934383835
32393764613231353062653536646138613566303832613636336166303366326666646134333235
38376261383536383832366264313231396362373833626537383532306263316238323230626331
30613834653830626434306432316135636464303566393039383563643338643832373234366534
62383139366163616630623333376462373335363566643966626363633335613930623337313538
35613966383762616532313666363032613039306338653161343666613564326662656566326565
30623337646436653539353436343862376533363664653238313538323834393665633937376161
65386530626163323738383536353063313963346232303633376664626265396263316530383761
64623439356233623166306166383762303031616438666331343362323864346564363135356139
35663566336335623037303036363034356631346532653233386139313832663034343434376363
37626439313131323039636631313336383935663061326565353863353137626534623530323766
35313837346434613936663661313761346365643134653563316666623333316437393065636365
65353538656133653835383563333233623134303130386338336464326335643264653037656363
31616535386233636265346334366566333762303430633636646339323962663232313333373030
63623136386232656430306431663638366534663834306537343461353165353739336365346162
31323735663365333736323564373661343232636534393035613563623634326332333934656331
38306163626632643361623933366337313666326339663765353434323364303837666362303364
39363737323661646664333636623738643130383038386336386633316264336664666130383632
66653464333061613638396538363163323938333364333237663334313538343037353263343065
33393631633231393035376263663637333034656638353736303165653037326535653735656561
61363539633238373032613336646332636261663763393965363466356637356430346538303332
38353864346433396236303139623536663233323265636461663039626165656266303530316532
35353930386233626163616233323537643537646333626231343363393832353862356239653666
37393232306139343330626661396262623234623236333132396330303837636232396431643463
35373833323138343061323736643130613833323039386230333133636433653066353631626361
31303235333234303564336234636630313266366336336130303139373035303538343463616331
65623439333864626132653231373432383039343765376364333831346136356465623438613539
61386538366234326534326530346163303737363030323038386636356336306330396462633533
35386564666337643363376533323537356263323338326565316237623336383733303235323261
62373532383166386164653032313537666135653238366664636265616563333135636462333639
36363661383363656531373664316239333336643163393366666339666331653865343563633239
39393831396137376234663866353965383764343937373962336237386265396665326533653262
38633933646435383763336230323465303662326635656263336436643966363766306365636639
38323339623232373033393239363465633231646432376534376438663162633662363863336232
65613038353439343738636130333237373231643332386436363135376437323535376165343564
32393738363765663739646237663732396661666634623430616434353339343736656336616363
35643064636430336435613663303137316238346138633964383037373732316137663935656665
35313834643837383936663138626564656234373563613233316133323830663266376334303962
33656332343163353638313031613731313463373139393134373738313663653363323465316463
65633266373661336237313530356231633434346263306432636365323131396434653230373664
64396532643237623561323763376363653337353266626461376533663465386166326635363036
62333062626264343264323465376632363864643863633131373632363435623264326237343739
34343964343932613530616230646331666630666563656363353366326161646562663532363664
36336139343033663566356263663632633666313034643463306435623630393439373937353838
34363561303930356436643233396231663962623165306464633032316265366137333062326265
33366661366164646464656331326563623932346266346362623636363337356466616433303862
64643932613031396461323831616632386661616464626663666361613462363563306562613733
64386538386463633637653730306661323938333134333338346162353537386134306464623737
65386134303438396661666364346462386438616135333530616131376139386165626336663934
39333065303936373861323661343132653932386230376265323339613131366163376361373037
38636137646338663132356161303866653334663730653033633636396439613532633665623065
39326363613765616563663765383131633930393631633638643334636666666466353330663334
39323664643961333037363834613662363533636631353234373666646363323639373466386433
38656132613065383461336366646136363264326330316163613465663134656230303736616337
63333661333832333166616632313465643631646262656436623339666636396262666435623066
31323264623666353539366336396236616630666631393537633331643536376465333235316234
34363237333265623231623062343831373665313966336262623936646166653030643531356230
66376431303761663764313564306462336532626162386566313835396564396166616261363266
63306138303731323166636530353337643764336335303639396631376263626663363938396633
36383835333161306630393230383135313139646234313631366334323561303366353736623662
65636231343963366335356134666436306666616232323163356563383732313731383532646535
62303261383434626664623036303437633566303739653636316432353834303464373239623935
38376638633336326161626232366361333233326165386131653337376633656262643937323565
39393862343865373235316462643135326461643364663263613231396639623364346263383730
35623963363136653733613336393837316533356235636337656339356264643036636666316132
61653334383965333166313932373161323365353631366438393637323263633133313933666131
35303734613931353933396330323935633765323437636130306437636265333831383737653637
61303130306136323034396439366561366334356366346630336530643832326265383431363038
36306135643038373230613964363061666134616262363561353134356137333731363433393535
30646439353036616161656666663066623330613536306239616361346666663432626465633633
66636231333330363739396164366339613131653564653966386461623739623033316663326332
34616561323834636165346163366266623262633034333837653666343733386338383130626437
30396530666262353065333763663535623732613335353361353464313964643433353030376139
34653234636362323766653265643933653835653336656233303864313631643664393532636362
64393365333663323466383332373461373931333965393561653336323335353830643034623333
35656431313765646564623936383030386531643632616131336132366332656537633861313361
34383563383931383261306662326536653763383436633766383965333965633531666332643234
36343564393564613365636131313661616164343439386338303638303235383537343162373431
32633030383437323264616533306539373633643966383463623762326662626539373164646563
65643564363539303834633663303834616134623434336230363931643136373031393435373037
39363533373039623633303138656635343132353066663964616662373530656334663634326136
30636431646265396230656130613539393433313663376433613236616530323939623536663139
37343531316136306336326135656433363132613735666439323636363665343961633436633032
65316530306164666564303136376464653538373835386436303134633439376332393561303437
30393263346336666466333933323066626336353034346636353636626333363862316234393330
63356261323530313836393861313461386665336336313663353032663561613266323533643731
66346430653538613264643861633136323462393465656230653164386264386631316536313437
32666634623864313638363139383065646636613136316264346365633135383037373265363630
39346530316665393232656464643865383737373139366537616430353137343064376139636563
64636231333665306630363933306262633439343238343865336366316535333737316264646330
32396238653837393165323561613261666465376264376265343033383035616331383934633034
64633263626530316131643330666237366264663032333233613330663635623335393064376333
63386230393764396630633632386431373630363230333731316163366131313336636665313864
36303338653339323832396632656566646535356631303036656632613638653564636561383761
34356333326461656135653762356663373338313764336361333730353761653163303863656461
36326332643866663062313137613864333737376539313465306533333432323139353064353230
37366338306564326664323034313430343831633864373836336133333532383565643430663736
38343663336664396136396563616436613931333235323337303961366334623863633663376633
61636564386435393062316136306537663237376530353231623162343935323764643135373033
32323064383065336163303561363936643733613836373563613165343535623236303831663362
61353934633861343130373462323037376366343933306461616237363137373134636635376139
31616339623834306634396232643862356531636435346439333862316165313663366634666232
36653735626566303363633361303333633762363533353666313362613836316236303736306561
39383234396338383130613566633136653438313734373735663131386237646335663961636232
61633430616561303238663662306232313963643465303438333466313439613733333534353536
35383232666532376230313932383436343134356533653331643832396663653237643061346534
62396465373762663365633066613330396162623835353261336432623838343666326636313364
39393065626339396233313539316239323934326530326130653532623134363533633262363732
34363866313231666662663135303437663037376530633537316531613430313765366336366331
32386534343530636563613764366432396463313438343933326435633361353337643662663931
35336330616562363338313464663536393631363663373234383638623335313133333539656132
33643935363038663562623334633739383766383766343932393638356561653036636537383132
62646237373835313631623231386131666461373261376632643633353233663766336638653766
63653436396264386335376161363838623033313638303862373238643464353963356533613464
62333933366562643637333566363461633566386562343031643164663132363531633863656439
64366265343130623463376565333763653537623635373531643361323566366166316565643162
35623131653865363464663561663534613663333964613761663339336131663832396331636434
34663435393539613038343933626635386530356133363264623331616263343565313962616564
37636432336531633333333034346431366665343837323263343533393939616230333963323163
30633666666365346137636435306637356233633939333330623631346235353863653833313632
32316335646433383261616133306663363366666565383138393935343761376237353434333833
36343135386162363931326365616233353234343632353930376635623766366465663765666166
30313738326237303762623961393937316138306332663531613862643562386661336362386562
30656335626563626636636663306230306162623566326261623735303937356536303265393566
66656465346632653637376332613264646233653165663133646466656461643835356136363339
64333637393637346463313233313062646230646638393762323538643534396138393937623161
34643736343965376363383639323464353436383063306566643730336665663736623133363036
30623765626361656662313962373632383033663163616134306334653766353262343633316538
38303037633030663935313465633831646265313839666664366236636136386364323930336362
34373839323034323464376338653930366165373336333330323638666539363565346535386338
61653934643139323536396536373035326234613064313331313734326364323034656336623731
33663534333833383363393561353265313733376238346662376131353637396430633635626366
35623433313464313339623964393166386638653866373736396565306335383334633032626364
64663437323264616362646331663361663532656139613966663338306166333635646430376462
37366262316638613338633134343834636237333765613936376130386238373139663838656431
30646339643930633066373335653430616232343233613462353935623830646661373865633461
38333565356361636434326566643131633962303563343462353535303337336564643132636430
64653139373436666630323163653161303230383131313131336562646233353838393037393838
37383763356366663537383339303430393635623864393339346633383337336562373133363965
61653664373733326632313936613331626266386233663933653338633833643731353032313664
33623239303438383532393634323363316362653730623534323937333439376132646432623136
66323532356263613138383636646263306166616439356464343363633431663862306630653339
62356561356532363036326236363131313132346237313763346132323438373833636664356230
36323637633462353238626537356561393533313937383232643363323537666162306632376664
63356531376339326437396438333832666163626133353561333662373530393834386537633361
35353865333064333139643235373337613035356432323033633963353535363736336536613165
38376338643861633337633632333332373432306334343534383437666464353533616162643536
32313435626462366261663233393034653166323264623038353738646233323637663839343261
63623866626133336436353035643739373064383862373130633961633234333162373430633666
63303565323038636333303038663935383236333435313035326134383434653064643931643937
66333338306337373463323865316465653530653161373265343638343564666235623763343732
35396564303833336262373966333934393236323136386162643130393837376164613233623231
34663063373438383466353234343435666437613930313561323834346639326566356531353730
34373961366439316261356264363361393363393165623939396563316263643336383730626637
62323730343632613561316265323966616364353163656630353562373861306462323866663462
65616238383832393236636562643330633339656135656365313862623030373061363833353333
33326438343937366531653561663631363739636434383962623131346663656263633333333333
61383561353234326130366561393963623030363066633235323438626436313764383733336264
33643137393231373533653466323062396563323963343030376534663536613361616263343863
36373866643736336662633231316462303064623639666639643537306633623337653665353163
65626533663731346564323966613663656233393564633032333835663964633137636338366166
34323662343237393361363635626637663736336334373963643561326537623534356435663665
30643631656338363332393037643030393938663637313063376538663332336637626238616437
31356437303564333039316562366433353636626264393266343836633638366335363263666136
65626564616263393330306138646237316265626536393764373534336266616531383435613264
32613336333962646338663737653465353663393136663661303462623334646564643931643461
31623934616361643438323965343565663238303263336537313133343364383333613834633936
34393036633361653465343438666262653538623862323632313064316163616263316235366635
31646539653865353433643336303933633135383864363333323466633236653939303035386536
31663664346566343862373266663566666130656439326233393937616635653739373163313139
38636139653638313561663166623633363732353534316631323964666630366230353761643266
66663734316539613030633737623661653332363966306431386433326434303338313661393235
64356661346538363637383539346338313735303433343066303063366337343236303237393161
37646561353435383739373733343738393135393961336363646235623733316463386437373234
30656161363836363732643531363963353032306133643063306662313864336436323137386666
38633533313637343364653339343335633863313930333131626634643337336538336665386166
61303037646438316437323765376132653962633235623335623930626234303331366433613436
32333830386434613465643134623361323432313130383639393863346237363061396365386537
31633566316436396162303831313139303336643330646135376665316431646233376137633636
64616335646663356463313031383838303232323632316331353338316666373166636661653363
35343163336137623631366139363131373038653162363639666638363038323130636436396433
34316633666565323761343931656665643231343731633565613832323761333563383866383938
64343663326462343263383564636662376466623333363031653463613739366664663439313235
32623038306437653430636164656531623964333539323538396164623531353030633638383836
63323731373763386363653734633866336330333661636530386165633961353765303233343530
37343536666461383563633862653630653066666164376430316332383538353662336437333136
30366335363734656162623935623163316530303163613431633161626462623662343163613330
33336362303038383863623061663035323233383634303464313437653432393062323561663265
63366430666262363862623662366531623236383562643139656634333663326136343538393433
33666334613565626330633235326630336263363363616665346462646166313863363861363333
62663463313065623338386163313138623336653066623765393564663538396261366463313865
30663565336331313161373237306263663962626562346162313466626465616566366164633736
37653962386537646530663165663734626335663731366231323236636538646432386434623631
63366332623737356263346534343436313132646163633065356535393066333038623564656637
34323139643962643866623866356434393632306437353465636531366262623033386236333234
34356636306661626265343162376338613533393934326633393339396334386661353735343362
36363231373331666133353562316533313534643639333863316664363833333932396334643863
31326164366664366431633061316136346262303931636566313632333261376162653235303638
64623637366431313236633338346135396563666164643666356163323334393964303730346565
33393239336530633838333733306463333636663335366364623362313536333963613865613163
36326132376136616562663032663233343764633431613535303030376637366635366533636438
39333862306161323436613433366663386536366666353334383262623131303736623436343662
66383632373135656337383233386536323732333337336438346566626130373838313436326262
64386230393838656537353539623532373333663762646531646465343936626438333236333161
66376231373937326637393534376237653035663531613033306334626464386465343933663533
66653839646439373563613262336564636462666664316162373932396238396639636635306166
32376564393163393363383632623562336462373836346164386537653766636535303461653939
32333739613366326533343437303132363639663463303135303737343936343132323466306461
63313433363131353437373961613432373937653638633231346630313665653133313262626130
31366637336530613030303363643236333534666366636336656361393464366131646333643463
32366665613066356234643263393664666562306134633031313630363964623336303363383261
66643631366131393734613532393065313639323537313565363735313236393535623838373335
61383166393231613333383838376337376364333436363762613764393565343234393637303532
37333632346164313536613562306235656430306232613034393939656133623766343562363166
31323661623761303533346235643662653732313264333737303462326263383437663738633236
36666230333163393736666233313535396335356235633264393262343739366265623736646662
31373330316533366130366266326361613435626265393334633635633462333337383632373565
32366237323961386664346630346664383237623335353137316461396462366661366262353732
33613461356535336434613735333966663637303734376338366433643362633034666562623130
33613839643230363361643461303365666636626333646432663465643337383864653636656130
65666630646630666633663538393730646633613831636632633461386233633637336665663265
65366233333065616339653734346661323566393931663435633535613837383431366262396630
33623430663734346362656661386135303561643931303939663732343737386535663738316233
31363466303333326539613965353137313938336463643330623238396139336161663734653835
36663237666434653163656235323536613563653839663038643131333636666262323361383164
35326136333336333133646634306432306334656436373937313565613639343266306439393635
66653461306534656132313431353235346531373364393764326266316264333233663937653632
37636139663066646436373131653832366264383932333232353739383234383039376165626239
63663962636463306362333335333635356637396165306565383137303863393333316238643938
34343339316238646435363666623131633862386663636661353832633364343631373037333539
64353535663637613765396239346261656233323863376435386465313165653032623433323030
34636337636133633931633130376364616130616337396535366330663035393861373736386236
61626336343164303938633164653631343036333063323635313839353364636332356238646231
38303234393233323362313335376136313730613930623265623739376264333032666664636434
35623534303038306636303431303830623033663330303538366165326262303033653863646435
62363036373230306335646230326362316263363739656438623831636239623332633938623930
35656336343234646163626432396365303439616436666438623530386233613437623533626536
31393861616231353864373435396432346332396231633433383638353765313435623935663061
61663239623039653639643863353562323766653830333962376362343435663038656664663134
35333136373530393836336132393633396638613939343765613966373233356238373638383133
32316130303936316362663238616633376164363135373633353335613231656138316531643561
36663636343866313264343465363864343136633930313762663335633166303530383662616562
64333034666563313462343363646665353436346533633538396263313465306336383430343537
36643335343537653134343431353263666663666664623034653431333764383032623962303364
66623361303639313938373336383638333031343939613561663261376339323762666634306537
35633633323666323638633365393537386461653632373064333337303433346433323863383231
32363166656239306534623831643531666536643930373739373366353066363765343364623231
38353830313132313232333862316338363737643262393464626531333732656638363635646666
62323836633864656264323038643334386630383036373730383464623433646436336136373461
39326466333633343734656438663038353062613230343035343464633166633833313333313439
36366137366463653333353261393064396466666163396135383938663631386338653763333930
39646366306534376365383035633134333261383961366437663133323666363065346436313266
61613635646235356332623861616130663634366265326338616463353739623761306363613066
34356536613262333530383161333437366535356166663230393332316263653363366235653330
65346230346364313765303464346338383761333936373264653964643930623766616138336231
66373264363865633532356261663235343135343938383637356132386230356234666435316263
33316131356463386330326632656637313536386335353331636239306536333138393534653263
35303137336533366137373237326665356461373235633637353738373438363964663732313333
36663232313462646231656338313234373531376339636562666230616462633266313433313533
37373831363562313161663837393063346236383336306436636536373264613537303031626366
38303964613762356366333037373362373839313436333361623138613433656230346434383864
38623837653937376134373638353164343539636433306335643837386632623332366138343235
30316439316334333565616439626436333765313031613233306161323666646365646165613837
63666133396539663862656534623135613163333964306661326638326134663235313535653136
31656461303739623666633639663136613034643365623134666665613262656565306633636138
35363964663365343132393665373136616339333134383937363337313833626264626434626539
66636238343534653633363739386331393565333731343337396563373963303163333966633737
63353130613961303833306131663165643638333064616665306431633133653063336261343036
62303831333066613334346565623164636632366231366336373263623735643165623539373535
63613038643363646164616338393034646562613964343531313761323833613364386564333535
35373566356363376432313639636634353136336630346635316636646230653031316665306564
35653235366230613563313431363234336332643164376362316539346266356266626637336461
63633265383937623537616231663437626631386630633032376638346664343462333665623061
61636561376237333066643136346235623830613435633834356531663838313930393338313463
32613966616139313133373734653238653236646530303733333566663937343334376533643833
66323366666366326265393030343466343830333266613334393031363537366633383661346261
34613736326538313231646434646262373966313231653263383131356334313730656561376137
64373739366666356530336532316439306633373463353439333165353835663434313337653337
39366435646333366432633761663966663664366161363438306434303236336432613737666131
66343965623336313837336566663139323835393235353836343563393639633735663334343439
37336563373837393931373861643739616637643062663964333262363731303234343736663361
34653766313962366536326535626537333865313432663438363839316637636466356564623632
65326132646233613365643438353066383237303935343831633761626235623365393764386335
30323031393466333130653062323638316632626531663161643831343138346237616563623864
31393932393837363164343465326463336633663963353536633364633437623839396462356338
35306633306139633734616631613165336263633437343236343561303036376337373830393262
61386135623437623537323233613739646339633737323139306136663131623832336266646464
31313934353935616265306566303462386162656239626233363935623534663764626565366637
66326136656634336139643963323033336637663839346232313436373834666438373538376630
66343862626233323963323266636537363237306661316261626637313365376237303465626136
38666266633765613961653532633262653566376135636630313937306432666565653764316333
64396139353831346230613632336163393737623663313062326631636562343463393134323066
39343363303438353637616237353835666531306532333461343934633563316439656337363435
61643666626364383031653963366339326538646333313332663331376665306166373335313665
34616661656238396233393830386466393637333137303131363864623739656665646239363465
65353365353832393032633161356562343866643832373339333530616432656165633664353331
64313931666162383861343031353634616633626539383633663137363936356234656665626534
63383663313632373230346539616239323539343637663066323635613331643762366536313464
66313037653965396562613139336631306636393762313034393265326331383866363563396335
61383539643731343834376632626561346133626635303932383763316664313938663633663637
62393766656335666366396361616234393438306232656333386432333038653464376236306262
33333936333362643036636337373664643961386365393733356435653235383136643561313132
32643434303434396231633336613830666137386539626362313762326265353165373664326134
39363461633435366233633437633039613433636563333336633236366639643837383039646664
35653363336134656161353633633035633564323232356631383962353036663638613164383434
33393532626236386435623532323936663431653863303333663535373030653933613135313835
62326265343231636661643735663765336637316232633565666231363566626533643632393533
38383931623132313561316431373161376234393134373130346261633734623038663963356635
32373763386631636666636339373238306435653031313830326666343235313261643866326339
30623733616337613331383336636265383365616334326364346337373835636365363334346136
64306633363236343333333439623532623166383338316633376666373333623135323236626530
66646466626633356333616632323434326431396238323763663463393164613232353761356434
33343464346239363139666333333636356132623837303061666435383134323063346339363766
31353666663636323630383539326566623631376662633661646266336263633664313130313761
33333062653361366430623961353139373464363137643765396664396531316662393132323636
31663438333739313933663366393737396536366136343837383065373861643962353066333031
35366631616633316432366165356339396133346537656539623266373761333063396563653030
65326631376666393562333662373133313331663638633066613365323763376330633564376461
33353263336465303563363834663538313034633137356139626537316331303935323032633462
30656666633830383139363033623565613466326136333839346232393533613432363838313238
61373565313535616630396535336234316430303666386630306130306635616432306532346437
32386666353661356137663438643562366264613164643033656261376531326237653430306365
61323262333931323139626465613766346333646337623539613364653335336261346261313536
36666439346433613136383135393264613963623032353439313839383065646336383732666235
38323434343264333638356631323535303937643864346632633130306532613933623065653737
64623138303466663035343265356564626161313532376232373562666636623133383361333038
36613034383834326166376635663438646164316366393239643936663431336630656635666130
63303930356262623635383136633163373263663431383832303734633034396537343361643231
35663130383565633835393763653163613463396564626566653734633730306337653765313530
31643130633063666639353661393565323463623534366530623333323733663537333236623535
62363565343137646165646136393234393634316136373434616664303336653163333035643937
33333034616464616431336338323765653839373136363561333062653437306261373334346538
39343365613862363630383165343164656365616439386232366136623737653030613862353732
33383638336438366533356535316465376263313730353136613239643135346662393930613666
36313633636431383634616233663731653336386235616432646232306235363462346534636565
38386632636431373434306233373733666432366561393062346463633562383130343865386330
32303362376665373364353965626365383036653266656162393934353235343438626333633563
36316338643865386666633662636235373263376639383337623631356333643262316265613538
35623166653437636136663566643964626439613738316533613734646539393833613136636562
32313338616535643638653638616632306538346135316666653566613263623733653161303765
62326531383532346565623437303734316437613338366161363130323734333630656630313864
36653434366366383237616461663665613166363363343733393564643231633230356565353765
62383063353537313338313962656434313737353362373336336234376132376434613761663039
37636438303861363539343265366534313432356638376439313665343965623930366338656166
38613162313434356631646334343266383336313565383761313336316665613831353433303334
63363237346336316632333762396633666361616636643166363032303834663562653035653764
34663666666266613534306235666562626631663331633734303936353837303364623438333138
38373231663634343064343435666464306365663337313833616433626264303435383564646635
64383163356631663362643932383465343232333966633563343537333732336262306534656331
31343235613932346633323537333266666233363064656663306136643761306536313634313739
30363031306631616531623662623633656335383766633338663361313430633134623662333739
38633830353766626263613835353235633064353732333631353661326663356461303938393763
35633136666663353837636235653264656265333031626334633438356136363935333737383238
38613662343937306666353565613663306161383639373737313637643365366138633762303931
63383765633433333932316130336665653939666538373036346162383834373639663633316639
32313162396362396163343739636138386636656131363936313163316535356564636566363261
61306238653761333561366132376631343461656363313665623237343630323838306538343936
34613364383463626138353861386232383161396339366332393332633461653032366263353532
35376364333032613565376461356432336233343338343133646330393138336232303739323434
32636535666561336562626666356639666630373430613564666163376431303365373435333537
31323337333266306139653934313536356238343166386131333231376666386130323363336436
35383138346633323663363139386239613565323334633863323739336638316537653932323062
64316433343063333563613231623035653930396533363232316439363838633236346161353439
39633435343534393831313536353933663130633936623635326365393365313039623666373837
61373937663663396137663431363062383338393433653036373063666231623163323233333266
63663235313634366465333663653732303034323265323033666532356663623066663464313037
32343638373063393265383132343939373033623735656563343136643164336466396563356635
37393638353239646133626535613465333865636634366163356334626464343432383431373839
37323266616232386338313161643133346436333937336430653634316637626462343930666335
35333465366132313261333133383562663039303635393565356265626533346337666664383736
66303234373763623636386564613762616466613664663334616530636633666263656430376237
63393233353763653338643333303966343238616465343063333739363039386131616665323966
37303135623830326337363532666636303337336238336432346331393736613365353330373663
62393366326334323536336234366434303464626234393232653333353034633362343963613733
37373736373537336234646634626637303165613432336361313631353739333662646437383736
32303535323334336366383864633236303263633839663161393566306462363537613762623966
31336538613930613038633133366262626332636238353364313462383466643763343534613836
65653536616433663335643930613935323231646632313935393261386339313734363864353337
34303337653235326663633434626636306436303132393363363465313565326332373334656461
36336164316135336239626636393561613565666637646436316462333866636663323538303363
38346432316434323564356466313164383862303937653332383661343431616261663238326266
66313730336463346237613633646633633566666364653832663835656133326132316462303137
35353030653732366533613965633138303030346661306336363533663064353330656636656365
63376364663562643236616239333865613634393533303934373633346139656433303135356365
33356231333565326233343939663630346663663465333363353465383834313731313334623066
36336535633463643139616232386464393130336638653065393264666432363365633139386364
38623836633637306536386461386237306261633436313865316663346334656336373338383539
39373266323462376337396165343537396639663265376335666132346332316362346130623632
36313637326336363962613633643262303335336530373965613065373530303863316437336433
61613031386166303536383031623735633237366264376364656537356135386662333265386337
34373436313862353336336162656232333963396234646132363763343164626364653437363935
31333734616633336162363535326636363834613361666331363439396363323633326466383561
61616261313736306139633436353135363132383539613739613637636365376666383335333433
65363032646562366432333734333663336634353561383637653638333636363261633233623231
33643734316162663936353432336333623362316665613739303065356162636562666134313462
30316235393931336534373461393637613633313635366532333336383939666233643637396265
37663836313763313239373763363639663565376335386537393663626337633366323130663431
38323864326162646437633233313538306239643461373862363163653233303033336434343638
30343633323138396565376366356432306462643562306634373733326665316165646237323038
63656633636161356435653038303461623032363464306531666135616566333239623837633064
62343661373034303834373364646435343835623264333038323066353362303037386134656436
33626133643232313738306639613036393861303265326331373536366464316162623330303033
39346433343265333333373035373638663838643830363736393038316539666437373338336539
30623230626133326331643361303534313965613661643832356361666631616133353937326635
35303033643862613363616339363739303164363730656330373932653135663430636633306339
33313939616438366336643964336532353436396330323235323162663363303231313638346432
33363030623165303536366131303834303965316439343662626565653836346563336338323435
34653137616537393565623463346362643434343637333838356634376661303836316566633434
35653765346266373565303236663830633733333931373032633738383331633335353764656363
34323361353439626631663436343232363763373935656165396132383662396331323930373631
31356539396565383237346439613763666235653436653130626566623232346334626338383039
61656163386131326238373131356531663339343536656230323164616139373462346339666466
30623963343563386263636536626665306364373366616463383930353833666164653734336637
66643439383362636139656564363065306235336531626537353833653739663038313466646432
61636466366231373133613838343437633439626662343636643434323163613737313661373365
31386531646363356163333332376234303730653636386431396339323939623361663838653531
62366365636264383231333831313066323838336261613230666563313434613535623737346433
30623736363238663330613237316332376365373562613235323065313663616532356364643265
32363738623839303533393164653233396234323466623734303138323133616630303730313538
30386439656337623862323336623633626133616237333734363961623366383863653135363434
36316366333162363239356230333961396563653034363234333734323130396266326234333630
30366264333433336562633366613636303535326232633562323765613138666161636632306663
36633835633532393737396239636135316462613433326234363231346534386137346165383162
63313833383339633331343364373535323964643934333038633139623766343634333562353839
38333236313932613232313938323839393133353835623334636563643834343431356538653663
65333162643862366332366438613438303537383534353834656334326663376631303137333363
36616633363133323736386430623730626134363761386431363137373739393431633537316361
30363238633932313432326630393165653535363961373934613939363765653232616266656635
35323832316138313131333936396333373765633130323862393163366539346132306666393936
32376535366639303937646630623161393665336662323937623932656430656231363732663833
38336339313938333139643662343231623837323330316564363636646662376363316333373066
34323137313635383537393934386561373936303566653666613765393762363439343363316564
34393730633536633433643432646134646437353261383734363038613134663765356136663038
62333636663836373264353334323564316266663734383034346666323138646135323632336466
33653839646538343262376334346362633366323530373833383362363937303137616431666364
39396434353139623531623137356165623339663237323238376535643561616562353533653236
34656638383537343334373434613733663837653033313939633537323236326363393734303131
62366337653465646333366166653439623062666634383237613232316335653830333730353037
33383763623466623335316464623362356462336136326138393236376233653666383338353637
39373635623462303661663932383735383738623839346438626630623765313637656461626433
35626139626561343632383937383934623538616535633663366436643462633032646161323231
61383435663731303330303532373537353365343532663030633239653839393461383364623831
61366366396566343839363964636436393739316539353238616135663131663861313336396534
34393434656465393139633036633762376530303864346365306234666336383038663864323730
64636631363735323964326131666162396262613461363134323937396163353134363039643333
37366239356535653338346238643439643033303631393932356164383838323266666139663735
32373231373030633931643832306435633733356661643932306466376237363461626563396266
31333039313339616461643034343530663831633139666261633838393565626132636535333964
33356131396133626338326533393437336662323035613765353763613139653438363662633531
35383666633135643666323366616261386538393761653562663665626634636566613539636264
33646138336331666263653761653162613832323664643035353534326439396233366137393330
34656335633039343964336630363737343839666466313438613835393931653863346434393238
32363434653864303633646134316630363932313862356637393262643163363635346164623038
38323938313763636131633365656436336439656639343664316534333535616261383463623733
33393039643032663936643565653737393866323135346335373566633534643030663566333330
36633332626333356138353066653864333439363762343462653466623763343065393763633438
61346635333063616534666462613561393263396335666334653163313463656430383337333166
35356561373830636234646535306630323836666435653832643335393633643630636338623562
30393566376166326532366564333937383161363466383731633839363166383034356139626461
64333639396466356534313236333662663865386161646333633632623866373234383865386265
32666463613966646165643837336536326461633633306162393338633035636163623466343561
32623732663335633462626361383862333761323339626238376431633032373565636431636131
36323233383230656462626439366432333239393334653939633734396232643266663532373132
31383262653838303437626366373935323230363863326263383939646334616337656439316632
64663131633132356262616561336139643930363037646539653961343564306438636630376266
33643166356538663835626130343838663865313139356136653533383961653166653161623335
36303435396630323533653062633261363532396132663963643566323463326361633763616633
33623934356363366330343161663837303132346336646337336537323561303738376331333033
66666236393937313136633539363036396464303464326565623765323362653964373964356261
38633037373435663164383638336431613034303266643433313666333030333239663433633433
61323130386530343261343061653834623630383938396638613535373239363162613662643362
64316433316361666438613036363136323063383939646564383431636361656166333237373363
32366130613037653564623365636631356138373131626462323163316665663861393836633563
31373635323065386631643464613733333032613266663439613965313532313766346632343636
61383037353638303964366238333264633061623835323430313836353164393339323739326431
32396365303363393439646435366662333736303438623264623338353766663663366435626339
64646436616533653334333037363133356535306666396562383065326566633830373537373931
33643937363839656637633039306631646362666565336464363238353661643065346635653163
36613034316234636639383633333937316634646539353533353633666661653563303531613034
35623261333265353062653731333566663462623734303663643834326236626137643631653765
38386236663032376436333763636535383639353862636365346534616535616636393163666266
63386335343138336263656636303766346235396134393433343033616337326636353763623161
35323864366630643666613862393865356132323664336238623230663732326330363365373761
65303966383733663033373663643335303633646333363561313635386465373037393939623961
36323961323430356333303963316633393537653330316166656665366366356637666336616337
39313635626430636430366463666439646633323736333066343064373336313865643237643933
34336165393435396461346237623533653930616266306465353434386265393263656434633261
61373233626663333831326261636536303937343839313935396365373130326330623266623462
34363432313861613037356134363261636262333737653665656238633939326338383134333066
66616637396164623661343362653531333435306463393932316362343537633366643239356334
63306633366234336639663532653833373339613331346239653930623332303337633533323961
39363966373566303961356463373837643239393436303237306635306330343432356661313032
30396437353664363632303230663632306435646137336338323033353831633336373831303466
63616566653636323930353764386638393932346631646338326634656461396235376263613930
64623964356333366132313133633530333130336566623666326330323038313437653162376636
32633337663339333736346336393661366461373937323730653930373565303435636330363962
34623762323832653436303836633433363965623062373364396533323563396630383864323638
31366266636334396637613566313132393337643438636665336537663266616564363134353934
33396436376366383231663030623030383865623265343765353533306430376462633534373536
35373862366335623437313636306361663464323562653062323266623232393834353665343365
61303830346235366631653535383164303732303530333962326466333865313830383134326130
38326563383039666663656438623439353035613562383131613436303763323035623639613438
64386639376233343561356639626161343762393363396430323031633532383763356163346234
39323234393032326338633435346235316261366233633437613561663237653631623538373431
31376436613835636536316361333062653336363435393034663832316164643636643866356265
61376534613733313131363533313330336539313962633437663033613366393432346238326361
33613537666637633435623733663031653036366536356630336263653036383438333432323039
36393530393031343938383463663465393338323831363132666539656139366338343031303765
63386534343466633165343137313337306561353135646363616633616639633966333136633530
31633531356130313262623133646466326534636431643930663930626438643635343265313666
31313464356635346639383633383836336531346661633536346662656261623164363363303537
33313731663337343130306637633565643266363439656138363036333732363535663835313733
63623936663433356433313764376164613464303531303931383239616665346563313636653334
32396235343534313432663237626532353962656636316262653832323862613932346562633261
35386533343061626137366137393732323233363435376465373731363133366664656431313735
35333330393037393731363666393338323338353831393137383430353937336138373039363066
33326531663230363961316232376466613038366630636531643462303362663865356235633935
37656535663530393038666666343265373361616536336334656434323461666532393061373333
61626234333564373865643862373661323964646364636465656134356236613132396161303930
30313533663337653236383939333663613635336231653832386261353736336161663663643062
37646634326331386330343361646437653966383333306264646634383163613836383364643831
33336463396532646264363462656238393536363231646236653661356534333432666562643337
38653235333233333731663238633434353330373763333837376462396337633466323264623935
39633233386536353730363035353663356539363236353833653239376162366564613139623166
33353465336530626465346635613538663161363735623236383964646462643932383766323336
66323933333935356465316138656361653563313062393336643733326463306537393839343730
31623836366262333562333761303766306664633265333566616437313265663662613234663931
64393436393535633037333132656635333936353561363236623835363739343466663539393661
63643338663738313963666330666534363062636534333835356439636132636539373730333361
65626261623538393230616631306632613162313863373830386262353362616639616537366131
39353465616236636664643632346161636262323838386464613030356262383635343166326263
36316431396363383633303136323563633635353939623135366235373535643833623438643333
62336563353566313365613463363036333062383237396431356130326566656535633361303866
65313261373738346631316166313764643730646530353837666132623865656337643437653762
30336463313164663530663562333333306562383739613339663064313533353034376162633462
62636332393263343434643263336561336230666266616635393335633834383765656537383663
66396361323165363966323334656234613562396331633561653839386138373836643839626439
32343739393733383939336539323564623135633135343062313166636235376361346236353239
39346630613734373738656166303766316463616631613236336465616436306263653463613633
39633864366639623962613532353735343131343534313866346230643765396332333033633863
37393139303463393939356437353131343835666566363162323130613336616331343531666464
39653039613263636632366166616532393433626166633066346532353333336439383031613165
31346564373938653533656331653664613030636666356162336264383735376466336338383965
33356533353931393766633263373631393536353661376137666166343566303037396536656530
37383964636232356638613939663366356462666433343131366333323464636162396637636639
33643135393230643066346539663765323837353835646361386365306161643764626561366163
36636565306637333733326334376439373636303862333239643137636137626534623761393263
33346664316131333730396436643261356435383339393934373663643361656363646562616539
32326633366134653235643835373061353633656134386161333032363339346261386632383235
35393636306630383664666266643934663033373763613637633631336565383563353030306137
65663136356330363462363036666261353238343762616364653638323032333166656530383135
66633131323563396537613339363463303363343966373662333537626265303266393435353936
34323739653736323838656139363330386334333930336338336666363032323166363533306630
34356565656561356562656263336133326232376337633864653964333933346536623631333734
33336531326433356534353365383866383231376562306638633432336431343034313639383863
39643138383938343964323337623335343636323238326231613365666131646536333163393933
37376539393765313962633631626431363132616534643535666262383137376638343161363735
63383163366132653866323938613638383132383965323137373334363263383734383739373863
66646361613637613536383730663334336238633566346337623437616636643464323839623832
36633464633162303263326663313837626462653937353830623963626531313537666262376365
63656463343837333739653239346135326430333163623338363039326563373037373564313834
63346234363562303039323431636265383432346338343735356564646534306232623862363839
39346465353862343861636238623538653731643438353934333734353038366430646537343039
64353738666637616264346636343961393261363763656561306263623965366236616664333733
33393466303632623138386566303931316139363037656633336461323735666462343665316138
65343563666434643733326430393633386563643331323630306338666463636536356665383833
33343931363434303266353834333966313839336339373161376464623565396437376134633933
31623436626530623433653631643639656432376634393966633462373332393438646537333935
35353333393630313732303732353632343335653231333535313061386433363936393730633464
34306132653966326561646332333238643036643739613132316631653434343632326236353938
32366666343231646435623361356661616630666438336532656565346438386362653630656663
35376661626364333365666230356664393035636663616231353336636631316262306538353762
33666631653437363466303838653239386236623464633637626132393965383363393466653334
32323837653936623630336666613539343665613333396539383838353866383866336536393264
39663563373830336633643032393065636437303362316337376261666438333065633835376166
34643263613839366431373139333338316263313638663437633731356334633636666662623861
65363534373835313465653438343739646465363936326231666462656562646466346563346434
38666462616661396365323933623330633363383034663562353866383037313365623165336430
35613564343431666362356538623534396266373630343763326565306132363662393162343937
36656663393637643964623365303238353062393134313633656236616135666461393731613165
38623337313235356331643437656164623835643032663362653363663432306131356632653462
39666365393066303163393631313736313939313536613933623130616436353930323534636265
31653166633864633239366265336166363138663831336139373762613464623431633235613164
34353466336530613138646232663861663736376564393430623663376434313137623766393533
64396261363964613265303763666339303730663365613264663061656665656439633931666661
61343363626534353735353766623362333666353933623035616239363832613064616533303138
31633138366363643862386465313265623362373735346461643135346332613265646333316631
62373065366563366232386535653732636438383535373163313634333437303437316262643538
38386564316561316430656365633832326633623863343136656238663236346466346237633138
35346138633361316633316365356236383163356162383262303034646537366131626562613663
66306362393131326265363061323834633935366565633965346262383131333066373562386332
32653732333561366464313638383231346530333630623439363630363563336262333337343134
63616661383932643230303939636336303634313734333335613037376539363162646266333236
31613665343730386131343037313863393236303832653832616165663931643837386238383130
30643364636433356131336334386361323063303932656535393933343030323962393564353362
35656437646435303766666130313134616335383533306365636539316265616336363635623639
31633764373536633665373233633061346231666563326663643361393563373238303133333937
33326333336236373663623137316530643637333138626635363264616162613961386131333031
37323738623462306637343962386565316134623162383139303965643366343835386164343561
36343931373436636331393766306562643163613166633162313632366431343232306364623039
34383863633839666363623739336233393662323834303131393165623630373264373031626661
33633539316537636530383062336339613461656661343566343631393637653334336664616632
65376263323535363433353631623631666462393539653066356565323430323831396433653336
36653964633166383934646462383238333933313539353733663861336132666565306164653064
36376333393432363062343864356366616164383561356565666336383263333961643762613562
64346435333238373937613865653631323765383865623134396639326133663265343833393735
35356234316565353634623232396363316433356565653833643661353436303837333035356331
31356233633132383732663834633066353435646337333662633935393234373430656363303835
37313131376438333665636261616163396234386133333735353736623438386538356236666133
33653933356139376138666466313966383364383366383537366262393833396533633239333330
63633436313430376531363030626433633838313261636631353664636135623863353739663433
62323335643833623438663335346339333436366665396265353938373664333835616136386635
34656537336166366266353635653866373435313338393931653535643838656464346439626165
37343639383632366435363939306661623738353032666564616566656132313037636466633537
66663733643462303065386161613032653036333434343931376436393432343139666663343961
34326635363066363333303134643764363239346463373866363533326235313431313130613138
64353636346337376235333265313630363337626562363633326134326637646365616534316130
39633035353939333436316463383864303462666462376564356138383733316139383862623763
63633462306636646662656465333737346164393062333330373932396563373137303461623239
34653161376531333037663830626234363038376134303965363936383466343737623933306532
38303764346237663962303763336338396664393065373861663432666566393033613065353537
35373137313864636630623231323438313863343838363832653739376664623338366263303637
36303665336530346634643538623638326165643761316337316432386331353266636535623030
37633563346331656362626537373331303534333464373433393133356430386536626161653139
30393633613639316163323236373730616335303631636238663431393862323634353464646361
33633130386137303662383163306366656637396531356662386461613765623964623836363730
31333033613933636131323936663262623030323265646639333033303535343663653139386265
32353364306435323937316333663232376564613263663662613566623237306536356432666263
64346131636563336464363736303536653338623638623435306133613733636162373432343261
31626565363139623834373133663131376234383465363033313034633966383530393237343732
38656463393663396435323033306365656233376265653536353130633866663534336265333461
38323231316639646338653137376539626361303262366337643539306364303037643966396433
35663366363932333561346665663963346538643738323539636161363366613264666363323164
39323163663539383261623331356537386266356463353361363831396132363233653230323637
37353764653139373534626562383332613062643633646166666532613731626165346534343263
33356337303566306561616366363166643830396461326163616561303030323430326164636364
31356635633137333530383533643734306131386139383461356337653138316665353430313237
36636366346133323534343139626535396638313236613566386361373031653935623266316539
39326431323865336433376237666336313463616432326563376565303565323337633262323666
63393835646435303661336536623634376134303533376236656231353662656134363334663366
61633733613963313733396165313762623563353339353864666661326634623834316236303436
65356639316434363932343939373636346138353863353736306533373439343861633931323866
61653538643037363366323131343639316633633837333237386462333664373264656637333932
38333732666439666665656536373938306662633165313365646632353563343064653934323333
63306339623862303764643062366137623932636564363064656232616335333532623561356562
32343632353134356230333237653236316563663062316163323637326539313730613839396133
39623535376539383965653466376131353932306563623130326434643236353032646633666339
39303731656235663532636439343061313130393866363139623064363236373061343664333436
64666139326264326430663334623565333139323137306638626264656332333666303333366531
66393530356133656461376164363561346236616236653731616337613730343866323937653731
38376461306339303435366238666438353932353937613266613263616135386431396165616539
63353239643364623563643438386538626438663039313765636236656130366233616336626262
32643136326234653761353139633337326138393939396664343331383734623461633133353930
61663937363161333436376535646631383864343333313633313938623365316133313931636636
66356462363631326262653362363964643635343666303032306466653437663639343565343430
36396630656164303130653135316433633334386631653530373039613564323138343035383632
35343135616162313139323462643134343066326464656661323361636135313935376161356562
66626263666563346262396165613930376236306130653064326161633036323166633362383332
31356530636439303765363864613136376164616266633232323237616437663964326137366466
31333339656430646332336361376134656631323465306664323830313761323131666661383738
36333138656335613865323963316230656236636233643133636166626161313162366262636663
36396165393033633262383830333432643036376631633335383864626138653735633630386162
31613735303433626261386661336239383432626334646363386565656538313134373738653635
33393438396362336335363161616137396531333731343933383531653938393835393431623466
35626138646564393935313663343366313865643165336635393430376462633039326365393337
61363739373437636536333332323837336238346564396436343639633463643862376165343237
65623465393463303630326136643139656238646266323165316462653735363163643230386234
35353537356431343135623163323234336662653633396434396335616436663133383362343238
64373736646663316337363036356532666162666363363764663135663539663938363365323630
35323338353538336266356431363064343665336561326231303137333837343131653261306434
32316631633838326230666365373062386436343335336533666633383235653161653035653933
66373135363133623636643164306431323530366435333563626537326662616465653335626365
64383462386361383336356339326265353166346466303037663838323366323132313832373563
31666661616631643365326433653462643862396666366365383031666635613336313933623463
33383737613862366136656231613762623133393863303432313139663464616162396631323733
37363031633261653035363366613035343335333539376431356632666262396434343562363136
34643136633066363065626435306636303534643164326434623464663232643963636335336430
35343538626266633231313633333464643262313965663430333764383762363235393434633037
66303435363839646130616435633162636236623765393433653135356665626233353063376662
32393265336236616635613737633635376537306437343363363834646365323064643933376666
32653938646337393935303935636438353462343266323237653938623436396566316633393937
63333366626237373739336334626133363363343537383864343938656334343161343637366165
63616233656537383734626665656337646666613839316264626136303862636333313063366161
61343139336662393139303331333836623563306564326131343461346434623431323663653233
38373532393930383163356636653366653735336631633765663730313436326133623739323734
34353233613065303632623262346461376337653630653863376531373866306230386261326666
66326165616139663332646366333531353038373361643539373534613032373936666662643763
66643862323035643165336261323062663232666432363339303033323130333237373863346661
61303663333835623436373763663763636366303233623436343335323839383863636532333736
36376166353135323062343036623239613137666565366435623132343036333462316235376431
38623261316338363636366231313039376366383932653332383965643735326162353437373766
66633664353134663439646630643962383034356563393132373738653938316235393065613639
39383062353465643638373238613036336432633136666133363831353731626163646531643966
31326538333436656462623330386138303231383330383261623032373064303630353335383331
33633262386364663232353465366637333535306661343666663064636637666262333130383962
36356232323832343531363536626536646137336663633334326637613062313336643166356433
37623535333339306437356431326663303130323735303738363162376666623435643034313538
65623930303566353635303537636165623532613238643738666330316465343762306435336435
61393463356535396561353561326133623537666436386137346235396661356664306665613266
37383166383764326564663564303538356230303435363164383463663861643933636464323161
32643166623262313663646638323265353438373461373936613262613230316532666631616531
32653135636262316637646166633062616336376462653736323261393633366430303865373637
64386437386335623036396639633436363338303339346133363639666530663931303762336563
39376364643837353765303963643930346631353930366530353437643031303533373039313564
65633635396635616466343933333138333537373030653564336332653163383266313636373237
35646666306239633933623031383462663634623463323564656563626261663936326563363262
36613633326637343966313866633161666562616434336231613935353961623264393933663834
62643061363539366634363639623361666334373333646538343636313530633533363162643330
62363361623730343234313033666434376162313435656566653063376663333436313838323165
36633262383339616633333931346263613038306162333237303465373034326663653661646335
33323637306238386330333631663765343264353832346663353934656534303236623739303030
62613332646262653130346432663563393866393336646566346365333037643738353162373632
36306563363662383262386133613936633535393665313139336532393232373238623363353066
63636337303335306535363536633432626261383137313930336336653034383438353263306538
31396630313463653861356137326634633331643566343265356365376335386562643866656566
64333062643534353537326137666336383436633734633665333865643234373238363064316239
38396162383239623732613631613161393736333338636566303834356531306265623734393939
63343831633437643164386534336566343938666139333232316462313762353837656230333663
36376164353432336333303362663438383536336632336564666631303537626664376466613930
30323433396235316461333234303234623937633837316534653265303761386134353637386631
62343063313933643135383735316639363531643831303431336431343832663734313035326636
36383431356639376236613866316632616339373039366239613933373031316339386133306262
64363664313063313034653734306464616537313839656466623032336130343038346332323837
61646362663364613736306137656138386331656166623431666639383130336536306630353834
33393962326234373937643930303836656436343662613961613862616465386330613733646539
33393637646237633162393737646364356463613637323364653834623036373938393966336530
31303665633730656635613265623964643766343066663534633338613539323761306164613663
65363761663065613137366239636166323861663761323838636638366635313335633032386163
32663433316431626166353463373532663762653366343661336230306539316236306230353039
62356632643731633433333036663731393836356163326130393337323962326263313336656565
37646661386365326435383162366539373334356661366534336434623334363466366238333232
63366137633634633861323530383738666133313364326165306530653230353035623166626630
64646430633362623433626538326363353539616336333634646463306534373763643335303062
33363735633531383732333564353331376138356266353565306665373662303332383437633264
35613932323132323331366366323933313836353036346330353962353138336335346132633164
66356638643162636139313235363433303535633738616538396630353564306238346533353235
32343639393963346538353538623764336337386639626539333137613639343431336538613765
36313234663165383436376532373634333961373935633162656634326435336234346230666365
32623261303932343838376430376561336432316137616662356439653330623737323238303335
33323736653335376663373232646136653230303630343237663231376133333763353162653936
62656234353035383436646664303232623862373337323062636138613330613336666536663761
33353339626233356365316166616265363536393439393237383939373064303763313166343063
34663432336332323034613135393664313861313365643961626164336132376636373935646337
38313961646633303737626634343564323366636238653233646234663635373834653066373064
31383634313434333562656366653234303739616630623261373235623838356236343035306536
30366535393634623634316462663339316635333566393263386665303964643765626239653738
64613764366564386462363230323633366239343665653965373132386534393433363061623464
37356335316530656632396565303930323133356663353261343932623562653437613231636461
65326563356437306264383139633062316437386439666638633061643530313766343936623737
33626564313730613231393637363335656362633166333762663565393564383737386464343966
65656166316339653434303034333861353139323365396237646234646432396335656535343836
39353334343831653136353633396638643133323166636461613834653734366139303465656261
37663431316665323963653639343537626235363461363133306535663264346636396239393962
63643931376464326231643466663834643639353565316336373333626366306663656365356336
61613236353435366637313238306231353337326331623737336433636162373365326537393633
33303364623263656436343234303738366531663538313761646431363763396638663635666532
32336463646161616233656664356662333466303762653665396130393538306565633462633939
38326430353132316433383839373430336238326463613839313837316433383936636166663166
30313762346339323230616635303362643066363132303964303762666632393033316334396231
65366434316663626134343133373831613732353866353035303430666134313435343064323266
65343734633561643266623734303739656139646339316438353637393166346139656235323737
38666266333866363331336230306337393931643434383166333731666165393965643163626139
39326163663536316433383364323438643938636534306138303632343363323631666366363864
66306664643665306431326166653231313264616236323838666238376538656662663736656633
39326662343634623635363537303165383730363139653164363464336238653736326665373566
61326139656431643762333266653739383239646537666333383665306639653466353533613362
35383763303863376133313039366161323666653234303966323862633635343135313765323863
62626237653962306438383339623630383063666534633463343262363562623833326336663462
64363465393761633063636261323531373166353435303934333263313664663761306465643263
65373030386165653934646138396231363064306233393535386264353533633134343438343137
33376130313936633830653937333035383636336131323437346362396463663535353939656163
33636237356134613337386266326339626138616534386236323363636462666363323534353935
35613630316366646231396166393364323331613539363266346465373131373834643632623863
37643532376539646330323133326131316161373465393837646565376634633962613639373563
34383361646338623531333732323862336539643162303066646632343631616434386132323337
30326665623831343563393032366135653431386535613036333838313232623562336164616264
32363833343065363162363165393163626136373635326234383265333966303163633639323566
65613739363865346636346536346563653734386136353136396638313461383937313937666565
30323939393734613562383466383066633134623762313734626632323563313266353332646164
38363834373430303438636434363366383861313532396532666434623365343433333466376563
38623163323162356261373431326437616338663932616162623533613637626564666564326661
66353166663261353737383230346162633936626635613262656635383839656332656530366662
65303637343932613336636366633734353039386163383861356363376363333139633931326265
35386264383632653665653164386239333562393335316264663937373838386538376230666234
33613933363038616232316635656436326231323663323535363764333630353536616536666237
35376633313466336237636535346565313531616332646431353662623832643136306430643661
63353432376463336165626230333330313231303630306464313533343130386666393635306332
32363335633133623463373965333430333135396631363661356363353466393765323661643664
32636436353933323631326338666635346138323765373164313631346132383932616234643736
35643335643532616530386337336233653937373139626431653939653532376236353238346666
38656337386630366535613361396263626135663737306664306438306334373964343731376661
32613732646261643935666263613766623133343037333331643432636334333630386631303363
37323131643738323131323865323930646232663864346366343762396137323062376166646239
38613466636630656437303961383462386264326261656237393038333333316431333062363066
35616432303937373236653361623336616234663632316233366636623731313737663062643763
32336331363564396633363938623138383434313537303331336634323432633732643662376663
30643937346361623137383665393566633461396363373031623961313838656132356461333666
32353266636231646131343536373036653963616533346639363966633932326639613830363034
63653262326239636335393366643563336637653864353466383237326537616461646533356234
63346231666261383930623434363537643464363062343336636237623436353138383861303638
64323665396562336165363835343662326662326437383834646638666162663363373233383366
33336364633661333736396132303935633163353131623538613439663065393762326436663434
64316132663563346431363261636361313438663539366162356539333935313363303734383931
63333963353662623063386332386538393236396331363965626563636538343265633137616437
63633930346561636135303638626238626566313036646364623531333038303361363635656365
39373463656162366361623339316231646634366531313562396430313563663866616336636665
65633062623739336563323761623566333163383130306231396331303635656637393730343665
36353334626637303366623238343334633337313366383936333631343566393965306465353162
65643666616638356265326433343931376361653533373936616565373830316439636235613862
61396266303533663639343832323232343435343035333230316465323662663030613138646161
37346366616465386538373665656162313635346133613730363131306463303639646162393136
64346635363931663033356139653762313361346165393532666130653063363466316662626639
31393866643438653631303339373662306339376431346330343834666363366362633637353065
66626232303530333131333561393064323865656363646233306665643932366163636539373336
63666561623464323134373938656236613437663662653163653738633961346464356532346332
62636365346461336634306536383730313832363932323065363166316331623062633737363238
32346665643830373861383563653532336133626566643865626262353734303431363937653033
39656537646361336463336364656434613531613036353766613533393232356434393738613335
34326466363830353362353032656539653831306163306363393633616239333337343638646561
35393931636665343130303134333462353537653862363436356562646339356466303531373065
61663331386232313438313863313338373962636236613762373365386564623734636139373732
39626665646334353363393063363732303435316531653134636534396630333433393937313130
38376363396330313232363533626663356336383639306263656430373361386435373239373831
63356634313531383331353639323438383337303065366461393037376436356533643666343737
61393565346431383135366162356462633663353661373338653062353937303461623362363932
39336263336133363861633363653831623762336565353938366232363464666565616661663362
30646639336337363838393666666162666537626264633563376265386131313430346237373562
39353937306566313633643164636365306230633633386333323738313466386263343062653766
31616265383163313762633933353533316531356663646531643130643633346336306332653731
32323366333364396133373162393664323037353731613037376665653764363766663233613734
39363764636461323135386462343734636464353533616631633831616462656133613233646166
63623433666562316637643937623263356636353833633466663338663938623832363331353132
64306439636665643461333565376238363732396435396266383037393838386537356464666133
35366539336366346539306433316638373666646432623662306361663933396366326630323863
64313538373831613464643031363733383030383538373532613232633632616631653732343564
65383864653862626133346661646631396465393963653537393533623066336161343666393561
64656231666462373137666131616266383631643732356133613438326131326464323765616131
38303132336638353865636663333530666330373330303938333161396363616663363065643230
66326464376664643337393763633664353435343366316535666439346437663863393935383230
61346663333530346334633665303966333139643565303235396533303639393965333936636232
62343662376533366236366535613339633539363066373539343931303930323636386530663962
64343637363166366531373533376130363764656362316239623830373438653863383464326639
32383465663231663936656662316633336664366639636262653533316431373536623032316461
39383862316166396535643132336438616332376662303530633537373036383535626533393562
62353533656461316530313238336232373132653066633465613038393839646539626439306236
61656633336536653637626130323638666261306636653262373030346434613063363832336239
34356662346266633033633862346537633833393633663666343661653537353134396338333036
32613265613535626332623061666634306432646530343434323934363638653365316331373533
65303831396130303063393133636536383035353563363566613638656436363361343662663535
32323337373338313331373034323462623162326239356438643136613566623037373934373337
34366230383836383939643933333963383033333630326535343266343535386432363738343866
65353462626462303738313336623362643766306437613366636166663932613531663731623561
66363330393963313964343934333332613130313733313032373036636136373961626335373636
35656438346636626366343064623764303364623233336262396330376430383662656134656561
66393437666330373035663932346537643531323638323339653839303137656134363435313163
63646162616564393963303939663430336263646632656162303466363161396535643764363437
36653463316666323535396464373837653234396134313239313033653566373731653664336561
31633332353563656461393235383964316465386466326365613165373934396662633431393761
62613430353162386434613466383739303739346631346561653036626366383137646630656637
65663333363135356538326362336562643661313536633361383631623433383133306230653336
62663630386439646532353339303063333233646364643032386237353733653066343334306336
64616436646239643736646661393530656566386463393236353030653165343763386562366434
38613134613338636339333739313438383863316263363434303434343965383233663235363138
62393937363436333534306138313633323834366238373030613862643133353763633036326566
35323363656339626434666434633863626535393565393939613961396230383131333963343965
65326662633462633037343039333833396634333464363166316465323861393939663161393162
64666566666438616334313833633363356535666531333030323537363963323534383731633561
30646236383666653430386135396335393362653539626235383639306335613339393834656464
37316131626338646331386332656133383435643136313963346232646265623765386164623036
37383637343733376365373761343436653636626234386536653262636434383961343830336538
63663561666163616132633062653536353436626666333731656362393765623765313031373735
32626138333438613637333461623563383265653766663665666232613439336564646262343365
36356537613133396161633234646333366564376532306262333539386235633333393162646636
37323936616362303533343238663533623232616435643036653137636630666562353939323561
61386666646663636136653930643937343433346264613939396264326232663863656432333733
37666537353032616432646337633633616163376331313662663930616530633462333739316366
36383530666166633332633364326139336161393764633434326637663366633363383166636436
61623563613762663566333062363962653835303932373465653531633034633733363632343636
37373030316533616133623164336463303032393036386336636265333664663961346564353666
31613363303835656231646536396334386435363666323030323232303633366532343061323733
34306232353339383139663134636433383965363335326463633133336135636534356234343062
33663963623236653030303334306439303235323237303034363965363239326137393632376637
65393238633535633764636164663531623665613830626634386439623238626434316330306233
65643830626663363133323334646533303165363332303163633633653266386335326565646333
64613138373138653362383062666466353836623236643063623933383632316435336262356661
33666533343632376338633631373033303865646662303532623938656136623663306230323639
64303035623632666636366133633734396561663636666230356237633838393162633537373337
35663736663034393065393435623535653534333134663836386365626632313432623139306235
62373032343462333133303031386262383035353663353537643533343032303330306436643433
34666232363963633530626636666563373538386236363435373533393132306263663962613364
65616236363037366430303931633865313339616664666535303930333531373661333933613839
34623434396339643833383536316639643231353039313766613664323332656463666635393430
39386636306538636438623963633330653363323134356235323732643765613836393137356464
63366534346531643734396634623530303836613233323563626636376334633431383838643264
30323963363161346332643665353136346139623664343163313563343263656365373230333431
31646633623736663264666533343939653431636537653534666363643863303033333539343732
63356365336230663162343331666463616135343762663263333031623166373666636330653031
65646638626435343430636161386334653339663961363032333135326139663236643531393065
37363134346335656133383138336631396336616666613232353766636666643631643236633739
63666136646363383464393837633936313038623335363264626130646563663036643439353265
61666636346135303438323130613035333933626335376138656535356335613730666466383465
33363932363263643933656331663633353736326633383538343339643039666365323136613134
38333434303639383138386162336331626137383635653064613639333662393832646266613131
38623734333663363364396133346165616261333865656239626335383662656664373637636130
34303335616432386566323562393834653832386133663063633632323932323338393931386664
63393734653737663961393666653962393263393166653535383133313463343165366432643264
63313133373139313033636464393064623437656665306365323863376534326465366139663963
33356437623365346532356333386535343438356636616465666265396539643633316530346164
62343533356539643330366234393733393733653234313334653130313938363863373637373835
62393961343865613566343034396261666162646139313334303761643361633063383838366330
62346535303130323765633264643764313436383330646161386437623731346366363739663437
30636336303837323936396632663264326564386639363065633138346536336533323634653566
34323532316236373934663131393161643365363839663132376138336137313864353534663533
35666533366339343366353765333032326639313334326238316562353134373839623161333766
38616233393434643963313139336539366332373038363431373732663465633134383861306637
62633537373563363634633763356635376261636561643962623636646539326635326164633033
64386165343134653566363461333736343833313966373264303562653463326239333731653065
61663934336139363165633737643538343037316536396535366161383234663766633565333162
36353032633964653434343561303666396132396430306265393266663835336534313462306333
66373138363365353039336134373434373035396538396566393133386137343134336561333435
33643865363737653134323133636661326463643064373565656534646239356364346637663961
63353235346437313164343735663630666261653839616465636337383739376462656263616233
34383530383332353833376632666230306534363536346331316435363738303764386134363565
61383731396536396535313335343235623165353566376331616630333336343932323938316639
63643634636237396336373531373533393361623766353930353734353231313237623662313531
35373138663363623061376638346439323563346431396165393233393938303861653531343133
64663664313637666566353837353635306461396238343964653130633537623636343365396432
65663035666161326335323737383434356366396131323638333130333134616537333831396135
37336431306634393464336163666363326231386439393839356635313531633634353937343137
63653164396561613536353465313261636631366533366263393066376332666236396332316463
39373463646534343036623236653333353631636465653933636230383237663933363832343964
33306137653163353231616130383434333537303933636161363266653231643835326265626338
38626639323239373935633332333863356234366265313334636361633361326537393039363334
37623539326436353635313832376532386262363737383035306365653764356566333066656133
61623963636331366438653239336362653333666161386334356632393232663662396666623536
36626639623737616233346136346137323235366362663866313238376235356130656364623764
64653336346465343932363132636134303132623566636562646538643633303561663831666361
37363234636630353036643931623565633035613365343334333536666235346639663039626164
66663838636564636232663835643761643136613139376538623539633633323939393837353663
64336464643538376131346264376664383632356639393366663931383333353233653538326135
30333563663235343763623666636430343065353134353265643236323138343461333132626263
39623431363035366261316565316535623138616632336332623732303236376134633336323837
39313032663838396261333030356338396139396430346662313433396239336533353362393537
37303966623330366230356634383532646239623536636434656330343862393566313264666131
39346263313933386566666166363636323132396230336539373063633234626630353666633361
35666161333833323833353531346538326264656163306631646665656634626131313965313462
66323637633965656565333138393231633739343739656332323831616131666137353131303230
38623663333566633562346563626535616339386437636636643339383130353861663339333739
34373332393039376134633562326536396139353662323431363966373331356533653734376536
66326237336438373963343331383435623836396634633363383966396264393964336436303463
63313734316533633137316539376232336664333766656136363539396638353963636230383962
33343439646366656461643931353635653534333832636137646237363435313963666133383866
38616663386466353463343061326330646636393065316530343262633338636431316234326266
32323935336463616366376132643932343161323032353332643263383661633764616562356632
32656339313833323730653830393163366362333935373665616532393235383232313932376330
31336364386661303764356237376335613164643533623561343735393139623738316166333632
66623733386562386635646331323334616535316234356638396261663639383931393966343261
32653733323333383132306130656666343439653366656165383465663032306435643338623461
32346439633537306436386464336331653665666230396531613139376538623237626534646662
35323731386436356564643737616365333835313730313235663862646336366530323036383832
33666331336438373166653930613937313066616231346131393065386366396337636139633164
39376562396233323234343732613365666339366264623531666664313939306663316430633037
61326437376538366365613838333265363063326138396364323961356336343939656430343237
37653532663234613737653431386137623664333733343761386562363337356436363465333261
63623964316364653137323965303936626532383532336632316231383464376563383662343264
39653731353737663865356464396530653961353363353731626638303036353131333538353432
31353861636433623330616337623233626134373530313734326139356438366337343162366239
31326462336632313839316631303737326433326630636439333732633937653565653561376430
61316533303964636132386365343665396636626134383332666166643064366439656362326239
66376433353935396431663865613063643166643639383032303365613335353937363363356261
35653239303961393762653063336262386438313561396561373866656265343434353735633439
33346333356132633635626236346435366136393861313039346331376137643264386336326163
62633530346230336665356337306236626432393739303164393634396264343035396662393937
34613961333463356633633131353633646434383163306631346464646239303039366133626162
61623165313732653330346330313963616133613862613933623830643237373038386662653337
37643732633137323263373735306138306339653432393436636333323361373961663831366161
64623439393330633031636564336664323134373638316664396134333137343161366339363630
61653965306535383162383833646565323837306130646662623566656366646233656166376465
38353861653331356637363536623332623964393736653539633530363566323065313133386564
63363535323538336536653839353362336133633338373661383230333435336634363661633464
39616132313365633639633761353963323030623362653835626362353737663863633666373364
34306439373062666134633239306635396238373463636263643430323563306139656561663433
32646636333161366630376330633037303263326630643638646238303436353761303735626530
63656635316666643131346336356536323261343166353564626632646462636266323537623261
31386163623537366464343934663938326266646161303462636132353533313263366464306335
37346138353338346239313736323233323335623636626431613466396131643961333932306465
62646539613738363330623563383164343531393637653631353238353835623330363164356239
38623530656462666636643136333165363335626336323235656261393266363535396662656132
34333137343337663436393332626262643233383033663237646462636362633534323632653636
66393630386232666462393062646631393536363630313933646436333439333838396334306431
64303164636633343931333638393165356338383536366261626632663531363763633538303162
65393835616130346437316265656165336564366364663735323766353965663931393366616563
34643261356163346134333538323732356466623530646134393038383333633937623666376130
39356233353338363336303461303733323535356638646661353739326632616635346464396666
39653337646633626166363834353733666634393336366436326634343332393765343562323939
65646564356239376465643938653934373562343632393461303134343461636331626665623831
63393937653861663863353433303861383139393036393263333335386163643937356534373864
35383262323038636462613334633762366531323762313833663462653564363166383332663530
32623533313833313762336663336237326265633136316465633362363033653730386437666530
33343965313464623536663735613035613632363430336461343566313932366339346361363235
64353838386638633962336337643862336666643765303164353038363433663432653434613661
35393330636663613762633036396434383234313662316363383339656437663434303531316464
30313133613439663564653533613039333634383263656534663236396266313262623235353934
32363934396536643535396435643036323833356663643334366132336439356464656538643666
62393735306162396430663133616430333166623263303232613865303737616365356539616236
31333631343434366433623661373338386630326565613330613738326333653631393338333134
63393039633930623834396264316539613537346431653531653832663237303966316630336431
63613766343364666234356638663334626239623835643739333533323362323261626438633361
31326634363034613965383663343938383766316533303537663166383866376238643066386533
39646335653936663863613763323334333161323433623832343134626264346561376435616361
63636463656134393139636531393636633266316137653737653963366263373165333061633632
36613366333534303332333638656364663531353834663830613165306639303131343432333162
66373166633761353038396337366435643733333438623835613762653333616435353531373261
62656338363338326233643462376632306238313765633664313038623565643235613238353462
35633937366565663937386264356632373163616334303462323136323166643830326132653532
32353731396530353731316338333530656639363233616566376633303662333030656163356438
31396134656334326538363237353039303931653064646435373266323561613139633431393661
32613735316631623366666166316465343434616439353561303934653732663164656631323835
63316133666230376539656234623035363237333439396337343133356165336662623865386663
37613932393863333866653239663233336636323831633030336439386366303234323038356438
64363138656663643262386335346331343539653036346339643630643665643339303432316639
66333039316337376566363866386534666439623031623535636562386162366237373131386564
31353962323562623166373264666239366466616334626638336435393264613462336638613633
66353064336530316661373365396630356534636639633032626139623563613735363030643266
38326539383133313637306233626637643165353165613837616638306264323335366466393635
38666134643233623832636235333763346133313962356162393864623261353637626332326262
34623833323536303462633061643062393138656231363635633131323564626532313864343661
64616638326665336462333332633334643837333236613937316262616564313038336563636335
39663964333732393130326265383535333662393031346532643766663137643961306133383766
35643236383939613233396163633634326338613334373635363436326532653566666137623965
38313937393863323466383930663437353135316239626663303162343435323033306638353465
65333964653064376564333163303233643561373231633862326264373032396664326361373433
32623433633765316266396666346131346164393137316339623339363838336537366162326630
31396462636137616537666238393435336530626363666330656237346136663038626462306139
30626436333764323438643733303937613533353734636365303131306330323933363931343334
61646663646661383865363033663931323031656433366665303161306438353463393237393030
34633036636365616436373239333335616262316238666535393761633465306233636637303264
37623865636438643838336563633635386465313631303430353331646461373436366237656433
66346133663663303730613839373635626162356133396233333961363864656333613036633237
64396365316664376337656535626434626333386337653831666663386635303232653031623063
33383333386434633664643936303234363532373166653163363337386466386262646361353561
61323461396266343735313866623366666333373965366162616465636361313332366533333430
64656137643833356433306231633531393335366233633162363834306635663536643763626162
63613936663934396137333231643033363539643832333762656139636337336235633330653735
39653362626538653732346634353065633065313633306161336235316162356463316262303263
65306234636463653865313130396265356366363466393034623137353536353265633461343130
39373936373039346130323332303638323637613534616636383032316232663232633837353665
62326135653535383630313661376636383430656534366539613932663137383434636230393664
61323939353331353663373739353166643866306132343231373563333964663437376639383030
66343432616330643363663361383438653931633932316134643434616162626632343763656262
34663835323435633636633038306261306337346461336262353333396366643530353563663530
39643764346263346265643662396137633531343339383166346431616563336134646333343562
61313235316632383338303636326161636433306263393062323436336166613766613966343633
35343538643038653634653661393437643436353531643637306432366337326536336134343335
64326366353761306662366262636335656436386463323764336137363631623764343832366264
34653462626165663166356564663832653135393663376462623933333031643930373062653462
66643764383537353037373065383163613831653634393836336534316566353264363065393966
32393532623232613463346239366465366339633362386137653462653837656338616236613930
37316261333935376563626633653032383035333239313739643035326165336432326638333965
39373434386364663161376532363965316430346163613933383331623765353838336261613631
36633464363962643538613236353636616566383234383461393735386261643837646266313565
32616561316266363164643465343165353738363930323165336239383762303634383664333866
32313262336633633536383466346666303635363935613465626461313463333665386137333232
62623530326161653132636130623564303738303866333139636463626233653066633236336665
64333637373139303235663966666133363133336632366464313563643962303530333733663131
33326261626334653835323936363334626232666165373562393665373265316161616563663862
31383736623333333663363962313832313065643266366464663338316230353832303963613464
34306261663533373437346264363966663131643439353936343762383131636233633239663938
31383065656538356464316330353337393564363038623764396635333863333733653437306163
38346262666137626335343138346261323333393663663539616335643735306162346165303237
63646131643531646137663465343564373233373564373262656466333134343736653834636265
39353330363263323131356563303636353738653639313431636638613338656435316334333766
37326139383766653662643839383630653336633631343039653161643433666335656536653938
62346161306466613931313536376330313733653239373538373838623061633432326236633133
39313830313265323531356239373332346161633163373036663437636634636134623735316231
38326630366236396436326263663564656236666361623063316235343639636633383432343264
30626430323738616164666665393339333435323733626533333132383961343961363138656664
62336631393836333336383635393762373633623735616639303363376666363636323331653335
39623030623666363339663266323838356164656533333165363163323063636461616630633933
63303762363265336539636366393836636464373633653437383563393832643966663639653434
39336435663836366466313566356637643338363538353635653633663563613532626135306164
65313536386232633334353261633334313036636561363162626438363632303963623834363334
66646338303034383630656531353737373935326631613035363039346336313839326262373034
63333265653561616565363462343831383063623565346261383562353863626461636262346462
39653335663565636536343530383763326566666363383363383535366533353537306235626334
63303765303134393964333633613166366565323762373966343163616537656262306465393536
66316364666436346639393466393932356239323238363738623566633365626562326566383636
38653738373765356662616365383836363439626134663139316238343465346434303437373161
38323664653363363530323638616264643632653963313535396163656236336131356366653231
34373461623734643737666639366436623536343965646463363135633239376433653765333564
62353563336165366431346364643836623336626630343239336133303131346138643961613363
32363236646536306138316366346164396262623235343761653936383566336134653363343937
63303035363436383464386635303636396533356166356531653764316166643939326235306134
66323035613766333537633133343965613161363532313637666364623162366433633737653334
33393565373666306534656366633730346361353534333232626365653533643539623534343262
66613335646235396231323665386432393965636636346163363039623435333137313462656333
35366438386333326361383261633364333438626463623262336539623639396538326537663061
63623633313432313932616638386330396564393862373566636137326662363037626635353535
34373366653664386664373539666262316565373135663038633463303261653262373238366138
33316530653764666437663761383134633831653537633635356337316136616436666634336166
39633063363636343334636463383438633263666539333133316265333631616664666535646562
30346636333338613064396230306430646363636233396432666261616230656332333066663033
30653938373562663566613033613366316438366362346166346566626465313633663562333439
32316637373066326536326631653961376437653336663438643438316534663839626134666634
62396533613138366231646566663766646664366538616566346531396437326133633830373665
32626235633535386561666439666262383830633163653336363064396465356136613631653032
66346137636632633839643837646336336338643036333662356539313461666661323732363538
31313362613935343235313865616236663963613539343336383139353565303232386137633637
65646339666532653732353966366134313963343534613831323339346662356130643036613765
34616133353563616565646666616661323139643765363431373631353332633439346339313033
35643364613939626134333533646635656235616261613031386362633237623536303566666637
39666662363034336165316162373034643466663161633937363764633863623664323132363737
62393030653464663066383333376536393832336433323233336532323839643061396632646462
35663933633030373930393565663835656462313635323562386362636364376664326532643832
64643366353830336264636332373762366165343861356534313663373235313463623639636566
37306462316364636633383530656332393766353861636163306233656436316532663162353033
35333730366536623533653536633930626465666463653431396439663730356363333033333333
31353030653333326530396339626133353832343732353438306330346231343036623139656333
64633961656330313137623766376361303639656330643335383031393764326462613965646461
31313434336431343864663765306663313635636232366462356464656361313133613532343966
61396635666165333662363231626665353432313863366133396633653638613462633238373963
66376538636563613866646662633239303664303936366361303662613132366132653932663530
37643861303030373937653739333034346365653138353235653536306364393034356432323633
33656531343863386564336462326633363537663434323036383330353431363764663438353235
61323637303566653164336434306266643731383962323533386633333665333234626632643136
35656265633236646566343435303439623037393763373238326331663461656266383337663463
37306330626137626565393062353562396333303232323537343938343261323964316462356437
36343530346535316535623766303665653238386331623562626237303261653465333161646663
61383835343338613833336532373334613266313833373439656232303032373033353562613434
64336262643635313664363633353838313262373162363533363262306635626334313533653937
36633264333532343534313465323034323236363565356239666131643162393836663966383866
32363232653234313137316664333962653131653864363864353264326536636662643464373637
31316339356435386536343439306536383662383438363535633130353033653161316338386234
31306332353563643364653436393039623666393365333166333664343632353030376366353934
65393033376466393030333337306266653433313933373464333062336337653338373035346338
61346338616137316530613063643934313538663665363334613634323165336534376462333937
30656532633534663463653366643431306537303433323661656539336265313631333663336262
33613433313663663265666231663961303639643034323236396461663061316462353432633732
36326234316465616366646636333832373162313061386139663237376537326566343063616161
38663636626562353763336262326431333866353239646138336636313933396265616434323564
32616337666262316665643533356362323035363866353165666134333634633839313761303863
64363262383366663438313931343162336362323337616233613232656539653166363561343532
65666637373836636532613464623165363030383732383062376134303365653133373936373161
66303965393537356638313763633739343464323939336132326333363231303338623362316433
61393139303966313865303733363066633364373938393936326663393965356266656335373564
31613934383464386136656235316237393533323036643166643932376464363430666165636633
31393564383164303661646664326534306265316363663066343934386439616632326235653737
33636139326230303261623139356662336634323765313033366237666461306134303966326466
65383636316633663030316132393633383761353865653534323736393864623666663165363139
64313362373734653038363563373636376133326532313136626665613034326435663533653262
36666661643761323263303132643162643939363763316364306332343561666265656165623365
31306531363534653039343231313937393562396135356134373364636561336663323935383963
63353365376538613665383964363037383631646338306430303061303932383364396331366162
30353262323762346239343464333533396262306462376463303565383564346630326566333761
64306437323464383061383231666362383531396334363862663838383837656638663437633362
64383834613334656366366334663639393231313263646232353930353864653932363363386531
38383335333133323664366663633262356330373138623533363135333632333834666630323763
61623438373266393737353934653864346163303932643833343530643939666466643734643530
38373834333339626133373361333030303232626133346533663665353830363737363737333436
30343632373732306332326331613038646334643431316365303338373930646134636231666365
37366135643265626633323835623034373630643133386238613633356165616539646237373137
66633432313330363962326530613335623138646337306531356236626232383836366537386436
36643231343563626334353866643733633838653834323135393432346365373835396530333062
31643264353862636239376132623734343439616163623630366266643830393738646637353635
66306263343961373261303238633564336238343062363062383236376130363261376138373439
37306230633961386631313266613963323630383930623365613262613534323831363433306365
36313465656637643861386263616666626562363265323236373266643037343166326437306262
61623462616563633733333263633235366331393163303366623139373535653438663538663531
61366531393737373763623433623761316131646664646639356133323233326466636439623130
36613432656335666566636134363664323136636133616561323364626331616637646632336335
64663234653264396131616564306530613531663332363662636430343866333366393461386265
653935383965373039316235303738303161
