$ANSIBLE_VAULT;1.1;AES256
66396534633038613464353939616634386661323661353037346333363336616637383335353533
6131343333313437323632303763366537636434396663330a316265343138343337396636643236
63323836343530653030353837626634396632393036646665316531376632326132383535653235
3738353465633137650a376136366563376564653032623963373036633263326437643636616364
65373637376135336630383732636530303639396334316532396164386631613134633162326166
30373530316261393336393536643638623334656637386239393336323233356631626533303034
64646435653334616430343564313764386333643634346165333961656131613365623839353430
34353134356463393064376165336630636437613636323539383866313966303232613065636339
35366638313861336132363933626337326539353964306237313937616238333230646234316562
31653230336339383166666233626663326238623336386433353133343266643366313138326266
38616263343839616430653838303939393562343966396361386663393566383263323838613964
36393930636261643663343831613037356561396339363866663635636536623237306234666466
64343831356238633034303531373962306464616137663533373136353833663232623161386438
33633130393864313131303431396330653162353763343461366231326536336562386439336135
32653134666632613764646237366663353437653766646166393233376131613737396231626238
33656331623837616463633431383636333833353230376533616136353662663736613231346566
63623734636466343233383938343061303639353837343032323733633734343133376663303863
39373464336235623866626361363838616139373533356438366562343132353238303133393566
33336637646566643336623136656630353561313162323434386662376239386131323838313439
33396139333732386166323263666539316633633037346265376431383935656330303236363736
33396338623739663561373532623134653930323638363362623636336131303831626566306239
63633161373264613638613836303133323266366463363131316531313861353139376437396261
33393965366630313832346638376164326565393637386463633331313632633762656164303534
37626231623736646337656334653165633164653766313731306634373936666236353539666631
36623734363832656464303232636565623163343733636438623531343764363565336564623461
36353165313564343365376661643766313466376538663264623036376131616438613736663263
32396334343261366532323638636561316231303036633564383065353166376361623963633934
63396635626135633635663837373639633163393363356135303664303131373236616665333435
63613661363835323763363837633763323766356633646231353130373839623233623637653864
38346631623238363732393135353733366430353736656261633835326233643532306664636236
62653938373537383935313435323931383462633931396336656464363232363064616461643331
36383363313235646437613366373061666265316234316337313336326161653961396130613237
62313361363435656362343330633466316565326162323262353566643762373635303533306538
34633530333961656263613031646263663235353836396332346430326638643035306466393937
31316564363737396530653630306332333532393963643736636136306466653061303663366234
66333731653632636162353061316434666664663038356466303234656531383433663532356438
34393839663035333533316537383134346464653636363164333838306336373135633765356533
35636233653662333636316265326265393934363638306466343762313034343130333863653332
66656231356562333061373331663030643162323735633931373634303865303534663230363031
35313364306138316666383862376663303639313736633230343830636238386435613732663436
62336533643262633565656333396361386135363431353266626562656431313230306664313338
66373962306239343132613739353932633236636261316563633436393630373364663238666133
39316634643339396537643061653061656337366337613736373736393533613562666531633161
39653331666339383939633466636532636132643965323232613462616535356333613736323065
63653431626461376234336439666231333237363438303032306662313033306136626436333139
33636332356333366334636331346665616433333965393733303538386335666634313465646533
63376239666432626366646266663832396238333135383038366162353763663161333230363665
65356163646631343530653438383962333362313637633665636336643563326431636335353432
65653833303666653737363536353238616535393061323538623366393036343864343130313464
62313238386438623764656530386336646232653431353765616537313230626431613935393265
63323464336631383761303334623533633264366339383832373830303166653636653662646539
36643131663433623734636431643133376633376131393534643238363564636538646339333832
65346535656337613234306330663339613832623964306439346637353332386330376534343432
39646335656338646165646239643633306435633031303466353238396237613436356635363561
61336261316233373132306439336561323830626266356335643836663066396637316466613361
35303062343739383863653762396337613433333632643662386162346432316334653035653666
61663231613339333936643965363563666531383264363232646238666365303239616563376439
37313630333330663539383763623366653735616665323538363261323737316331353961383032
38303036393563626238376161343331623839333966633833323133353835363865623363356535
36366461346161343063336631306338613965663639333230336536643934383634373665303335
34396433343831613830346566316538656164373763633564306539616332363139343834313432
66383131303330613830613636346332336434363063343733386534326435383833666236623964
38646432386538346338366361633266316532383636623633613032326231323134643865616164
37383031633266323331353964643464343933623235653665366536386263346530363462383934
63346438346264623136336139353333633835616538326265666263383162626465323862383235
35636635633338313730623433366434633665643865383831623037303634383331336132343439
65306235663030616464613939393564346339653264636437333466383430373163663236366130
63313837316231376565656431623430333239633761663639326164363330653765343838313230
39366139363238633862383131656366363934356239356331646536636133623165383762366530
39656264656561663439356232363464396537333335663762613839613733376133376237323737
64643037636564623732306334323234636337646464666137353533363161626266643637346230
36356131363033326666616561636261333436343832353530303833356461366532353232326465
65353137666336356137633630623365366533643637373262623130653335373361653234616634
39333564663538373932313832633966383265643361306431653664316561323031333838616565
34653533613264343762336563356664353931333965313235653061356661353538303931313335
34663630376134653232383061363961323439336566633964306632353765643065663663356439
32323835353631383432353435363035613032636337373537613732303430343433383837306165
34373266343039663035636636336363316637366631613934366331336138393461353165303234
35333561643035323634343239376631346238626462303732613065646265666135333664353330
31393133616434663665396435333931323962326133643163663034646666343563383834646336
37343966663862613039623831303237626233323766643466333064336331376661663065663830
66373062363533353538663633646138643666633561333063353061616631653930646639376661
32306663386562623864333034316565616633666136383364343961613235616561643237623134
37643065663464613837633963363437383131396261363364313931306165663933653832393661
37626532613163343030623136303137393436353661333462363461333365353164306262313039
39343563613964623565356639653634643736623636626366353838306132663264353339663861
64653934376438363365346562303430306162373333306534326334663265376165343064363166
65383463666539636231313834326630343636663166306437623930313335616135383065643330
30333237393334326134393931666635333566363165633233326233383337626534343435613136
63393139633334353365346161343036313637643933653231643962646461613361663964646637
63323466383866383635613765306236643662326464316138653262393035303137663039633834
62373164386232363333626666643736306139303562623665393762653565346164613961313435
35653335666436363162326432306265366665353065376139343238363331353561663931383839
63356439333166393938313134616265386531306666323339353465373332303364613933656461
34393335343838363132636632656636653930326461623430373539343839666338623830313262
61643339373134316562313065613832633530333632643161333330643765616265633164366430
64653330623138633162383463316336383432643032626631323163303864383536643135306633
34333137643838306431653966613564653564376230303965363761663664613836336633363964
37316238663439633733343537396663373435373234303032343662376565616464383938306166
61393964643664363463616163623232323534343234643230643835383461363236343230663361
61653830346337656464336463306364643638326532326166323630666334323236326131633430
36666665666232333138396535616364376133336563313463356436353963396531323365643963
34393231353363323461666532336538353131363364313830306264616238363564633130663535
39653033373665626463656135363463303633633563666234353231343061346132313131393265
61386535666364623666383265646134306330326335343538356431303066613266363664366334
38346534333636333137353739323264353065363162653836336337636435623731626361366463
33353463353662373363346666653063386363343831326663316462613533646466373165633361
35333533316332356233643162393830626339383932633739653531343337363465363762313235
65623336353835303638666138633365663730623862353264663162383863393963373236363462
39323436613230366631326230373633396339303461313830346465333666306131326466626430
65373936383364343536346230386631643233353262666165326262653765623362333633656236
30366435313739396361396261626132363661316532313938303431323436653038376230633834
65666635343730646633386264363330303632666538386336343165393136666366623066633132
34636330653863613330643966656438396138303663376334316263346661366338663130373461
32313138383164623236623764666139346538356263323039366434356631613339303830626465
62363865653235343839333763646236646135313439313534313335633166633162313062616137
66386234336263663230343264663464646431373537663161306235376661616664633530643632
37633736643038646530373433396661303735393662636461373363376139633563383135353164
31306164333836343665383162313232343938636131343435353138393961353465626138616436
61653934343961396232336366396335393535353932373433363561663230363365336662366566
39323163656432666233653135646334326664666237343966363362326339373566323861336635
37636230623562303164353439633963383339663739333335613663356530623764346564323735
64393633626563316564643539353364393432353733303636353037316233396365613762343338
65666536656362386536636530353166326366396338633961336136626632653534326634333638
30373938623133343436646639376562623465313561633637333835353463303330666238396366
63376230616263616136303030386663393166633731363235363861626635626637373735616161
34353738363339373732646631353834616136333035653232353631623437666639653263393036
37313939646638646334626537373939383264643232363366376363646631356263383366336464
33346264653035653238633761646137323335633534343531303763383337326461373435363965
34386632383331663131356239663834323164396264633863316532376637653634363738633934
30363662313336346138376536666666346631613462303161633965373631663134353462383364
66643665643937343238303561336164336437383232643865386336306636303063393032313139
37643663313264613961353264316537373536376162623931643665356666343364393966613162
36343235316663303835393561353863323165313663313234326232366163383233663363646635
35616166353632373936663436323930643533326565363733306339626632316261376639613733
63613532333133393037626366656133366633316132303137643931643662313131623961633162
62663264326262636330373763303737383230373037386235646436633161303839386266383233
34393664323665333865616439343131646265343938396132376434313439393565373466366664
34393139393932383035626162346133653265646631636236643932663237623064373834613931
38313430663135333961393637623631353533313165663832626665616334363264626133633835
64633636323538393531343038383865396365386230363866663330663730653537636361613939
65303434626265626231333637376561623735653561346262383034343935326162613438383933
38313237343064353734333636356162616165623137376433333130643032653337336231373436
33353131323034366234383639633663636335323563616330306462306366383666616465303131
33306138623937373631626563643539396233383633666636616534333563383561356466663138
39386265626566333061326338616535383039663533626236323763646464633931653332353034
39343732343232313736396562386438336463393430376362316437363738356539383536353161
66386632316530653038366165313063393131316436623334393734663835313966663863373763
34356239363062333330616639313038616464633465656339393061643739363936353661646165
32653837363263303637376439383930303230373230346566346338376130366430313732643433
30396138633031366565383336363430623366646238323132386565323661646261306136663263
33373131333337376661323265323635363730336565653430643764623662323566333566343862
62386261643261373937393530306461303766383635333733323736303038366332616439633635
65366562373266306237626564363036316335353839646532623862313661383863633962616430
61383932643537376536633537383936356261316332366430393239656235346462396230303961
64316330353538633463313634336537323338383230333463303064613030326362633631386438
66633337613163643562383936386436623963353730626433313062643734666637616236323363
35396437616631653033393431343939663737336364613863366562383663623837383239356139
39333538373737376438393162386366376132313237323864616435306235643231373537313561
34353338336230393966656264616634396638653861373762623965333464643165643939633134
66323339636161623366636535656137613836396234656539663666646434386136643033626332
34343264303433613737353661633536313238636363303034316234623161353036643765666661
33613965386463343538373130393538653638383833326262666264636437613935646136373632
30623466393065616530393539373036356364666665323438303739316433653239336232353665
33363930306365393762633763636661646665663961633431343039643738653736363837363232
63613836663961343465363634363736306133623434363866363037346561366534353435386663
35363631653030303635313666626632393333616134653534306163643633643461303538646664
63636534313830396431663133663131323630343536383536663462373936646537313337616664
65636165303839326662346665353236613761333564653431633665386434643433626262373362
61363333666265623266373136326532303232383034343336633935323863396139393236333536
31353937306630316664613962373665356263383330346661303662663734613761373962663563
64373237353132393937663965613838326134303261393833393834326232613433343630643961
63303732623661643235336233373939333339376662623538346663623833353762323066393233
39393330653431303036303466623130373337623430373632326361646539333534653236333038
64616234326264363532326337663437613432333030613538313632336130393466613166386439
32636631306133613935663938353034643439666433623633643536323961623337623461623039
37313238643435316132333835333331653766616633383333303437633062343163303833613266
64636364303766653736636131326262653862376235393030326635646632303061356631356337
30623238353966383339663764316161373164363232666330363465646436633565623935616334
64376439666366323633353934663530303566393239666530393034373437343966626263656536
36323938313633323637623866666166623932653130396231626163616233303665396661346232
32626631313232303134353532613134333637386334303032393065376530623362353933373465
63646365353061306336313563386665393766363938343638323761353937643231336333636565
65643637326461343031623362313365636163623734353138306631316638666261353137306134
61653163613165363361323665333735323461643633663334623435613930653036306164623062
61363362653039386236613165376335313238326231336361613165363537376262376530393531
38396262623061303233383461316537633364343339326266333062313262366666363630653338
33653235643362653239313633623163336464343235353232653365303432346532646134386534
64663164373166333834656461316239636437356463663130396431356137313862653866376163
37383035643464393465306666303661333936666562623134313366303838623465336432323664
37623932323661666230666534663863313065666563643163386534313033313033343239346331
62636563396435306132373365336431396436326335623933393433376632326261383135303664
64393436393365343030626331613662353366653632663234663232343231623364323561373430
61306139363739306437623062356235313662393835613663333832646230663836613963313636
37396163616363346163396361356163643935316137363563356235323135623163653662643732
35306438666666353737373833636237313934626465326366623837393465376630323530653664
33373539636239373435623338373036383639343930376262306665393537313634663536616339
34313465346163616134303533353838353530623464653934356266643366306666613366323532
32323139613231363635363130353030316239373261633964313937363463656363323335353637
32356330623730373133343634326466633537613633393864636162346134313234396438303533
62633333626161393436366230653538336334616531316466353665376433326638643834613932
62336636623134336534303766363261393961636638656535383465373666343766323136366431
61383532303332643534316234356137653534663536613261623035353836396139303632653066
65653536376234303335316430333535396164333038343566313666313539356139353266303937
32663536313661366538663935343437303338316137636338633934636261343364346438333034
66646265366635393732323939613135633164393333383963653231666130326662636533633864
32343934303962336163633330373238633338346139626531323162376530326666323332623934
38346562666231303536653162636538646363636364336537343738323231313363316163363039
30656631646434396231656463316663346235656563363861383431306233306635626461653335
37626535383038366564393435646632343731633232333365396462666337633065653733386139
38663262323365353639366261313636306166323263323931666466323838656166623132626431
62386238633563626464303363323239623437316437316435303961343966333431666265323131
38353132636137396365643935333637623438643234323965343835633565636363636433323462
32346439386562386336313237373237646330356265343135663463613564656464633866346436
39356637653965373935303566346239366638643361386666663934306433653936373931613365
35316632363066663564373039366266643835326435326636356465386664663232663336396535
66623136363262373632393238363561643135616666366133326636323439396166376536333432
61303364336136616432653563393562656437663831656166363330663437396335363839336638
63613964626262333934623165663539356165643135396561623630303335636230346261666563
38363962663636653534376632623363613831613632393230343761303661646134313366633965
37336234396466366337643264363564623234366364323836663437616363613239333635326466
35366561316366313231333564363866383062623365303535393863336265653138356265643133
64363834373535386661656137313766623230366565333261613437323861653963653433323438
36613166663032623139363736333232303164653432366337353262633265363863633737613864
65336631366137313630366131613435306233623862626235643764623662323232363930616339
63613538643332633061393761356137366131383136316162373762343933326561663761643762
33613566383139303863373363656366303339623134646532343961393732643238626538376361
37323261653866313866636130653830346532353936653737313739303139663931376537303965
30653563303335613264343837306533623335643635373264636639336163356264653862303365
32623661376335613935343330666663663434316462656564313636616333613231323665353431
32666531373735373732656263393363633963613831316366636335363230353530343333333739
61666333633133353333656330306636343164636230383837386665623832366439326466323634
61383030373934396161363535376639366535326137366332353735336564353533383133323262
36353135666234646563343965616434333566653834646661356565343064373535666636373666
64613730613066333430343766373933376431353239633763346136373432323465643466373237
30346239383566303731376536636331383736363732656437333433323838666530333035626535
66383962363139626330303663653332336261613863666161376437623338303137646436373866
65656330663736306265303862643538376433616563633630373739666530386630626365646334
66626232363765626437383563633463323336616366376639316634613339383336313430316566
36363339306433616164633862623439306363376430333236316434336530633030323833643463
64326535366339396235633932656531386464396532316265373162303938396265343365643033
37353632316264636138306463666438623764393761353232303464306139646134646436316464
32363065613664323134666638353235636165613033313239393032366230373463383837336532
35353636643731356238663362303834663134633134366237346461353333386139313930393663
38316335643762303561386237653966303366313437646333623966363162336637356232356134
64653261313635623937333061636330346362396538336663303866303462353664646239323935
61393037643730396439613262353631653835666233643962346534383663376564353261346166
64336535333530646536373637613630363739653765653566386633393634633834623737303163
36663766633235623839333563353232343831353530343934643965363739366466343630636263
32333162343565623563366134346335656361313061643936343166666330353139633962306539
30356136373464366537306439316334633531363233383832366661306564323432356631376230
39613430343466306334613763613138306130313039393331613831363234613535636133396430
36616263346666316364333435653766393133616165666666346330643931303863616338336564
34313232666230333864326661363237393630633466326564373830343966643461356631343431
35303436376138393662376562353239343562363663306238343638666361373961626239383234
30393232313761313933333438303338613536646366303134653330383330626261386236376466
30613237383233396164613631343237646230636164333133346165646661313638333838353439
63343538366335636633623162363539366564656332306561396537373632396339373861636165
36623531626337326561356462383833613232376364353134326365323731383666313263376164
34333932353034633336636338323538383330333730303866633336366331333537393036643832
39306231323038646237643662346630613537363838396231643939396436393037396365653138
35336262663031323431653935643262343366616533366331383633623862383730343337646234
63383339376462666163366664666561363133373966653237626161613332663835666663383764
32613966636464366534333662613637393963653664646631616535646434653161386332306562
61653932346262316432613833653265633363646133626437383066376238343030616338656461
31343363393639643333346437343064356465303364393432616634366539313531666664653739
30396164613534343131663162633831646464386631323562633562366134626262626237643966
61396263383133303265306235333332376164613731633165653566653836666437653338303136
33646531386234656165623834643237383461353233666235303664316265323565356662666238
35326531336237313336326666363634323030376430383237303162303737623037313331353232
30343432356637623130353830643565393036343639353063346464626237613530633735393664
65333538383632666333646135636332636336376531666235303163336237383763623865353064
30363232656237343064626332316363653061323664356662633235346264646164663464626663
30356264383332613731633839336362336334383937643736393931356261653531323036613234
37306563366430343332356138653963353134386434326332613137323137666665343536653030
61613864343962343433366632616233633165666231616663373631316130323666313637363566
31666532633436336436633034326635613438366265646161333963316237363435633535636533
39656262633139323437626332323436336564323761346263366435333635303439336336643564
38323564393531653133306231646464366432343334396366326331643163353035333039626666
65656136653930323735636431316537393837363930633230306337376537646639613839303535
30333364656461353032313566363934626234333339343634356463336335633731306466376265
30643162663965356134666332396662353236303039346430623761646431383063373538393661
61623366353064316133633933646336663464656562356437393638363637353964393664333433
33663066366231363339666462616266636236386631353063343734316438356335653735383437
62343562333662353236343333363335366361356365653437303535633762646435666334373064
38646261313166366337383236373531363165643830623030306332343939366330326465313835
63323164656261306334313664626235653562623939393934373466616632336238353534653962
39343963616231356233383863303563343533653139393137353837363934386461366137323935
65393739363539623862653965356631653232336430303263343965363164323431336135373034
65333462353466353231636530656662623262366365633539393035663366313065633266386262
37656165653834633436613935366634373535653539616164643363656136366236336363343935
35626464353366623462323864346537353662636162623533346662633964633366383630653731
37323037363136323362383439396233653664396430343839306362306564363163373036633639
35393935383931303163343934343038656638646536393034616330633636313236316363346432
39626166353963656364666464383630353035343732663565356635366565616433623536323066
38653835386536343038353662636336323166323337343538303563636337633939633235613337
39363262643061376637343762303766616638643764303339336235396630633266656433356136
62343663336533333234393133366562373339613531386665303061356263386133343731343532
63663835326234373961616236616663343738656366303864313234613666643566613864373163
37303237336439633561373163333730616638323161613763393963363834646631616632616463
33653162646361336237633038343735643035393639363361333661623330386165646431336136
32666231666330383663353434386564633535386537366436363331393436373165613637343939
33666233636532336364636236356538383130613937306131666136353161363434313634336636
62323462613235346663336137353664636161393364353863323731386236366566656438383338
36356634643233653639383634303834343533653064383838393265353430353836636463626430
37386231633731663237633736663462376632383766376466373861303963656366376261626635
62653434626232306537623461376666393332366263326535383764663732646133666633333131
62373363333733373130303665643962663730306466613738626134383063663237656434333065
34323434313762633432666438303564326533333139626436323965333063643066363035323831
63616664376635366333383133663233626563646234633935663437363639633362376138636666
31366330386339633763356561353063363831323133306433353633663238653435636462633133
39313631393238383962303934633937383734643862313862363539373930376333316465316331
39323465383534333535356630393232313930356635303931383262393537333564623364613436
36316530613338633835393361613136386161336564353230396165343134323336333431303036
37666333346133326639636330356135323263333233363364376637633833303838646336366431
33333130353265366362623739366237376136636335353839636130643865316663663435646261
36343536646638656234636333316365313135356534653563643630666363333037306461663236
36373262393863343866343462376535323866316364323439663734343634666232353961313236
35653834653132363935303265336634623932666262353530303733326265363162633632646233
34346533626366306432326131653132636661656636353036396331653161393035386537366366
36396339613037383431386333336361303764303031383635346261353438383564386135353166
32653330633664326164313338623963653664653034363939656439313062393364376539323933
35366161633334343833343539643933663064376166353532663039613639383335343139663730
66366638396232623035343239386532663361616132383064346365343736326633633236653434
32356339303966646566313234383638333636366261393261383365343965333461316366663432
39346236623631313235333264323933626331393734643961663335653832303133646161333266
30313262653739343732363537653138666233616131306363633336316434306536626636343064
64373236336263373630386436303532386666646136343132623761313630383231663236383537
34313765356332346236376639303238633835333737323434323663656439376132323161643337
33666635373161363437626335353165306530303737653165363739396435316431316539363664
65366461613832666366666561383964393237393438366136623362343965656333363736623664
34333237313531663266386538343737383964353766336162356461343661303834336635396238
61346361383663653233383434353137313830303365313664353834353632333364336536393062
36666238333765356331306639373331656130646364656639353836663538373665663365626466
34356133646537373532316162666562373764323764326134323864653435643938656639353138
33393137336462623366373830326164313366303136656531323062653932353461346566386635
65373030386165616235313832656630386134323632613838313564303237323131663466373364
39383931363766323364663736353833656130326538666539623635626365373861623136633136
31656334633834366530323734303936626264303463613836383430376137366132386433623434
39333839613231623932613963663237373232313764393330643861666461313264636565303764
39353838336137316236666533653938343732613766303336636431313830313335313466646232
30393663353633636336383861343664623739663634303362333130643966383265646564353264
38363731303136346138343439613336623661376130663939643666333865633534333336393661
33643862336566323335306664393136313661363133356163633732323963363461626537373563
35313039666530656664373364363661363930613264646637353034656332343538323932323165
61323238373531633439393561386538633730636263346331623735346433376564356262626162
64636664613538633036323930666166313238343132366665643133366639663233303536396334
64393730326162633334353936373438626561643534313035366238623136386465663038393865
63336561646239323964356261613733663738653235323166326265386433363732313865346331
62346638326231306163343666636161356363356234653863393836396639346637643463363465
33353939356361313262343162353137363637646632353233303039613963303336623864306465
32363539303761346165313364363065616638356435613037346533653162333335363536393264
34653063636563626338343432383064613337313235636638343664316238316330633439343364
66353566636465393837303730336362326166313634663565363461386263393161333136633034
62353731323762666530353162613337653037373331653061653534643736386134346132343864
33663863363036326665396138343665363237313633353064306562356636306332633562393934
30613832333266313431386265616530656437643031366239663933383331313936386539646232
63333665303130343535323164653435313031313936656431386630653236393761363566306661
34393035326433303961356363613336396237356634333734326230663330653038383231353166
31326538393032653166363239616234326330643862316333323135666230613233326163643632
36323937663765373737646161633637303237303839333032646461363630623336353336323163
36393636323762626161316130316230616461643865393662383733393037303335666331346434
38623063336162376264363430323432656234633563623165656363663264356637393034663039
32623063353630633864393365353661316663653263316530386631616236306533373036333530
34303566656662613236373661326362336361356235373837303836666265393333333931353430
38363562363531356636386666616465646166316264306432336430313338366561626436646230
35386536663661373633316162373032313537616336626265326137613732316339363861313865
30623333656438323937356134316637393339663464623736316638333734303563343631366134
66313964356134623531323162363230313730653632393639323434643736343932633364393235
39366164613365623135356562323465653737316532633935623932376564316435633765623932
37383931643761323832613830306363643932613532356162366438383638333737313062373731
37616230333536613234626661633139663330363838643730333864303439363333333232356639
30333638373934386532633332626564346161653836613466636438373236303932316632333437
39613765396533376162366439393831306462303930353934323932323662306635613961626130
36396634306563346431393566353965303433653561323433326664363633623961386235343234
61353932653735346433353335633531623334393133666439663234663563373761313436656566
36333066373336343834383539653134363665626563623530303132386562363335363366393139
36386332633335633239666234306563643165313235333132353833373661646262623638376231
66316234356464363039316266626339656635643535333261383363313138313136323235363862
31636135356535636135663639643836616433303039306139363563663664386661636164393365
63353066376661323363313633623063323432336666666637313931343130333061623536613861
63383939663236653838393735626463653439303036313361353261626265626662653831336337
39313935333761323939613833656632383661333464383162346437313734303636323837663563
38373530323535313335343565623234353631336236656565613837653631356265373563316439
63376533613862313530656636623634323064306136393939343866346366386638333461396563
36336561613264346635353262376130346538613331313238343436326336653362636531366631
63666365386339326361396430613039636131613735396335316564336434643130626130346639
35643466306564623663396161346435633132326534303162633337656435353766313466393432
34646636633264663730633162623535653131303435636339323238313464613762613862616337
32323234363264613036386161643834343038323363363339373533333664323937653131336438
37373939353962616136616239626230306661393763303731643564663731323630396663333538
62396337303438616565376435396639616664633932303763343736623863623533626631363831
32316533323161353231356266626130656263373465393961376162636337343162613236636466
32333662343164646639636537333065336566383732343062666661656335643335333931396138
37393338643632396338643662643064613336386334303865303561343930333766316130336462
66306533303235666230623031393032303064353866383063376266383662303836376364353663
62313862663935663337656466613637383939323231303537346132623438623832366364616662
30333866633838383436623636636330333032353764383037623037363064663131303836326433
61303430373865646566366535343664353530363361653534356536393636356535316262306665
35343763313665343836663164376563323033333462656336613337303761666133616134376439
39353162656330633638373131303031303164323236363135393339353538626663383837623563
34666336353233303039346632346364333866333939643132336263613336663265363530616161
61663431356631636665633733383330633862306331306465386165323364373962393631633936
36643562376332383764383731653839313265356566386135376461336430373038663231313364
32356264323837646666306266396463623334383930636166336338613764393538323262623565
36613764633634383934333966306661356330343036313337636433656665343736396163653630
30626262396463346462643864343136663631306533366231386361613939373464363966363731
66653539333130623266393532633035666532646461316133303861363265326264326630326633
38656466333433326633386338343030666537656537323030303465666235393166346562306439
33393761323137373134343664343730643361393336626434313265383964353862636130333165
62666662396633373038643936376332316564376132393232663339636636356264376234356330
62393337306436313736363131303530366634653832643635623464346461633166386433383136
62643163333837323534663162396361623137646462373866666661373032326138383962646632
34346364643039316265633736653163363437613763633162383661646539373834303061373765
39306536353832663963356230323633303236623332383566313733613065363732663834633739
37666639393261316135363036616661646235386530643861353436333764366261393132643834
35343966303931343237376635633638333532386337363966623437623364316361653338396439
39663862393735323139313666623466383663366239366666353863653464386266333464346362
37326532613334336532666135303265323866663935363662386431396235393836626236386534
63623632363362306132343836393935336565633565656235636264376230663834313533303434
35386339343735663130333039316333303262633734346535633539626139383332373533356532
34326165313064343339313530633366613035623461306438323137383464623631373834353163
32656465323631643236626565346638326361373130363164306564346134306633353038356361
32326266623964353862396163336563636635313166303339376266616532643230663133396635
64633461313965333036633531303762333637373035336133623130373737656164636334343361
38656536303065336666343434663232626164326133663461653761363666333865313438353164
61653639656137326531636435613430326166646565306266393139646432393536626533363538
30663433373662326433363735323430373238653033633535333230333434323532643764363239
39353139396437623162653930396562323739396131363733316432373537633330633661346331
38666634343562343334366131373664393339306630336662343132303965323838313637306336
65393631636562323738363763313534653432616463613066643834333166356136666239303265
39663137393235326333653131376264646432323738303962626230333134393936383335376564
36663134323737373430303063663263633532376232643835396465643832666432306565313733
30386535396631366134316265333037313036383834633531333264616166623461666134303766
31363262626166383636356439656538646432323464353337316436386634383039333035383762
36633766353933303634303733346335666636303436363036633638366364376131353837343339
33393135613762326564313231353632336164373830626362383030363662396532623961346432
39653730633036613964356536363766386166636165353032373563636333646238663363656537
62636339636232396235383536353263306631396532386131303035356233643035393735316363
31636661616661323338393965373433636563326432366462343264343161646430633561633761
30323763623439646230346565363634313738323531313639303064303462616139613861353262
31313738323537316331343930383666333338366239656530393663373864666261666233316162
35636532333131326666636462666130333234393463656439336132303663333933376432623631
64346562646364353130356330356432326661663864343361323963613731313731663230343664
39323834346463376230383338616336626264623132323837353234343636336430346239363563
33396331363536633363323433326331373032633734396661303535323130306263643865303038
61636466316261333164366433633064623736346536323938656265643165346132653337646536
64323164373361633163376661306262323833343764373233656237616432333939366261623166
30663537653865663531333536316435303534653738353632393837333634383338373763633163
33383037393861333330396236633538653532386338393333343430666330633839316165326331
37386164663630663361363737633330353662646239333835393536383637383464393462363339
63386635343133373631393832386164333262373661633834336663333738663939373234396264
66613765633532616634373664363961646662653738626234363538323337653336386637646632
34366231653865613135643737393361373730633738633536653234343431353063626566313762
66646565333933353863376236396466393331643039633536313564666538333430383438393132
31316638383337333233333966663130666161336461373538643934333830663136313764393536
32386362366637663365383561393263613730666463656430663630656437643464353538336566
34323839393665316434396162343630643763393633313665653739323864313734656261333735
38646633366438663035626338336233653663303534343861663439653838313534616462303132
38333634326636333233346661613734646435656635633264373965646339613065623861333262
36363932346637393331663164393237633836366265333335613034643436383063613365633534
63356664346364363833656666653461626366343833363430633436336135323731353134613434
38623734303237623433346664396239646661396530356433343138353731633462333062663631
61353865363462663530383038663265316330323261643963363231396563393761356264663333
65646535356361343131666633636466623138383436626462663062653531663739623737326165
38623664343739623437316164623533306462336339306161316335386633623832323861323338
39643232323535306635356661323531333634383438313265306533636330663430383338316561
61346234663530646366326561623364643763343862303939373734666638636230646336373162
63353861346632663138376330333365383539383263333330363439643938646337366138626464
33646664386530626331323536373364613865383738653935633466346161613865366334356366
34643265366161306637653366613735353736333365323231386134626532366532616263623166
31613731633964316566316562313666386230313466646538326361393763333930623161316464
31633933356361356665356637653435663239343838666165383538346464323436313637316534
37303262316263643163313764343337616433636166396162646431656634383239363865343866
37653736343461313232393362313932643561656233613766316132346265396631356561656431
66343432333762653930356264613436373736326335323831623036363438636264663131363065
39613635353433316633306466653035613162663663396434656236373233303061383336623561
62356431373030393331306138626334356339633665313431666334316231636132363932346639
62346633346563333163303531636633623264326130663830643565393631633431373837653136
65653433386637393733633131366462336266393737383034356632643635363364333062323332
62393238383064623637613032653534363964363664623132363061393663303632396338363930
36663731353931373063646432326361363331633662373163623832326635653038623263363036
35346334626165326634623638333533386131323539653338633436393031333934373965333866
39636566616635643165663139373636316234353438313432326230313830636333616461383931
39376564333237383937366238646338316437313238333561323135633833373265373264663933
37653465613762613766666632336164643734386165333539643964316336626232373430393834
33323436643038303766333735323634373736376536373738333462653935613966363930336465
33346461346335653438623438336235353736643538653066666362303535316162613831346636
66666139306264363636393562666636363335646165316235393537623662643664643765653633
35393733346237393538646366656564316537356662663834636633376265643734303337613632
66376536613538363933633566623433316665633666653637313034333637386134343165383034
31353037336136306662383738623063636466646662323339623664373931356661383635366332
63666638336230316464633066383436343265396531626237373262353436333831383139666266
34393566626666323062333030613137333834626339383738646161636632326365376437636535
33623637343431363730343135336539616638336663613363303338393336353761663037653138
33396133663061326336653237646331363661326435383062623130646431656330643931653562
37306230656436316134366266613261313136646633366633306663623433613430353431353239
66656462336230656565323737326130613534616662343863613030653438643638626364653933
63326262386266363931353166356533323934623739326365393766623861313162316463376437
33663763303135643830313533353131363335613161343731303063656139623536333634656261
34313032616232613536383537643039376637666437363330663031373838343838653363666666
63306165326562313664396363373866636164663265326232346463393532333731633133653863
37306537373535316166653834663333363537376664326530616564343533323231643138343762
34613762633366303565333037343438623031373233383431343764323933346366316131346538
63363835663538656133653237376332313637326366336664613731356464613164306231656434
32626563376539633963383633343462663865373135333938323833383163656236633263306433
63643232623765353737343137373831626538633965323133363261343838633932373465383537
37373162333863656362363266396432353033343837623965393133303634316232663438306536
62613939633236383330623464626430363139386239353762366464376336656132313539326630
31396632613566363633663332323862613537386333343163356131396331393533336464386639
39646334363731326666626361393736623838653962333533663130356664636137353532353137
65336563336332343734303637316663333638653830613530663630316138616335333631386432
35306133316532626164313630346237363635333139656461366633353637363766363139626537
30646630633137336161316238343738343531376631386666396137636431363330353564646437
66313932323433376230663536383832653139353135613339313463363164313430346532353333
38323961393935663131396136396365313337626537373763616231656163333161383862626138
38336365313433643363323637383738303363623632303736623030356566313133653364346466
36323063383263383564386332633861623735316134383738306135646533313262383334353166
36313934333934663834303033353465383161653134666162356265386435313831313563336234
39353233323162343038636530303264653534653035386438373865633064323165323234363766
63633639376430336562363138633936373830303835653437386638643234376639333161643735
34356361633962306533313331646662666561346430393536343662656435383637663233653530
33643865623862616638656130623930623234323734303337643833623038376266666363323936
30353832336638376536313835323434343532396535353462373966373532643165343036636134
65633834383339616262303265353462373635623530323937396332616631346331653236333736
65306334633935383163643635313637613230323136613064383934323232363030626236333366
65313063393437323531396363323934663930333461386332333765613333636562383464343031
66656635303239646233306634623535633336623137656436303963386363643431343831393136
61636361323337346366636437613737633634633533633030303336353063353936653332373361
33653030653065376462656137646439653138623437383339363761363532333436316330313430
65343635353633353836393161346137663934373832313631626135363136346431636139656561
39363063373336663331626336346166363736643833373430333136313336663530613661613437
36336336383362363237643935333135366234346138313131386632393030393039626633323166
31353636656133353239343235343432633135623361323739326339303561616162623734636139
61383439663263383837343133636630656439613134656634643464353134333337306132646464
62303662376432623664616132393631386433373738373839326132356331653235633333616661
63363037623532663630663630653835353431623662323830346564363563663362653834646464
65663731623434353034343131353836316232323933613930653664653237623263323233613161
64626663663565353463613262353765316663363265353362643535653164343538393831313332
39636266646364383039303835393265623639643966303037653736376238666266653663313666
32313734393062656439646635643135346437316635373666626366376232383935623936346439
66643163396263376131376135343537613632613564383861666135666465616433646561393463
36633532643533613532336462636333306166363132316566303061393037363035623862313130
62613238306566303161373938353139653162363835623436333065376164653937383436313532
34633837323939636633393536653031386233303532376337383565616431356665626562313662
38383939646630616332323931386166633037336364633662393934643136316136646166373637
66666539613464353864343135633961646262383861363332646464653333626465663866356333
38383231326238346365666162333839616530336132363262333138666562373061316264343862
39333635646236306166666436643961633165323636303964363438613932323332636533653434
34643161623735343965616330666563356265656334333032396664336336353939393462383731
39653430626433656538353732313463316337646366303834613865336236653565376630313032
32376136323935306437383863356233386531343463396265613164336336306634663034653630
61303536633565663265316334383335393737303536373037373263613330376363643063613433
32386535376430613135353339346234323562306535663836663266653237343237303361623265
36396164646139656135666435303361636461633162653262653961376666646137646264376230
34666662623862316136663135656666623232346238306464363732306665373432303661313365
32383466393839623962373036623666306666656132366535346631323730343961396563336334
65383834613337323335353338653031313434356562376133316663326565306339333935316239
63396532353765386466336238396635636563376363393032666666386561366365323466356533
31313234663031313738333233356166396636653562656133656661313239323531653339316531
62633463646635666563623033313335643864333364373733303436303065343737353030393964
36633132343762636130666636646563313663623738633037663765313531646562646566313131
63623737373636616565633766623037363266636538613736353732396562653866336539626562
63346239646131373864656130663061626436363661623063323638323334633262333062336431
36623561376232363537386563643933613865356635626463343038313732633032633035313839
33623834373837316261353064666438373066313137366231386435326633646438333963656265
63323765646666303532306162323132373932333236323433393535313039623537393331326432
36393830333339653465666664376263376466326139643866306366636639313335386565393963
30376136383532356239383836356161306531363363623565393763326564633333316563343333
38313730373837323665393634376331663936633535393636343232396634353331663933316332
34373863303039333836616332383032373939313439653930313635613866663336333139303763
63316361646438363263303832343662313938343330356661353235653966633566323233303836
33363335323463323561346133666563396135613633366166353335633365353834303437613131
38373935346364636462313739613536396363323938393631623036336336646566333130333133
39633630363064653930613437353965333466333635643861663231613638616433396132333931
64313562663566323465643536633862346139623235386139303231383465333262616264316265
63613231326430393137666637363666616630633032653134323463383233336137623861623730
39303035386330626666643265386465623034333634613233626465626638643735373937373365
63396365326362323739623133323863633064613433663431666435333831326332323762636336
31303131663565633134636663653961386438353334323431346537623433383662343263653839
62383961306466616537656237396633656663326130303938343039343137383362626464313162
36613937636564373865353139356366393338613366643765326634626438366239396366613736
33643931373137363537386133303062393265363031316261396534333835316263343234663536
35646662396536663830393333653633363038346134303137356437356136353531316161363834
36333936326136306335313930396439353938306333396539303434343139303833343138626531
64333865323938656630323736653034356534363161366335396133383138393563343366653864
32373336663065663965653465663333643536653864336135663233393066393166353361393931
61303837386236336533323538663634336236373638316632383563323037316134643236326430
31326231313336326633393030313931303265313364346239356165626264623265666666336335
31613363616239613333363263303462646538376137633566313135663431303135343766313635
30643336643433373437636264376464396434663231343862643266303133653163646662323266
37346164396636613734633962383965313331623535396631663131393865636430666462366265
66626236626133663761353534313933373265306263666133623234363138626335343461373031
38363365376535643361623539353461633737656537333861643735313031656665393234613537
62633937633337353061383965313761643362353630396563383462343236316132376635303136
63643262653036333331336536393132396537313039616432643765356531626435333038623034
30313264376162313735623632396130656163373236616362613736383762633666613237353631
35376362646534643633616632616662636162366565373339336464346432613735353462313634
36396263356330353962393037613562373163363164613430646562373361663161636337633338
30393864353531643332343437323964353137663264353139386235386337336465623561363166
30626261313839623433656263353139353433636566383266653666633835313433356165393838
33636663613036333333303534323937363265613333363034363265306436333361373533383261
61373165316533646565393939396133616365633361393663386534656435646565333361626439
33383839643731663038636635623439376238653530653963656530323731396161646334376266
39363234376661613832643062326331643861336532376330343338386663623665313764346538
65366238343331333262626633353034356463646332313034386638623037623830653062346161
32333962663863333139303633376661363863666334343635356631626561346639646430343430
30373162343331623461376164333363343534373464336638616233353339316135306663346331
32393832346565623165393962623465313163623866323039653136303838353363613466616333
39306263383831353130343833346631393630303030643731653565323436363230323061396135
64303065323765656130396639366165353536326366366234653736363431666666656335663837
30316538383565306336363064373331336631666533356433336131306133303766336431393465
66656231386461643963343737356536383732383466653033373861376465663065653936626466
35363463626438333066626466333633393264633961363861653463373232393435376165313432
64323436336439303133376430613466613937343636313565353032393134346235303564656537
38346230356233316230383832643633636334326365666462613136653339363834663966613336
65363338313539656536393433623333306266646663356630643433653331396239353330656166
63303433663339323937336465373439303165666564396238656631373965306432653864663864
30353730326436373038393738376330653537663038376233643739623465353630353134613230
37303738633831306533366135336266656230373637666230333238363638303165316134383464
61346337653532373536376561343539353735306265636238616635323766633932383536306365
32653162376533366334636634303336376465613931353666616462363665366233306163643962
32633264633265303365363630666565383733653634643237323539393564326139383734346663
64303164636363396166666563613336623331333632653865623663313033646465656165613231
63663837363663663764663639393033343530626133323634343564313134613163616665623563
62313030316234643435653531363634353564643232313561633062336464353031343432356466
38353438393162313232373932336535386632643432313438323161626435353861393539333564
33306331343264656464316661633266396438323564373534326633666534613638393063366162
35633162663538353833303665373438363132376431363434353063306335363439333866646562
66383833333062326463366232393431643536656239333337363834313338386437643838646164
66326234346264316438373061333162313138633033656130316261633230396263666434333839
35633131346266333666336336303261336336663938383737653233386530666435353439346133
37646438393435306262353461316361316664306265613039323931636664383063316238366232
36653863343964373833396163326530313963353830373061613664666531356333306639303030
36383536306637616661626438643765303430613831373536396266363336626634636433663039
32363436656338633431306561636162613130626438633535353930636366633634353334613036
63396231316161613763303461633436313434646630323331396635373263383338643664353831
62323861373839356264663937646530336535306437303566383362613464393731643639386337
30636466303430316533616132336465656638653664396461343864333364373862356230633535
66613333383438393339626461623462616466386264363631346438363439323265396566396134
38353631643733626262663465356564376230656664303730336463303466353334356464326430
62643738353436626138656233313039313033323534633766636162393234323966373630303837
61643438303639313339336432383462356433363636303731663233343739343030376266323936
61666535326435656631646565346362383339633436366666623933383832656537643632643231
37366431393564376665373634326662373530623938376536646137353031376166333061363430
36663961353032316564366261386539323834616236383236386531393561656663356435373565
34386139626262393130303363656437313039616366336431326163356537616636643463613262
65316431623865303837623931646331613161663061366435613735643330613438643466366165
37636135383836656265333337666664653164313132626165646434376132303830663532623935
61346230333561303737663337373437393164363430633430313232363665363339383334366434
37323165623530366436633334643666303762313936306661306339643733303434363339313234
34623430396438666330613862303261373337373036663335316233326237623530343033303939
64616533393366356264613633393766376136663137373830383738373836356465333461336130
66656162396637656361626131363366313735653661616633353238373962353835346266626463
37303765336262303432396431353538643733373664326436353065353333383639636634336264
35663161396437396337383038303762343061336530323138366632353766663764616339663235
61306264316161323236326633336231616466356438303562343637393339613135333538386534
39626637626130373630623538663334343664343264343265616330323365626637663430656363
35303938653861643965316137353534313264346338373537323864363561653136393733643638
65383264633032366235646532663734613965646232393736326166326265643530376538623363
37656633366131633332383338316137396339303731633561616331636332646264343664393361
61613964613034633636613434323766303432646338313636396561653239663130626531366539
33326138393535373535336136323632333166633836326662323031346338646534613239636237
39396531663637356262633737343830303133366465363437393233643538633434313139656664
32346230336164306633646136336434653663636337353036383730303330313135623561393663
39656639386363666439383566623137633937633734643139633661353538366439333735313630
30366633366234363063633166303839623936343539623635616664643631653430653064643463
65646532353463663533393562373937626237616161663834306530666339316564396266386363
66643765383330623632326438373236373635643137363537396334396634663530663437633039
31353561623630663661386164616165363537306332626164636433623935666464346637366533
64323935373832353462623436356237386333363263613132626433303231366464383461326634
66643737653333366530346338636466663138326664633837633335393731323635313138633539
61643137336464643430643437333535653734336431373836353864386464646334646237633033
35323964303439646165373731373564613631633662653862396239666638616266663862313565
64383536613837366533363533316562333039343337323636356638383537653231356133366334
35326564653136626263623738376630653061316365623661653062303330356233663161343932
39633934313138613237373963303232666437336536666138643364336664336337306330313864
33306331386339666330346236373563353935656339646331346234613862663033653461323831
66303635383665316138323137626162366432363734316263323638616361316363323433323232
63386636643432376233643337326435663661363831396331316166376265386465393334613934
34383334636138333561663864373865346265316432336135333339666566626533306237306530
34643965333939316662653839346666393239656535626165393166306261353930643232353335
61643537363961643461356164396432353363383365303733383766363466363966626363333036
32356562666362666162343730363837313036653436323466643633366435626132313731626337
66306262646139386632653665386232633763666664623365363562316630343663366134376435
65663535396634393335323539653037323265353332393538333265636234636233393365386232
30316465366538323665636637373566663733623163633134353233396131313362343136653130
31666561626362633831373139656639313036666534303565663836643666626466653663353436
34363063323035393561373537356237386661373935396639316136383761363830313866333234
33323266663532613764626263646463346136633238656337623964656639373831366662326636
65633437303065666237626330623637316630363662623430666364613535346335343937353639
31656138366166356338303539323564313134623266323531316233306638336632633339303261
38306564356537386533623636383234653536336630346462303461363634653735333237363936
31643964633938326138386166353363346337373564356534663533653732303566613339663863
66633032623765336239663839616336616330633637653731633461326631396531373831356638
36313632303831393731306534366130343731656165383039323364336237386164343862326137
33313131326265336261653032366361366565336530656632336631386637346132396532333337
34663165373639663237313161376161646663633363343864363834353231663439663565613036
37323039373863616435333135663362663832393138303235633536613337326532623734326234
39366134633937663263623634306364643533313133393564626366353066396331396338386231
33306434656434333763343463326231303637613738663232373630646261636136383133623633
62306632316530636336303261353464383863613466393438326238633562663162366130303966
32633530353937626638623964393165646266386534623735343463663535316563393532386234
66356266363536656638666163306637323131643134373235663464636338386133336131376663
39373933383136303138656633356332323632353834623066316564666564343432646131313865
62626433626165323833326239373839633534626362613431643330383865316431363836313566
30306332323665633564303832643633303934653764323132616162363839646366346361653766
61613561373036343861313230333330643461666539323065336232396538336564346439623933
37316537376535343139306338353163353439353631653235616231663438356636653539303934
62396463303362363034663663383531323564646435333639623631373361326432303138643764
37663863636364393831643333653132656536633536346661303830343331303234656331326364
35386131623738363637343864616337323266666135386438363162363139343730346634633338
66643131613939633430316364376535326432343566373432386635346530633266383464643436
30643538623230306431363564646538323537336165356432336662613932303539313866363636
63316438663366663637303164633263646435666233643832616335393834346630616331623436
64343836363331393464303832666362363838366334386461613736383234383637313533643132
36323462333735343338663936353932323531303862356661343364306137346630316330666364
37363338653030616334303031613837336330366465333138326537653963623737373530393139
33643337653537353262393361656637383035633132363065386263633931613164343431643134
64386434373033363761306465343637313064646163653462316639313532313530373731383465
35633132316461313861393562303632356634313539313161383461353934663536663061363231
37353539656532383833323738346565323032653561383931633733346662383066326437333366
36633234393565633561626131346465336339313462613062633663616465393537326331396539
35396634653338653335383532343731326161316562313461303164313261663230386365386632
66643135353763313837363834303962633435303664393863623161353632323561636532323730
37643239353432616539373631333936646634303630326637663435393865336333623435353931
30303538383734343762643431323531643836653531623632373333303463616332303730326234
38343664313039393239666333623230333738613834373232643161333139376365396464373161
31653936333964396437366536373435346661333239663961306362353166613332353931353934
31383939363134663034373936356634386537333638366461363232313662616130306261636335
33323263343266353133356463663633663936666632623162323036326533306436626434653030
65333932366162303661653930363462323964326166376566373061616231346631356438383239
38303866316133623932376664306236653733376334333163333531316535383732366634386663
35623866366531313363366261386531306330323535363833656661313133383266316666323831
61326230646630633136623239653262633833346461363436636539323932353366373931313433
31323237386562316236316533313331386633326239616532323235376465376561313038303664
62313434653462393962653564346363353361313535663864646130646666393533323463333866
33643131613765623162303238396261393862626634663365646666333163373738363133653764
62373932333534346438666431653331336631393662666239663662313965363031646164313634
62393838363337663664643735613637653734326261326337363037643531626236313031343363
38663834346664373965653166383461373738383839346664373939643763623135643863393762
64363038396536313636333837643438633635396162656232376564613464373634623339616266
33633863346266656262393733643231643734386364326333636464616432626535343262353435
31636334633937346333353663306465643764356334663033383165353064313961616335313865
65643961376261623566613332303261613934636439623438393535613939373235316261376662
62633836663230303066656133346439343566386563613239343233316331633137346232626333
30643037353938353439663438613039363531303838383938396366636561323964333565333139
65616333643461306263363065333336613537663832303864356561616532303838356362333737
35356238663237386163663061383837346537643262633031316436616665363739636333643965
63653735366535343935366230646638633330393037616666646264313037356439306563636237
34303461363035373466346366346365306335636132353037323139393634623834623330333664
31383332353433653564346436336532386636313730646130643838333561363261306565303135
38386231336635656165303862303933656430333766616639313232313562333162326133656466
64343632323534306461326533396230313632313363626335333335643461393566656637633761
31326539623834336235323239656537323564616237623434626639666231326466363261386463
66666334613564666262333935646137373838363433653836613661393937613864656662343438
34656436376563373263653334623130616436363234353231373462333164376334393863616637
63666331326531653233366239336532316631666338363365366133393565303366313361646465
31313433303762366230333338386666616465343031396632633336646639656231633736626230
33323632656632383234376137656439623966396465333466313539326231366364653131663739
36336332326261393661626137623039313838316638613733313838643964653837623439353631
34303231323830303365356661663463653831633434623639653865393331363662366535383364
34326461613762313937323730306235326562336161633561333266613061323338623236343666
30323233303932663938373133363037663532333365353432303934323161343063393933363839
62633265396532643166616137333666613962343038353039613266653530313764663962366262
65353835326538363238396438343831353135633766383765383866613632306532636539366563
61616563396130636136613866353364336535336131646261663336356564306236376335366365
33316436656136656436363362313336323635613036343335353063653366366665623439326337
36343939663132613338313865616439386262363566376638616239323638306538316666343036
61366436326532653430396133306632306439356663616333326531383030343064653735393734
36633038393938666364336466336632366663363738363334373739343634323439626631383534
66613438393839373464616434333962396164303463323162326130623837356330666439643330
38663664666534343535653433323062383362663933303864313365333231386133323336636134
66363634376463346239303333343863313339343461393234376566346566303462323762316464
32623734613335333837383339363036313531373430633232623031383730613964383739326237
38396434653935356532306664653565663964666161666662393034363961373530353934333237
37363066353838666137326532373833356334343930353839393238356537643465343530346132
61653639393633323533306339363339396364643562373462353839343732646135613131333133
63633465656231313037303539366365333934356634623731303130313337343264616164666663
35396665666635666461363664653966336439663466663032323137333134303664663938323563
35363463356133333466356437663435326634303037343266313762633132336237336362336461
37383637373263393239356166623663343064663534623233343830356366393039643139623661
30333831306366353634633135663965636233633632376565393765343563323161346430613739
61373763373131623039633838646334313431666435613737393561383332323335393363306635
65313530316532303666626138373132353766306133336237613264313034656266656538663839
64643664646134366338343631646134643061663361623433316539633433646133353131363035
38316132323664616439633866666436626438386230383632353066613063396533383834633433
39626336343035306166636331666465353233376230383339386665663262303434313863346162
32353036623135343935383934633234656264313731313163353337316332643563663331353239
39313330643162393034343538656566333034653365313832383561616333363037323065613263
65336566336366383562386132396462353962343539343431623936626631663531326562386161
34343937383539333663393966633132656333646663333063356665633664383239303939383361
37366534366138613238383331636337316636326165343139386334383831383738323235316361
36303733356433393838663635643934343639636565663666653262303031313936633934653433
31343639616434303962313462373064323061636538323035393631633632333634306465326665
31626661373665393734613561336666303539343362363936636332366238333535643565303631
65353065633536666265663065353665633833343465346434393264353738613737623865653165
33373834376431633632653132393065653839386261626666663434386637663834633862623338
63663530383165313938623037383063366231383063616334633164366366356430383564346466
63613263653739613738346638343930646364303364393730366662343166666366666437616638
63643261313765373431623435396339376136363238366164363138396438303539323939633630
36306434663839356462663937323632363738306335666330633636313966653865666237663533
30613339353862386562316132313431346663376233393637323733303966366235626262616361
62633564626565653466636163303364363139396438656336306364633763643865376230356337
33323638356535643563616161323534326437343464306566336337666538643138636466323838
39306237366136366238383335383963643266316435313236303866306239326461373939666461
33373032373631616235633166616130383232663464363264666330343232373235363334636133
38356339636430323865666530363964633738666334386239623166663462383034653830663639
62383535346636383831613663373666356632646233393834323334356365303962363036626266
64303161356436626561363234653732663233326631663162643332663831366439366234316234
66366335323261626335653461333638353032356339393831643964343631356439626665363536
37326230663031356239313861353863303266363432336237343165343034376536373763333136
30363230666537343063303431383236613364396265363061376462333434343464663961343931
39386463376362626333663161383162333039663735306363376533613830623565613334616235
35623839393463616165366163356266636633636463356235636464366366356132626634623466
35656263336263346565633435633035636537373736363032623732363131336538313161653435
32336565333933663037653632653464383463633266656339366465336130613736346338303866
65303633346237633930393363396530663439643639363131343161323431303538623361636436
31343037636261303038386234363338626632366665636635353438613835313966313564396231
31373130373435373639353234616130383838383036306637343564613734326661313732333564
64643536383436626261363035363738323836653336663031613566393366316331366438383631
38383639326634613865383034336565363133633138366362623635353762313063346635383932
30326438323637373761356537663265663863393535346134386533666162306430613662633561
63643866336463326231306363393730346663363632343863653533323334633832316437333265
63313963323034666466383366336162326363363337313961326338396538363232333666393465
33333730616639616566666134373663336334393664313264636463393963653938386635386562
31663039393464653533353233386137383865656137356536323664386263333036383533663430
34306239333761663164373435613764316436333739386165643433333932373533643439636532
34613633336163663864643537366137366364313034316161373931383430386237336631633630
30646636313033383863363364393464656163353938376661323237333433333363613462636634
39316635633637313662623061373333306161323832343736343530366231336536303935353463
37393537323962373366393538373539356363316562623139643831303936663936356334313533
63613434666338646465373233306364393261373233623930313931363037376136623733623032
37643733653130366563363163363232386362663933333664383236383030386637373432376661
35346363623837323635393765326261623764343666373237316233626637396635386134313266
34336135633561643435633932316535623861633933363938653530343965306235323631346637
33663361636238636433623332303436396632313038343630616365303032383434393363623964
62346161663963396463353739373530373232363532393964346331343934653864323234323539
30613464303637326666643438656336343239386536393330626135613433366331343837376437
65636231636364633337633431326531656131613765666564393032333561623531666662653630
35343731386266353064393162663264333536613535633965346466663562313933636161396563
38663931313737366231323866643738376265383834313762323566393731616634633963633761
62636237326561346231643339633161656366323965393837336461396339343031316331336537
64623734393730393631613136383936323434623735373532616338363565303532636164373734
64633164373037313336333464366261333265336437346137393530336635643765356663656534
33336661303633643265653961386435303035396635353431306235303736363836326136356365
63333836383662376364313032376232393862643632633434323637636664363737323839616633
39303032373161333363613733323161653830383130643063396264616162613939373866383230
33613665393433363566303063656438623235316564316433636239353731323737373835336638
37303236626137633231386538393737333733346266623835343563356566376661613162333232
35653362613663386562643131663665373661316235623462643038646231313731316264633834
63393238633631666630326333653662663463666261653164316363376637366664303666643037
35366630313639356465623463623531653265663136653266326437636637633166373637663034
65386332653433373034666134383564303362663031356538623735323064643737393064366166
39646432373735313035396333373665643435613731333734333036333539656436396430333939
66363764306137396261363762386432373164386535333235663039623932366435646138383732
61653035316631633136623837616130633238336433633935376133316630376333353134353166
31303332323964653235656364386633353062343062316235373138383262626532346464383136
32633636396332396133613433646636353162336465646238616164633639633035653236363832
64663764636537363939343634623739356366633538376264343633356365396432303665376565
38366565353636306534316162396164613433326233656635633266646663346665343632323538
38363730663735386237393261323265333631643361653433323230363139343037643861643062
34356537366434623064616239386132346236656531613639383034623530323831383435343862
66303436366364303061376636643966363861646265663430373563323763623938363835623738
65353934363834366464326535353037353630613366646632393730383166643334666531333966
31666536356539643664343037343665346265393031306166363633306563653239353763313235
34396137323030393532666333353035643933643631646631643237316563326338623564353366
39323332383530613263333433333262346637313833613761613162333936343439306432653433
34333566363730626263313265343739626466613832363537343038356336666165636266626439
61623134643230313337623035313935303562383634633266366130633036363166346138636235
33616139306639343063613938323833656438333339613637343162633465303035313866313661
61326237343266323262303465623031333937336536613862646332663332383533326636343837
62303866633239313466353364633565356230373461666263393061643737623461313536623464
61633734383665346133363339646333626164386266376535383330333139383161653362383435
62646433666230313639306137376130383236373439626236633137626236653138373531383038
61356137376465323431666239343664366538636635373836626639663534383064346164306634
63626661353239373737383932303666303832356666396534626638386239383037386464333836
64316336633631396432333037373765326635313936616438333161383330356338316133333761
62643464633166326265376336396130393265356237303064623562636439663033313634613132
39316139393738656435356236613933343439326439643536636564363961333433313961656334
62336534323461313534303639306664343638366234346234356139313136346637323636383563
39646263653839633534323766383365383834306536373163313565393266356439353338643333
35316165346638633233323634393035623839383464306335613462396536303161656637373565
61333939623737353531663462316432616332323734313265633330633036346635613061343432
36366638336465386634616431343866353663383964326163663138663030396338396234393134
65386364356166663234643064633162633331383033363832386233396462333636333939336137
32303735663564386562393134376331626565623039643362303965353962383832343061393166
30363532356530356662663164613132393163323262316437336238316466313262376662316538
38396462663833643065373639363339616130343835333631316663613261333337303136323531
30653938333931623965316336346466373132363764336263366431323234303665653836643264
61386633356239646361376465393735383038363837626263616331633939363032663236646234
66636530346331653733313339376132346462336435616334623130333465623236643662326137
37313139313865386332346235666261363964373662356630353632386632306561376464343666
64313663616434353162653033336339663466613663316136343233613535396663616566626132
34623764313664346162313539366365333162323863643763616539643935346264613636316464
39356331303761393935643234653535666235626139653961636136303236353266316438396333
64373565383035363861633038623363626631366632386139663834653434333637636135366665
65333736383134633738346530363136353762386634303334323730653632323863646637313133
37383464356531353832343730333634353230616539343338336239653263626539636664343238
34336633343936633838373661613733643233623739303032623930323965383335616265356139
65356536613337323539313565646263323164613938303364376433323836323537633966323833
33306161393236343532343063613035313934343434666666336263356333303736343066656433
64383733383562663538663832663163656131316663343830633937373035666632366230396462
30616332353938653233626565626633383165306330646332326237633039643966613333643261
39373765643335646236666561343431333865656532643836626562623062303835363661663263
34643561366564316530643262353862633934373065613262313539353963613435633330383034
61653937653230313162386563323562316263326335366465343437613838626265346262656532
38326563396631366430633966386564663339636365653864333565346564353637333734306235
36316137643866623836393236303839363265333061616437383835336538643534386534306337
64353039363633663139653238656433353439303039616432616530646266666463636462636162
35643734326364636264653930343063306239623663303137343964323030353730613165373730
32346237396266363531623738376461643736316666353361613561383539663531303263616561
62333730316235616437663833303739303762353561333766373233633639643666313665643837
34333637373437663461316337303938653438393434393963396535646133623133333464353439
62663535333165663665366435393037623739633435653964393034343730356164303163313536
64303139353439343333616237356533653937616463356661663834393234653965356164653365
65343838363136643235396533346133633462316339363965626134303938373362383635346363
34383164343537356330343465326631353535333163323139326634383035393332383162613034
39363232646361643165323137623966633163626637316561363566616661666562303832616630
32303236353936363735303333643333623436303166373430356130616237336364346632343363
61653232623232376662333932393939656161376433333134613761323561623338333634356338
62353761343135613464646463613565643733326536346264393965653535643561306232326532
39383935396538333034653039353165373164653832646335326630346266306531353138316262
30383764636237626233653731303333653431393931356430343831303133636136386139303865
36636634663330646632326164643131663961306639613635326635353538346162376236623338
36303164656134353133313837613163396137653663313631666533656535323661643638626166
30636630366364353930636335346365666262343962333134343439633134613535306661626665
62393764346338616230383361636333313138626239613839376164636639653664373766626566
65376336303361633835646464363661393233663234363439366439613730326432643037393361
65303737373839653765623366393935613366623839306162373031353139396530316165646638
61323463313863343434353736643431396432623265346231343830643261616565613337363033
65626663616663653233353737333239613936623931373466633331646466623235336465383431
36633038666562663530366436386439326561623561376331376332363261343933356563633364
64336435666135363234653362623461393437393438313331306233313163373237353830316531
36373061383066666661616266363138333739653062353932393337663565643366633430643834
38656130656431383261393832666665376334653862616661613665653737636331323763303837
36323430343466616231303164343266356665336630363361633435333732363365633932366261
32353931643734393464373761356330626435366665353134393331656131353039636639326362
34323131396631343230653738353339306166323565323962333131343734653031386435623139
35303264373664666662626261336665663038633533343332393266343763623239653137343338
66626133366432636263626431663861636233633736623935336364336330663337396535656661
33376137376330393735633864326661376638336233643632396137333431616335396364393137
37653537643739633864343332353665353865663534626166633230323462333532373566663533
34383935386533366564353831346636633963653566643431613963353764333836333932643634
30346663633539623036353937653265646638653633333161323036366539653933656132363666
66656464356361343839343964336537363034656331343537316363323865636633333737616132
30336636396539356566653163376137313166383530393838653531633237316665313365613935
61646538663731303566396161653133373265386134353838636531656634376335636338363730
37393734326535613864383239313836383536623261383934343433646533313430643230353963
35643137383063303466666230613535396161623132363037313939616531353434393930376564
35623364393061373666623036363930326637313437316261373637326130636438343036393037
35616634656365383661396665373564323930313762346439373263386334353834363930373037
37316261303831323536306237623534663838656130346238653136393632313135646362633264
63643465326432363166343036393735393161666336386438383462646338636336333238313637
66656539383665353832623833656538623935306363363438623466666434353463326161393564
63376432363631363538633961633430643235313564363965343430373837356331633337623934
34666435623230646439633563613637383938663633356130333030396539616233613837626162
62663063333333343631666539353030366166343237323333663265333639623733623964333732
39393461333137623261353839393436666265313837303634356166633135626337633166306665
38653033626561366663623161323639646165633165353138323361393639613861623161383664
62633134613439346630386130373063666563306631386331636563303661643663316133326164
61313831393564316435636361306633323733633130643565323762306436653536386335383261
32303565343565613639373237386166363633346162666436366363353931393239383565353131
38646537613337303032353834303965613437346564316234303865353839343731626538663964
38386164303137373364663266393230306234666662656231376364373164653030316632643336
35643832333238303737376234346566656433313636656531386133666534373232313561656565
33663764626131653538376232333331346661393331653937623862363832376532326563356162
33326562656564613061306638633764373332613464333331356138376561343539396438653039
65343765356630666430306331313363363134653634323532663364663631626665306530313439
66343861646636666433306334323861663936323231666233653939376661303266336661323866
61313765373362303532376563326330356236646566313862396539633739346532663665396161
30366634323530396366636139626164613638303862343931623234353533623062323439636262
65386164393035666461303638383335316236373430313938356537633462376663336164363234
30333262373035633066656632333932373830376637326262656131303836633362383865633930
33383639633435313035323334336337346139306339666635366332393032633939323637346435
39323265626332383266373866663562653732643133376239366663306265343137333762396630
66623631653834323364363631376131653332313331306335613766366537366261336532303439
38636365386237616261346237323132663231373666326231373466303937366337356232646230
37643335356332653135386331373735323838646431346366623032653465653638636538383930
33643839396366383335653533656563316365613364383938653162373539303061326336303438
61613039303134623164613635303831646536663533336362306361366636373639323639623935
35396339656436373030663161373635353236653533643339353263646632666466656331356635
66393435333662366130383234363132646131346566323631653637363032373234363034336638
35363864656362626662303565656666623761356236663365623362636338326161653865323633
36656462363531366363653964383039393838383332613665623833373236393530376634623939
63643039626237376332333637653435353663383266303430393431633661363630396365346438
35396230643363303566346361333261373765616135623065333266363532383366353535653831
66346238303935306134666232393261646364316134613234393139643864616666613766663566
65636435633037666365663865656639396564343431616235396537653135343061626539643937
61653139333338333038303835663837313061353031386431656136643065633466363038633365
63656166653639303363383566353134323036663130623464383434306533653463666363333563
33363833623135623863333763656366353537363736303436336434303635343730373535363532
39366538653365646365643034643233383133333832613831366330363735343830376639643535
34666465376632316664356439323330646561383633356361656664646436326336633637633166
63313061623463343230333366336235646432303761306661353936313166303436303930316362
36323638623966383335313437323138303130633238653663656231306162663365653961313239
66313761306435323764616166356636633862303939373164373030643936343938316261393038
38623335306339323439376661313835323830633332653232343131333163646665633862333930
33316264343839323937303963313333383166643837613161376336623463393830373636643236
39616362393663373637353433646636373832633664333337323438393365393861326130356265
34373037313862383666663463303364636366643237613862373435356336396436636566643264
32363638343633373434636236336335623138623338393035386261626332303761333931303762
66343733636433336338333762323438623463653736306263636366663533643264313365383636
62303962643063343633376435666364323166616232333937323231623634313862346136313764
33613738313261323362666631313134633334626332616335396462393630326534346261376262
36623165643736323538393537326333626231646531313563303838393334393132363735333535
66376366313730323337633365643833346134353161313865626361623465653061343232623837
30353839643834646664313430396163376130376266643634666333333938376562316438616461
35306330636238373766383632376366313639353232386665363333633632616562386437326363
61626664323834336231303966363433656231316636323966656366646463643535363830356133
61613464366264363731616434616534653166336435383239396530633230613562653565303734
39356262316565383062323563306361343631393831363765396364653563306566316633333936
61323535356636323532623432663865346135663331356131353833346533396561346535616436
34666533313036626362633639633063643866333362323663646139623662656364303231306364
31346335623333663734323463333562333138316438383765353430333238363464633335316233
62623864643631303361643636616335303837366666353162353438363464316236376135363432
31346131396631353438656261306263626239663234633366343465663334623039323132336532
62356434626262653332383363326139623234623834356634366261336136333166663862306136
34323833323338373637643761653038353135346130666663386230613361623665363838663033
63373962653436306663653931373431613664386437353562353564653639333136363765306130
61633938393764323232633562653131643838646439383739313238636134356139636531333036
65633661326534313432303331376631393232656130303432316466356130643532653136363333
31363037646664376632333535346432383462646333333465396438316536333031663330386331
65636163376633393735373630656331626331373433346236356463376136383331396234326165
33666539353335393538386163616239356264386166323566336532323830373435653837326162
37666335666466656331323735323736376261323239626434643264306135303362643235623865
63656662323339306465303135333966666632366538373463323361396134633963343331366362
66313133313835393234326265613534306164356562303334346634323631613836306231383936
32323639363030616631303864653862393636316461663764313333663430386165626432383865
66323234643735653265653033666335613739396634326138633230323436336336343130653162
61326161623163313661636436353035343530353835613361383437306631346435643131316537
63613530353336343135626434633962396133313263646163373965383132366463373638363733
62623530373638633032636530363664663262643133346663303163343565393831653639373261
66383034383131633832363134366531663765323034363937623935363266393130396535336565
62663365333537313338353864313963616365313436393237623639333438393338356661393565
32643730316636333938346532663738336166306661623862333032353535646239393265373963
65643431613861336361643766656630623730346430323339656162366661633064646130346332
39643062353463663935633733383862666633323134613762393835363430336663336438363634
65396634366339623664333338313830323461356334373463366361383132306633313965636438
63336430373565343763363538656630636261346532323836366461336566656637333434383930
65346634323963363263383931626461386133326631616331353838306432626437333436383234
37333037653333346137653830623439646637376162343230353332313130316564376635343631
61626234363131323834313137303765613630613833303063313663333636353833396336316364
37363938663063666134383661396636346165666262373938666565393939623635393735623330
37636335326663303163303264623136663166356338303861636235353761376235656231383432
36373434333839383530613037653537313933656465653937616238646264303866373338656539
37626131656631393933353466626564353938366331343562666637346361623135623535363638
35346537306536313066663462353636643566303538326262663461613332313938336338353834
64666234366561613337343536616633323633396536363031356362643865343234333637663265
36666461633634643762356637383335343834613139393030616165353036333632626539303137
33353366333364373637636161623037366531613335663863346238653565313536326566663331
32396432366564356365623230353261336631353163626636353737633664373064636364666532
63636465613937326232316539393562393233353063613530353166306330393438313039636463
36313764366562316130303862633564623435363235343866306632636434623561666464326433
65636662306334663165653362653334373836616632393031333732323065653736373336633666
65373632323938383438303262663132343464633163626463363365393265663132643936343165
39393631343935373662323035633264663762333039616238396664643964336232656331323938
64313538303836343565386265633334303463663031623262326566613339643265663232396134
32656461363130663764323464346265383435653366353237363266346335663061323333313835
32353931313062373662363733623239396133333161613766613431656339383936326136396539
30393836326632313634333161636138363035316130386565363638633936386561363161323139
32343434326562663639393065363663626366666166653337373364343761336338326436393239
64323462613362353437316231616364616332393231656336313539393836656565373339396366
30653264383036636335326165346532333635333361313233303031643835316335616132363831
37373362383332646633623532306434623632333335363634306333643033363964663565323564
31316664316636376262323435616265623463616630373231313065313731353230323731323638
64303633323534303461626634663336346163666434323530653737653630303263623236323431
63323461383039346433373063653562656339653933613963613565376164316465376538313938
63313436366364303638363838326663663837633434356437623333386265336435386433303663
31613463656230363964333239643638396366386633346130333565393839356536653930656238
65666137386430306535363033333665303439616230376563343262353835306638633733666230
31633630663631326366393762633966316232326632613437643935383738353366663130323034
38613061303034303863396234343037333832613035393131333533386566396463663132656432
30623835636263316463656637306432363266363964363866303839623730313566363662363363
37626565393133396234356464656232386135366637376530653463333834663965356538376265
32343662326162356238356639396538613835363130343332333264636431373066373465323139
37356664653138663439663162306565356635326664336336363464366437646630646162633936
66343564383532616438393332363463363266336235393534396537386363626234646138643831
66323566653334636266326161333036646233306133343336653732626339373362653438333865
33613964353237373336343933613463656436623335363136383739363462383562313733353164
31396265636535373635313536333237363363386230613564353865613834626635636465316233
63363761626664333261626161343366623265666266366562636663393966326334323637316532
37373034313338613766383530663030336639396466343563623236663735636466343530633434
64383133363134323632323662313263623965316239633561353537333034303435313638633430
61303266633530343161313766383662353435313933633033393039343230633537613766393538
36393035663662383063393364323462643730613331643138636161336434383532353463666461
31636631633139336336316231383764306436613262306337363064333531343637663464623063
36346239663533303536663264393162373665613438306433353639306135333134353863313332
62623463383933656633303438393230313562326434316637646665646237616261373932326638
64616464316430396431373831643065376163313734363261616262326565666233303231383435
33366534633265623635373835613436306366653865373831336631376531633431313137346531
30633661356362303964343864653961613862643162343935303263313161393637343736643930
38313834343861656464333961386336616363646635396431363838663430376363666364643034
31393638383335666233303237336430653664633236626531363832333566663335393930366162
30343730386363336430386235643933396264333839616535333532613864373738393663373638
63656538353332663364643132353662303165346332326634336565386561313137383062656130
62383031363732626232653363313635623037323839623737323635626365633765346239373430
39656238363466396430376164636435383564383037663436623566363562383635353266303634
63383936326363343434353231386263313332613738656562353734643565363134393239633439
31363839363336643439633364636635666164373365663030306134383030646464376336623066
66356433376530653066356433363537616462663534313335326165363661383534353234316231
30636561343165656133663333633362306135386166646631306530653462646636306163396335
61303163613732333163663539623337353736336166653364623432303239643430393830646166
65313863623136316631306235653435346236656235666564633635373861633834323464616334
36373134323233616462303530326463616433633266316665373864383331353437323538633962
39643662323333646431306462613263623332643565323333313135346636353562643532336335
63353538396335626633393233306263343161626565396266626234643137653733633634663438
31346430626535313931336338643034346361323461613166613839383930633835633664366635
38656336623139666538633132343765646537366565643135396337616631303838663064646335
33343435613164313031373736386361376138663032326136646537333564653532613335333230
61376465393236613632346537386334663636383661653037303636383035336566393832636436
36393539373461343961643931393034663737346535303434646136623533636664363034323965
33653961653939343364366163626434666263383637323133623639393734663532626265356266
38623135623933666535313162663865323766623238666233383464663362633332656233396636
61326138346362626132653430303866353037303030636462623266663039373765353863336332
34396239663963336435643937333964623931393732616634333666353335373530633638343161
35633330383266633966356462343865613866363536343936343935396335633337
