$ANSIBLE_VAULT;1.1;AES256
36613866653434323337396262396137613763626165393562326163393736313661393835363362
3436633932356266643837393139376238323262383766300a383131343432663836356161346330
31336464626662623461373437383164613430616337663764376432626435373866316534613138
6236333261623133620a333930326161313433383532376233376562333263386633656631623138
61356635376161366632396531653262663134643233336465316563373833303230363132653863
64303439313462363461326236343037343066323565663434303132356634616261343535316430
33643038356132636431633362666238613263353737393662623164333265303131613231653763
66366137363931346333336136313864653033346639623162336131623661653966623238336566
62366536396566336665326465396233623334656331326538333762366532626232643233353565
33643466663062346136316264393161323466663231383530396566626534333034313230376436
37363764376265646161396461323565313161396666373832316339666535356337373265663162
31323362616335336464636537326338663734616364386534373736353461383063643437323533
61366135363033303464343762313165346366303336386439346534653362366434613665336438
34343361313561626435363635336365393334373663333830343631643462663331383631626362
34343262383661353137313534383639343435636561623130376561373133356563333739623937
31363761643366633761333136336139646338323537616266316231366465653566383634666665
39653734646663656365343736373061393736623933323836353965326466343163646231643237
33343630326565303533373237396563613333376661653337353332656263643232636239376161
64663437333436633666663539616563656136646439346438366236643561663833373334656338
66316633663536623339616630663261663630643234383536353936626237313664316438663932
31393039663063393965633938363832336436633432636131666336396631646330613534373131
33393266363337623831353964666566366262636334636136663334636132613162393230633230
30366262646134623236623564376435613965363161636337326639343966356330383938666666
63646663376138336537373262356466616133663261653830623864383135666164613061373462
37333532633135306565306662636565326363386435303630653037313231393065323165323231
63333763386430656666353530343839323937316336346263333364626132333436386133323935
64616534316165303633343363356430323365366137656162643836323162386633343863323734
63326637656438313764613935666138633631613836336532346234646234323264356262313831
65633861346437323463393037363263393661356133643739656534313031663738373665633038
34336435333765653938636631393164326534636536613834643939313262353336343561666538
65633137393335636265633837643365613462383266363262636631353664316331646332376637
61326339383632393438323232663064626331616436376236306562316136666162373563623065
65353862613232643236633336326565643163353137306363336435343639633966626434373536
34326663616231363666356165356562636262653230303866386133656365613736306166666633
30396632356438333737656138373565313564653734613065633938306235623937383966396164
36643164306334313036613162383864366565346530396364363936396338663838393434326430
30333232393033396334663837653933303065353161366532666536303134343066663363663762
30343731376462663835346433663233646437303235623436343136663364663436656235626437
64336534326339663437663833333066623733343834353730303961313666643463353937623032
34313664303939363066373766653330316632613662633932613162353031376237643166386466
32336539393365363338386365613434656266663933396533636162633039646666633033643834
66353863383837376638336166636138363939373530643831626335633535373134356639393730
37366461663662303433353833626262316166666636343933336365633036396632613839313337
37666462306364666536363031666435386639343735366535613265386564393730386262336362
66306361383131313833316133636563633734376264363362623465313138326265333266386166
34636361373839666136353165643033623638373838613838376264636337646335666164656432
65663033363437623535363134316435613130363166653366396235373065333236346138376362
38633463346530626561343035656639653732393636643062306565386665623130613239306261
36323232306562323034303963653362353333646230663737353532386632343163613863393038
35343865373664663464356263326336616439633831363961643162376661343862336536313064
38323931313161323133306638656635376433393765363937643135613332326334666363653933
63313233346431363362316465313634623738653962396435343135376637393065316666343933
32613036623136383766313362383534663838303661646266633738333636313163613263666531
32366534613533653362613964343436653538306230313964303233366662653264663763613061
61633536366664383464313562366634343763356165313266393764343364326566333832653162
65313631653164666239333934353231323762626234386234323032353563393734333065333062
64636233613262643964663435373533343338313437626339636463353632373632336431633639
38346666366466343564653231353765333131303737386631313861373632306161643833653536
64623931643465616161656561633364633030663061623537316230616162623630323633333434
39633232336266643861343366613563656331373132633030633930366163363433323762646631
34396636643661633264623863636638663938663036376634623631633339323130623130633863
64663161383036623164666337323364323837306162616634383462343263666266356535613531
34613666313931316137356630383963363234336264633237636633313932666333393263313762
36306461356337353664373761303037343464626663633164343964623838616131323434356530
35363264356462353666333535376265633839363634373633623164346464373735373733373135
62306239653035636133333766383765613538373461306232653834373564656335356637353835
36373764653361353333366366313361623539623165383132663134346363333439636530643934
63613965393864363162646534366137313931316339393966353261333061313564646362656232
61643762633562376665663965643263636338613562313765653036373831616330386237343166
64613631313761666531636364386134393261653338613230636238373764666332376332316136
35393064643363663564303066356234653630656462303932343131613865336634653034363466
36623964313366383766356535316463383163353033316233373131653530313765303438613932
36353061643038316634313536613761373161646633356463653465333531343335386634383139
64663937323335323934393134346666653932356165663031623930326537343939666637373931
39333766373862313864336331626464643563653235636363666137643139373138386263653432
34353733386264303638363863373131396366383636363131613232363830656534303330393138
31363531636663323364336165633238346337373961653138336362633937396537623634633839
32323838626663306435393834643831643032656437366534366638353135643734393831633764
31653532643465663963666331373239313232636565633030626466383733346137666264653963
35656261366534323639326232646635303635363534306139373335376336656466663430323663
65376434376662366134346431336334353631663065316633386231326333336562613965393637
34313231326665373532646162343038323363623636363331363338316632623366303461646663
35303864343865616264363463636633396636366531623336373066346538363064636330623666
38653031643531343638303462653030336234383462323030353638616165323039666564393736
33373862303666633737633264383165636530336463363463313161633937316265303839356638
39616439653939386362653463346236396562636538306633316236373938656637663064656539
65646161333165633031353964383066343061373962393565616534313561356261396435383138
61316130613938363834396262353336303433613933373463333361336139333435613264653462
35616162633838616361663838306530653764313833323538393433623365646562366539313066
33626266626232333836376533616231386462616536613137343638376334643765393136383963
63376263636166666137396430383362353665323064346362313339623266306439616337646333
35306531636334303236366266313438363164666633666436626138663938623866666262666562
64646565643831343137306337613438353930613737663664333162653765613233373638653230
61386132636138373031393766636535366431646433656239376261333563633466306432666137
31343861306231633831626431663538303163653861313739363437623236633736623938306636
66316136633031653564656164653031633164333038376638363566656131353739356639353933
32303436653663373931306339643839346265376663306363613039613265346161343566346166
37376237373361386233323633633465643333306136343735323663616439333565396130326134
31666330393431616164353666336535356337343761303066323938663632346363633031303061
34613230613465373437343364346261613463623339376564376538616265393138306463373935
33373163373131316362643938323662323738316630643465303464323565373436346633396239
66616565656566316632636231636332626366306438383563653632336136353862393531663736
64363961663461643163623536633235363832613031396663373933663437616335323938613532
63386661336233633930343130613938333933383163373461363361626631663732626638613035
30306337303338373638373161616464333834663066363732616565363636613431626639313361
66306461313436663735353731333537653662383034373835366134653363396236383066633430
37613465636138363363666662623662626334386532393036393965336531316238336634353564
37343436666664306133633765323231333465386233663662376561323538616166393136306566
32666232396239303163353936306135623062316335636136393438653939646131333033646337
30313237363464353637663163343162333436656539656531396230373862653863623833643862
31313839343632643764636462323462396632396461353062323236343466323930623039636333
37343930376334316565633734313738393330663336653563363763383931313862303563323430
34303434396531373639313666386435353963326133336536623836646365666535373232336137
38376634306232306137656433303836326561623762366539346330373834353439666438346230
62343463386261386163386535343739386137643333656635323834306666633365373437393762
36616337366132303539393562613066343765323961323130396562326465336261616639376234
36623961393262346561313434323337386662383461643430633566313134303962666564346333
34333562353366636463656534346561623132333164653939323332313235363930363932363264
33623238343366656232643634316235393964316639376131663135383835366563383031343962
64363938336163616233623332373336363961323565386232353933646538346438346634303039
34386666393839663437373264643862656264366230636163326531306162373438663361353531
30653766343231613362663132363935346136363431346337663936636237366563633265353733
65643865316336313533373932376361623665346338643536343436343737646663333039393962
30316430616630373331333365663634633762633135383833616564626134653839336135643730
38353262373564653432373564646364356232363336326164353231663138656566346337636362
34396130313563663564656533353433303363306137366164633732346338653833313961656264
38336636393261303737396339303339353365646561633133393964383766656365623533383365
32303766306435633230383662623432313766363265336233326437623837316162363932306637
35383464383565373532376265386664363333366463383133366532363464626461383738353136
37343665356433656563616561376235383831363932636430356239343665336433393264326561
36353264363939616238636236626163393332663339303634376165613434646239393761653065
36646538623835376165383235333134363337613638366135613431633061346333303836383637
63623939643938396335313130326366663833376139383665633235666566643431613837313164
61653663333736336362353939366533666530343763376565353035336165623664323462666637
39656663363630383236323330306665323566383832353930303062396561316564373038336636
36366633666561393337353037303936663865626637366461383264343536386432323836643162
31313639653565666466613962376336626666636230306564373332623262376530303330323566
39393464666263383439623539633266383732383833303637316132343136636236633332613163
36363161666535346433653565383730393738373064333564623562383264393630353735633337
35306630366138613638343161326563393835353739336163336435346566643862656431633034
32646332363933346337323263636162346236656365653530356430623166643434633965376639
64353438363064646538663933616261343963373730363432363938623737326535646361386364
39323763623061666264646565343261366635653632613633333464633761663036386165393066
36616563373962353039616233363934653934643234623435633961303138616239333365653038
63313436633230323531366261633763373730373931303238646435636438643232613162623133
36386234646536623130386133633634663532313364363266653765323432636365313065363833
62393766353666386333336463623964636531343138326666396330306332353164343539626166
32366663356266366535356564633938383362626163303536373936323535383637666633326133
64656661313966333538356263353365323830613037343933363434363339613236363438386237
31653961353565613436666231343262623035663337383335363131363566326331316235363036
32336530313736383531613362346433616535346131313336626165616262663362313231383236
38326430393937653832323938303762323138643737656137326637343534363437343137303839
61343937356265333932323366343161393639316638623030656330623364383436343630353137
33313434323839306532313636326161613361323232333232323932636531613732623337383061
62313435343031656432373835396635316535663833356363316338636461636662663361613231
63366437626633623531366532366531613736316635656262636561343537653466333564613538
34323066303261376462316562303462656236343561383966356335653963373839383939626437
66343662366430616434326465643664616664383165306638393437633262353333356365303532
34313230383965323665396563613830643038373730353434666266336665393932313730613935
65393538353966303431306136383538383530333931393666636630313466393231306466366664
33393866306531656536343861653863373435383062653261326235656538306535313935626335
33656564316534663164343232633732633131366231333439666462303136323937643438636265
64353761633565306365643331343839646263363834376434306465623661353237323634383234
63656262353138346433613433663361353638623032333565646534343535353464386335376537
33653732393337336163376239393432333732386631316436303738656333323733646261663165
33363831313462323332323633653637383932383130353765613563343566303365363465366434
32663339313266353865616666396134643039623736393661333833393032626465313230323831
61643932646332313136383566633363383530343164653838336530383563353466303764646237
34383538656532653730653633643237636439653732646565643664346435643863356332653431
30613364376666623234643234623332646461653832633437653035636632643030636535613061
36323935336135363534353934616633383363356161623136306662646230393438663832363966
35323963373263333033613161393361366366366437643534346530336233333732313466373336
38313263353731396466383661333765656265313638623364373134373035646531396633353534
37656139393330373235643063313333333666343235333163636335333332343335636430353037
62663333316535623564386336623066323164353037623532623764353333623831303061353462
37343262336635393037333738656537616563636135623034613838623536626465636439643765
66353861363734666237633964383863663135353939393430303737643061323137346534653533
37656561303634623461306130393539336331626533646333393835613133646666646338646638
34323435363030643035666331656638663437623938613832613638643535356466623364663261
33303536313838663964653965366365363537303064656565366631323761616666623466353166
65623935623338373532386435393332323339303430653236356438623939616633363262633562
63343137386134643863303031623231303862623763343132303034316334303430663563386430
30646362363766653263333438343365656233653262643131393338323964346365333535343336
35656338623666376162623864363962356433393031656266316436663265656563633963636264
65353737643033323631653265366561353333643936343837663261323736363935343434366632
36616462643533643764613037336539353135653865386430613866353235326565396462393761
38303538316336333931613436343739336162383038323562386663343236366635323839386261
61363361623338663334346632326533616136626137303933396137323630306366376636396234
36373465336161373134396334633935343966393035653435623263316637623039303038636630
66303134383833386236653361396562613163313230363364386664396531616531636261616361
64343161363737383430383436386431363435643439313537323532633039343532626664646563
36316134393463656332343531333162616230333236633738383334613839653962343737616437
62643131306334656434386265373230616663626634383232313663363863363461376434613530
34376330613662383561353233646438656337346333356637656235653632626230306561613730
64306334306662656633343563353062323264653635323239393935656362626336363563343237
30653033336466613665316133353862643339656436323738376436366438633665616666623037
35666435353232633561303131663263373934653930643666666334373138363736336137653161
33353535623465633138343266353532316138626439643337383465373035626138663139306262
32653639376462386636393939376539653933636263633963626336336137333764613033646234
37633638393833636634373735393630303566393061313633663937613631333866313031366335
30613834636335626139656264313531396132306135326566373236303231323934353963326638
38396532656533613230663462353465613031633765623361303836373436326430373761313765
30303334653564376335373835623764383465316633323434326461663739386339613835613766
66653766306338653433643263653639653438326161363263643264373462663930353637366463
36646335353631636638393863633062306666343163313330386135363431653334316162343131
65326338613662653139346539656635623331356236313963303762616438326262623062366136
35613433353464626439613730656438303231616363363238616133323431363661636537613964
66643563633832333137353930356335306238633331353437346538393561316638336335373334
38303531666234323463396538396332343265376331663036316661333832616132393363376364
37663930396439316533616561376365633366393034643337323939663063336463313662356565
33636534643734333033323531393737303336366631343433323339663834373633366534343963
36336435626533666466396435633061353236356233343135386631633265633636333234643536
32346637633231343838316263613261643534383731343530396463353565343462396366366265
64633634323637656462383732313839626462366462396563303936383730356533343963616530
34356539306466373537396431323939373065666461623932646533313939316636626433666237
34306361626163363465613064663466303337323537373261326163323235633733636561383761
33343565363334353163303662386639353637313838353930383632313037303563626434353439
62353331353335326165333663373139343832383739326630373534326164383838623663386533
61636433396131303635613462633461653130353732336231396666393038336264666565333663
30613862636431643032626232313465383534343365303164316136313763393038356662356334
65613633623461306133663464393837386561363039383938666661353465373735386333643339
63336463373462623731646664313232643566646461613237626234373136616532393735356564
65623139303266386165643638373032343337653838616535653836393438393533396661343934
31323866346237613637306261303631336161616265633531623965373036666463376661393563
32653338303335623661663634633164666261633431653133313130333664613566336161396366
62613536336266353131346430393434616237663639333965306265316233616236376630376132
62386636613864306363303237633366646264313536326565643330633934326463643539393335
38373531656533656230363531373265613833613766303764376365346561663562646362343862
32356164643530306366373964616264633037636132623134643830336365323533386564353434
37616130396531323932373832353363313535663835353730636666653236633532366538356630
61643432633733343535646163656130646164623232643466633938666630343736323065356537
33383134323964663961663765353366636432333832393034663833303438366334366331613062
62316239636337626432613835643935616266333861303437366534303930633130333866316330
62393066356162333935633231323136306161363636636561396162306133326462616237646262
37663235643234346666353436633163366537303438303065616266333035666137383761323133
64333931323565333336663432643436623562376664633233393631623739313632373639353566
30346534333238326464313233363231336536306536633065626563346232643835303237353237
38356663613038343432396631353731663132666364336330636164363561373165396633333734
31643635633731653332653436363766376632343633383931656466393238333336366130326361
32383738646539663963356235636632333237636437633331303233363930333530373637616633
65643636353761383339666130646232343732626330656138346434386663653834363732366334
66303165326630333865663830633366626332626637313138383363343832383534653532326635
35306364313366306634626332633431636436353539643431613661323764656563373138663138
66343432313965373334303734316461656464393839613063373461633634613634373637376536
33653732333261356136363232343762343231323837653666663439306437396236356264393232
36386231306431353665323962356461393265386664623766623262613339363436313639326130
61356661653865313062363433326362336233646535376536353539666634336164613537303664
34613035353733326163623464343039363432663063336465393433346639316537366264356163
34346331633135303932643232666665343931646634336530366636353730383932633539343934
39303436353635306631353032393130663739643666313162336339383562373833353738646331
63616430376637393430636261313666313336366539663565653337373436653132326563313661
33383561626532643864313833363166363036373930373365666336343438383734376634333831
63663339346532663061313166303866363639376465356131366166383830356533663866353764
30653131633436633965613363303830396339383933363861633266343339653234626365376430
38663333653432323733363461373263396333373230333134643134313064376236353431653636
31626232626238663032653239343130303136326637643930653335373634353032343237663039
30373031613331303535336632343830356632323230373535376432336462336430366533616661
33646233376531386239356662333139383338333735393936633936323962653336666565646131
33373437636532383234333165393930653762393630633636643461646362326235613861333335
66353834373234656361626461623066376661326535616362313137336365666430313438616431
38366334376464646637623533386439323838306336376465313133633765326236326136353461
64653033316435643833643336626438666163613563346335336237653065323465326439623863
32316230383461336135623961333663316461666135386161386434336637303138346364316266
33316663333330336138373539383931376365636533613862353366616432333936366231633563
31393237646530633762303934653836353436613965353434323931303834626131643439646164
61653931663561666230643161616138383163636562373438666336373461613535353530663736
30616430623134663933653364396132336165363733373131373738656166356666633138326637
33633935336663653038346432323435646163616434623035623133373966313935393837333830
62616166656161323939306331326362613864646436393838346133356563316430366363656464
32643263353262373435636265336366353464666532366638313561323133373631353536376161
64653266663166656666313336623530396531326462376435666166643961313531316330383236
37303664303263643364363538383634383561633533303832616164316535336436303333613665
35616435323738656139333737613839333062306265333835623530623836313433313064356563
38616461643132366263616635653738333132313062323466356130666638623835316664373663
32326365346137633363306237313436616433626436326166633534346432653637333337373035
37386134356133323732643866623630616438353334376637656361353465376564356234323738
37313436343833373433323832663566363536643736393937356535383063383238343536373330
33623533613432646162646136386538656530373839373930306566636634396438643364383063
31326663303638323562663866636633343236643966643262623361653035323562616536633630
31623332336535333439303962666261363933663631393036636433366363643631383232633938
65303632336562353264376237663634643063656264643938643536396164366561613461333965
31316333356534366332393636353132343761353639333161393439363230633561376133336561
31393832663462393632373430633037626661336337656531353861633233383831636339613566
62363131313931383130376335323165313335643066653039626232343730396234636437343135
38663539613364616362393164393430346530653864393038633837623864383335623734633534
65616165663866636361666133353361313433663264646638643734323934613166636364376562
39646138343261363963386634393837636635316638613235646637623432346366306130386438
30303562306436616230323637633133646430313134383862356236346266316431653133363066
37333335353739363632636639336261666534306238633065633866353336653032613762316434
38626232616238313639383666383461343934383332313335623830656639386631366562343137
39616138383065346533653662356465666437323834396164333431613536363938656433396663
39303061363362333432363464373163623730343936376235316335666665303735393762306634
30346237653330613438613830306661333665353535393032653161373137646465646638363332
62303533353031626338613438373939383832623561336235366561363065613565336362623231
36396338613033366336656537326534626434353235353639373933356237343661663631356531
65393236336334353539333236666136373961306464623364323932653964653632313466633334
34323031396665323362386565313266323637623331366433386637356564313131393239633262
65363538366163306631393030613139633463386366653437633166343434366361653466316539
32383336383132376638306530306366623034336265343730336436373637643165366636653937
31663765393864666565396465656564366562333932386362386631343137333965626237363534
31643363343636303561396437376538396432626238323766623932336264333737373337333131
35616539363632306535326464646435306330313332336133383366653766326562396538623632
61633630343261366662336530396465393730646166666462346434653039663239376263363532
35363937343165363035666332646632313065396337303134316461323434613231663736623835
30616337356134633866663230326261643836373662353230376539393030646632653462623137
34326535346539643635353138343234386462653930613632363439616265373936326235643137
35363036343462626338323264353430636638323064653438363132656261373330646564376435
38376232366235373532373935653933666533623438343630643263396131666538316432633564
36383831356561623832363536373933633937313930343337633436306564623737336461643533
34326132643835326365653838363361376165313634333664363762323031303561353637343837
39336639373966653631373434646466396132316161626430343266353961366539616436396630
36636339333364343166626237656639353062373738343135653732396132383363393161656561
31643164626531333363613665613632366133613338633737323061643634393937663665363636
32396137616330313761643038313730346439386530353963656136306465653864666635356466
35386630333134663538356637366539323631356139383962353238386132643432643332336261
65356163623662376233663139316331643330343434663936666265633834396665636261643234
65336335663264333366323437633162363735306639383061313430623262386664653632626339
38353232306332633637326266376634323832626163303332303562623233313236666435643665
33363538373734373335366439663035306630343036323339633065656162326363393239363666
63313837336463616637653362326233383330653536616566343764376232313435306231613935
62386537366634313934323131653138373036656564613231616366633837613836363932396463
62353538386566396635336336353330326439653935303035313165313263383736613365353430
31383666343866313137626532613631353362383332356434346462626131633438623564643834
38666238373238353761626339393037313832363434626433303634633633373164623366613163
37346661343964643130616434666138323037633466626438376435653363666363633834386661
33646364653731396530313562316564613037356161333134363061353335383330333761313034
34623239616135663439633062383466626461663666366538326335303165613331386465333864
64363034393836306532313736316237323364613639656666393439393538313362373234393265
61616534363832366232326163303033383139333562333063333430376337353430323039626536
66306161646562666238353630613236356561616133336661643431343664626530653834636632
37373131613464396334326663613864633165653038633766353035383764363232646438396237
62303438336463316632353361393964613239613364336366663231366565373739363633626130
65613833653032636230336539393965656236623533363663616637376262383336656230643637
38633265316431653565393033373130373663346463323535383566623763393731353839393832
38663037393038666237633062316461613565313562393930386665653663366630306663666365
64323233646535613733613135386364353464626261366466343332383138393134303932643333
64343365343066613432303137623430623833623034326338643330346236336562383536646538
65356439643162363737336635643838356266643136376666643365663362633863326430343564
65333139666434316263333230646633316630323431323065316563396165653933393235356538
37626530393965383237313966313965666237613839633136373938333963393365373861656637
31643835383162396661313462333536613138663731653333326266373066326234356664623732
62303064313139643630313139663963656630323966383836376239613134653565336364343531
35336232643737353336373634336362643163353436326664663064616464336538613537363530
32303331663462373562333862626165623331363636373331643564313066343366303162663436
30353161353335656633343236636565356635613733383661366362333961346434623739303434
32386364386431356463353938353937636637356163373765323266393139633064313464623364
32623336346538633734346463613666333139653233353234333464633366373030333731663432
31326437643434323166663461656666666361386233313830393861623230633166343162343039
31633933316133646563343734633930343833373330656537336131663261313338393839333537
36636133663531356535666531333065313564663366623965653339343133376665333763333463
31636435646631666331636637663531313161646637393337316438383764666135616632386265
62663366636335303063363234353637393262356633386534386137363538306338363930303861
35333564386330613933336633623738653034323037643734333162623564623130666535633163
61303339356231633761663534366638636665306338666233616638326463333732376434326139
35366461393531326435353532323631623039626133353461366439616337336536623731633633
36306464313463633139653931616433323030646139616337613631393461303562356262336262
63356463616566386438613863663635393135303834376337336266343237643961326461613330
33643764633166373536323335653464613733373332336339633839303531333936343235316234
30363562633763326335636230666163326664346264656238393365663434666230326434396236
66656262386434636334626637306264663564343263623935613932306561393433616134303131
63303735653035386130326562383565346434616165613138306139626233613863333434663264
62343235303331623866626533346432306436343631323733313733316237396630623333396662
65646531663063366164326264386334333938386262626133323932356133303134303965616661
64313931383230373135373330623738343364363431363462363836326138633163323162353930
35643037643734333433343766666238663737626334303431323238363731613939393661653165
38643063386466393864663834613232326339626666343532613032656565376538346464626632
35386664613466616464393939343531326438373836396638663430656632396536336663653833
36373261313130363666656362386539346637646331376636633039623966623766643533356333
30313662613366363332663763336537636238373935356332386462366135363238323134613936
38363536346131623239663665353234633862623834653764643064303631643337613731326666
64613731626161386635333535663466303632633966363263386136316333616239633136373661
65666362633038323063613538343631393032356439303262613039353030326638306166633962
62646335333138363764383864636635363737326562313734363064353561346537333665626461
30336463613962343035656165313336393635353761356635613732346132646662393063306565
32663830653733616533623335633963643131643036613064376164333330323239613939383732
33643830333238336536303661643862653566316661653836633834613437663638633666396233
35626433323937376162386334303338613933653462326366343265633361623735303531343463
63363937376535646437643664623138326164356332633734313838303865323735636565363665
32616236383936613139376365633337303565313263666636343533343137336364656333323132
31646538636464613830633862633565396633316432626432303730303261366164316535653964
65333761643231383030303530343165353439623733366363656234633033643433313165623066
37643537393462613738346561393639333335326134616339376638313839666636323039643639
31316139386161343235306564633936356663343862363539396335313536316432336631356336
62323636663138356162376331373732663966373261636230613336323835663335336163376266
62366331316363313363306435303238373834313038383834316338313462303465313532303563
37633830373261663538303733336466353164626136313834306333653334303139363930303863
39386163343334633435373664663836303337376330653437653962613561373035396138373635
31353734363463376561646633386466326234653333343137643739616136316332316365346238
64333931646231666339643161346439383433656663336532376135326633363262643563623835
33316236333165356263383833656139376339653738613462623432666664303138393337363939
62383831326265313065656238356563393731316235643534643934303637303234343437343937
30306539396565353362396538653364353734383930353761383435313632383761366563393039
33323135336633656562623536623263373361636139306635646532386132343862663763623661
38326536356232343038326631386435616237313437346333643634613534343836303833646338
62326633363137613832343134333435343062356361653666616662303239303266633134383735
65393466643430656633336263343862386666653932376635613465383561343130663366663634
39653732623434333832643333623438623961636336316438343266396331373933633764326334
39326234316236346166613835646466323461346631623565393832653566626438623234323565
64306631346561303835663434306333376565306663656233336262353935303862333165333538
62666138313463333336626131363335383535316231373336313438626533643939613131353233
36393039633761313563633165363961623431303633363466306235613230613662396432396631
33376536356534353231323632313132386464656137366663623937346162356530633535316665
62386364636361336338323430666232386434636530333738373734373565353862306237386330
38373136356262613837363437333766393662636262333131366631666661323539356433663063
64653063313538613264393635323832303739313035646138313863316139626535666464356536
64313537326237633332343231663064396230626130343136616639646238343533356637346435
30643233386163326561636531643239613137376430303564396139613265626565663763613066
65376466643062643838303630626639383662396535396630613733343466653033376234386139
65363831373833343735333662663032333130313538316334313138643439316336346332633037
30313438613938313530376165626338393132633562636562323239653532633931653534376436
64306537393632326365306139626662643438323265363737316565383731663464386131333961
62646634333530386635383733373332396661386135393036663061653234333162333666356634
62613832396231323265363337613162353934336339353930313636323465666166636464326162
65373736633866633562343965346263643731323134636663363331303438303031643635396137
39323538323437336132333462643462323532393961666237333734306635323438363839646133
34383331373736663236316236363664353062666263333039656334356637623232346339393832
63646433616362653066373234623966353531636664643038386237626632363562373062366565
61636432613965343664353564656365653535323731356662656561616439643536633734636636
62613866643134636431356165393266313165336137303561326464306635376566353937313332
64373165386264393332386162326338303161336539313530336330623939623435353066653830
62353137616264333730616135326233326235303338636132313232303836656465363332623430
63323639343835393961643934616366396335643636636563666339356339373730303738633431
65323730316633326166386261356433303965656232363633333234653537383232373432343930
65343539663562626263663035373164313766613030303262613934356662366565613962366533
65663230363937663361343738616332386435623262303164326136633162313564393231306534
62326235343238373635663466613234636236643065326562383735343138333136393133323638
37383937666330643834663134353964646563383263643934353565393737636435326138313365
39363464336236626231623434356262393665366461346233373565303930623436633732336335
62623262623932343237306634396338613065316237356535623039333063653766316532343961
65626137613538666536666162306365623931656131333565663435303030343961653336616239
38626231343837313537653933336332363138616533393163303164373235376464336464373866
39663864306532613333666330653366346565633535633930646431393830653237366538323634
38343233633363653864643462663936336331616263336262646434623733643634313333643137
32643938613633363137373030643536323264383138396630366562626164393165303738313131
33626139666364333332623062393333666631353239383133636163353732366331363034636232
32366463646335393462653962303563626436613435303866313735323139333166663234643864
35626632626466336261646639663332346636666261373635393338666337323261326564393363
65653861623431663262303931353666653561363035316462303730356265363762343031393930
36306162306331373362356266613065663163643031303633633931323836656165333937356234
64383264353735363466313636656461386137393662353233316161313435303138616466633835
31383731353962663739376163396135303130313464303062393566393430636162616361356536
33636633346566336565616131663066656132626632343234396461333061663436393037656530
37323437306439346133626562303838306138646266336637336139366137666238636165343738
65386535663166376231643363313362343865636530626335616236323738356165643163666331
36373336663266336131396135363036616338626536643236383064316263663165343164653561
38353763366430333235636434613636663464643830323633343134323532636665613739363434
65656235633966336633306463363263353335303362343565636432613839613664656231343939
30623835353438376463336434316365663339356439363230383836663665666237646237346532
31326163613431323434396464376664303965373737316133376564383430613834323434383335
35396461623339336436353435356239623236636530343430356438303433643536623435313264
36326630646332306134633432623036656635383635643739306137376261393463393739633463
65633965366665346337343238613333346465653636313133666239646639353761303930353032
63316266316430633663613965653133303561373033663465383037623763366363613630333062
31313761613962656236386661373165353830656538653061316665353661306434363634353830
65336634356332346635326564363930383062363033636363626362666161376334623565666661
36643631363335373539363333363831306661646562396633306333333033376430303737363836
63336636643064323035303434313437623437383662636130316437653766366437396165366139
36346530396437393939663730363666653836343036313666313763646132366532323137373062
39383833623835626166316462333865653661636537313231336238393132383764653532376163
34396636373236623738613735376234353664636264636561306136326336393365313862316461
30646665313162393964653838393230313032376132353737626563356532363462366530306333
63313034653233376664356364316366366135373439643064363066393236653837366237386331
65373661663464633763313734633938623237386630303236363761343665306262373038376166
36346639613836643232656263333437386264646433333665636633646638633965386335343630
32653731376230396666613361313165613864396632343830656236626165316538373462613966
62356231633339343763396531383036313866663931333938393665326566373831323964303533
30623664383332323566393531653138326165633736323434656137396130333239613032383239
30376164303534373062303136626161313862326535353031663436313666663331353935656161
37663036323434613935386562356331666139653436633862653364643264343234613930383363
37633739633231323634656562373934333436303732333531386634333839323735643536313562
63396332393338326235626564376537666332643034383863633864366338303562643466383531
66393737633831303863623537653065306262373732383830646565313033643536353465663330
63343231636161633833383561393263306535663166396265663835623935306233306337656336
37643766623661386439396434336161326563613438343530396338666630393165633338623730
33653037323435343036393238343336666332366564393731643166303432336639626561303834
65656534393963313166626166643365366533646332626536393234626536666464356638663631
66623861613065343865373863353033353433613065333232343432376437373930316332393332
35613961343337376462633230656133363031303738386134636631656633323231356532366631
37333363306539353966333961613434333730613663353664643431653133316263323431393361
64363733613037316466376465653563623166353333656630656638313830366263366263663866
30633734353735383138303235373236336436666433663362383638383230393638626238353736
36666230316138363135356164626661366639616434653564386537316537323963306462316663
62613330373734346433626165626466613062373339613730326661653664636264333364303335
64633964313830633865616362646137313633626665343561653265336466346339393864343239
39633336383234383435323937396636396531346434653736323364383631376236306261343637
33653061323162313838613566393865353164666538326131613966616239643930616537306434
32646366336161643465363635623866643361613734316438346234343033663266376664326234
33646332376136353230626339643733363038313039333538656162653437623631386633393037
33363039323065353663346266616633613264373535386531646434613033613461643838393331
66626136393030336162393931333831623333386634653035356137386632663365313830353432
64656433363730366231393236643131643764383062663830633537316564636139363531616434
36623233376266313733303532386363353630303832356365633662386235373231323031616561
30613037626432613633323761353532373538643362336338643361306333616666316239663234
64623161313130393932383231323935633061363661373238333032646335343637633133363765
63396538646438323865326633393062313837353665633136323333333937666333353039363630
39663664373364383664313438396364363462336534373138613563636364623763333563393733
30643064373536643863643531333565343164343064633939633132363164376336363438326532
62336262663334326561316332643362383936376464313736633934663636626530633734343231
38623634333837643531373032633031373838313435373639336637313465336263333831316134
62336236623330646531303435383230376564633637373765353735653837663239346162383166
65653733633132633665643730333137663538366661366433303634643537636434313931663330
38303864366335343833316265363762616466613239643838396434656234313930343631356330
36316631386331653666373332616663343835363166343766323834663133333535363666363461
34343438633736326662323665396436313966653337626439663333636638363636353962663533
38633266663138663334616463343132383436643533376563343535366333316638646137333539
34636634336135393264616639336265643536326131323863346431393138383462666264663139
62306430393362633465383464363961386332303062313266343666333934613038623335386164
35386436383433623362336336303265346432333030326366333630306137396234643736326534
61393862336161356663626264613362633535303238323838646431383531666333633037636130
30663931643234616130383838653663353337363738373664636635366330333435306632363937
35343163366266643231336339376165343366343030336631396436626561666335663263613563
39656436376338636363336134323366626235646166616634303438333835303265353638306539
64336363336435303162333034396132353937623266623166633439333161376633363161646364
33333836633133373131326331376465633562393131343035353563353733366233613530383933
38633437363363633463373462373639653530346462326636646265326433346266623733333532
39626133656433306364383065633137353333343365656461326635323164373936356137323839
35323336636535343233323939356665613462633363616136313132353165383038393264303239
65373232386639333566326465303963356234393135333931373939386562653230633435326336
30306438643461346139663437653733313638636564613932393334333130663433396664383664
62333664666137346131343139303739326631326233313262333736396434313465326336353237
33356139626631323834316162393232336532666238306538616231646334646630366264373566
30646535363235633631623661326231333631393236346230376436326438363334313135396630
65653562336136626636306636373232333832646138356532623462643438653164393861343663
35346663303665663361346439663537343737356165366164346632343038633664373937376133
32653966356335366430353530643032363161393037313032363935323161663263616435303564
62306239383063623132653238376162646532353633303661343034393732656662343964333966
62323636616361643932393939636330333961366631643037386263353330353934313439353532
37323362316633363766343930393261353531656238663461323066386162366266643430346363
35633234633934323237636138396438626333326230343264313634383463376165313064356337
30646561346234356533666635623832306565353466326335396266353664386336323333383865
31306633376365386363616335356366613032333361396530333133663533303235306230616562
62353335366337323636336431323631303632303037393739303738633938326464356636306133
34646338323636613137333330343637343961333062613339323836633030626233333337613535
62333732636633656662643961643564633264623335326361653633643762653161313131353930
61623939383835313164313930643165653138393632323732396137333062616532333161623739
37323936653236613835623164613366363863383561663138623062316461373765373433316532
66643666623632643337326563316265386533316635666135343138623739636335326336336236
32633665326566646439333035396537646431663134373563373263643563643134363633326466
34353235623461633930663634356332626666336231326366373934366333306632633437323530
61316638353937666632376531663535643339646166663138383866663539663864333636666235
38633832396365313532653331393562643731353831393866303438613832326162346232323233
61356232353731626466616339313539393932313438623466623665336230303936333462376434
36643363353635653337376135373863623133303033623833666433343430313732306162346636
36626335656364663063616333313262396332343632376666643761303634623533643439663263
39663966313035663264613233383230393262613833376431613030613234313135303733346364
62656539623334383765306230666139396535653761336438623862323732383666333265396262
66653731626139633032306631663534623431356463373439333633363134356639373031626265
31363538373136383334343464303062373964633133666433643135386536643435306162633864
65383965346435643361393036653338313565393434663839646534356265366334323764323737
32346535363566363963633032636238663564666265366466613164386438643932363639366533
38393438633864363634666466353537636636656532373638666536353339303837623831333238
33336634306239646633353832343532623133323835386135626130666432303336626566366265
61323063363937623738626239633637656463386231653933353536616463633538313665646363
35353939323833636532393338333135316162326230366534396664626366623837663233363135
36316335336435326461616233663131396263343931333535303535373961313430346336323264
38316330346639613038616431333231636166343765383435343838633639393563613534323438
63323834346662316464386331373461386665336266616237323336393961633834663632323038
62393532383664323665353430653536363333303637663438333636316563303632663734303664
65376434626233646537366430393132383136393362353637386436376535633232346333383166
37643537316533316239396337363461386139633031643739636632656131663564613535626362
32643162366564636634393231316639336531316238376564656363666665353230646431363436
33623963333962313930303235343133363939396336623465306566333663646239333931333832
33393966323063633566373633383561383566383935393132663331633762633161303163326537
32663933373461326135343737656164326466386638313532616537303136663534623233333936
37346638336461343139396635393236336366343236383230383961343063303465653766393765
32386438613535396338326639636233643134663961353933346537363035326664666435653539
61643763616365376166316134333430336666356331303535353038343330323038663066623037
66343866666263653761313935656665313665313234616632393730643139336634376330613963
34313930666561353633386361346633366238353332333864643731396431366465643833656632
30346264616161653131643935343134656632383861306364386230373030373764316466363766
32323133326364653138313261333663616138623031363435616132303163366435353966333133
33666533303664643934343339383063316634306463306666323862343832396637353934316666
33623764633838363536623563363832663032323235343733626562383239393330663137663363
30363166666464663735353236653962633432613330343930646138376339623761373764343739
36336231616166623837616139323434666461353734303431643431623635633664376364363739
31343336383132613963653965303265333363633565346466666566636334396237393131333263
31613039333364623465643432663236356435353933336134356632393238653962346534393062
39646564353835336336653435633865303039663963636539333131613962313036656462363562
38323037333638343763383732303535636636626161326666613266333162366362386663363730
62363737623836656538636230353734393333353464623831323037373636613338663036326366
37366365363562623165613363356638653436333366623736633138336533353939663330353861
30666238373337363132343137313535613465333066623661663063303965366631313362633465
30343063316130613861656436643735303438396530323130663966373765323963623861323930
62373937366231663236646339616538383834306536363232383833643736353761626133353265
65353666306438656533666365316666646264643239316334326666316663343539383061636538
66326333326337386532373266383261363633373832386564373833323837643238646562306336
36626533376263613736333664333135303836666339636431303236663365323533646230386633
65313134343636346161613666363934383833306438376563383863653332636263393933626361
34336164346462633865396638363665383865646434396531346630353038336363653064326464
61306231663333313839646336343135616662346438333337623833343031386461626466623438
32623139623230343336323130346331313666643461333435323336616436393733366564646436
31396130313161326133643534323964336336623061663161643162386364376434373636656132
37616166633339303337386333613164623837653136393063646539663665383336303066353834
39663038643261356238663536636662323132363132366166333537363936303033343434376237
31643663376231333464313531636466363961666631626161323833343130336162336563353231
39353836366630626261323931326336363339636339393538663564326637653335383666616339
35356235613863633061376438626535326633303965653464636639396262653833633637613232
63396363643862373364643532353361313139623037363739303564396432323631343234333337
66623064626630323161393063626433366231663930373462666466633866633266346238336339
62623336643566303932363466623139396665653532383963343132373533316231346436336333
63666166393164653839303539303762623338393338303439353064613835353761396563346135
61366237316431353933343331643861613865393232326465643362633734346234353363333635
32343962333438393462653565323262356264376539326161383431666463646430313235346630
64396464616535376166373033323531346265643161313561616165333536393032393736356331
61373137613165396564633231336565633639393334396130636232663565393761393664636538
62353230336230623630356533356265306161336566616539336263633336623235646336316561
64613831653063383562653132313762636565373764333761376131333734343731343464373733
66636534323065626435353461643333643163646165303837613332386236653039333633636631
33333136656437383166333863383838646239366664396161613963613030646335393664666230
34623466393630666138646231303734636462366337303035396636316264353464623532646534
64333639346335643166323561643964366363383637313437336630373536303835396164653736
35303436393037393266396431613461323865363662633461623139643063373039376337343133
31623766396438363861336365653761653833353737373966623131346332363366386135303732
32366566346166633134633635353166336536376632623365366264653363623433393335653631
61396536326438653538613938626137363535323162366166323831303339333331653130366633
30393264346563643264343533643533306334626539336466333264663237623966373437363264
66326563303335616663343137303137656639356336393834346330643830633138393563333465
64623233363262346332356566366363636438396635656163363039356535396437613863363738
36333535373062316639613762323063663765343638646464333865333531306437663437386630
37356339343334396636333633303239616432353536303165653864656264663034323832373362
33323664633832636164653830303762333832633535396334343031333238376533616163333131
35376562636163346232666135636133363161343239616239363438333838323332333161666431
33353334396366383561313264316133333364643166393736643736613532356336653730346465
64666237646563373664613362393236376466303136656130376161653738326163663130383130
34663864316137333161373166353762613832396333636665326435363337376137616163303661
64633733663461633665373739356361643332313936346264333135663366653065363837346233
66346331613338303933373865386232316632336431666337643337393931383063313339386665
33373761386162613439623437336566396538333063613536313262376166613933356236666139
37656632623865653564663965326436653761383361613239636335643562666461356335353936
65616233383765613230663634663232636437303764323935313537393037396434313739616335
36383661373662363631316638623733356339663236353062313964623830336163326335333036
63353739643366353233383936343164396661646463653038303463336364383837333934663437
62653133616337373430643162323131323238396532306335373032316538356131326665336261
30333261363233306535383630373539356536333232346266303966383432643239636363366435
32623238626234636137633035383431343466643965626430616438373831643463313331303730
39303133313631636465303566373538646230333533323139373462366162333730663430633139
32323965393033323265643431336438396463313461633365623634663832343131643061353964
39666130326464366538393336663136613961343239326537613862363364633531316365393038
63613532323233333761366661386262623235366233373463373632323666613530343462666139
61623262666630333330363763646232343233396135623337646362626362323663343235323735
61646633656135633539353539356466303165313338646261666161643635363332343332303438
38643236373731633934386262383134643634343334616363633338623737343834373061656539
31646666346465343962663438333065613030363263616366316466666662346137323166396135
35306536313265343235393936303035613534343034343537393932366462373337316462396133
32653535666435633635333461383739343165636237393264663434616634643734613536326236
32623533333436376638363463616162346439663631613231663363643838613365323731646263
32316432383663646363333038636533323737306339616662396463396465366539383035323138
34343036326461613563646339636439643465336362653065386162663935643862393963336132
38303639376139343861613733653933636430326238366630666539363561626465386432643037
66313831393032356537343835373462663862303031333432636366333834353932643661623462
33633461623831646363633064626134323732313331383631663738633764303930303137666561
32666434666638383436383539616562353236613933393465356338383933623139363039633865
36633337623932376439323562666166616534343261323930333965653262326130393565343234
64383832356564316466656263326134616365663131663934373564326534356434356661346261
33653730626563376433373962653165623433633063663337633061383535313230643639346639
30316337643163653232646538353062656263663837376632656666636537323934646634636431
31333932343765303336643137623736306635303064633535326162326362386430333135613237
65323036336261643436363865343735626563356130623933646164313061306466643436316263
62343237343863316234616339343464396339343265306432313761386566363463323436623535
35353830363762313961363034323965396634343238626532623336366265343236366139646232
33363438643361636262343938353863393234336132616330343236613632646536316430616261
38666135326564343635643665643939343832336563653162363965376532633764666536376365
35363339623935643039306563653637633061613635616137623132663062326666346133373361
35376163313566336564356666393766613132613364383764636136666531346162373335323337
61306533313932306338636166373665373165613739666431663339366164326536333931363466
34663937333433643564363631663863386565396664643863623637643761386366623263393864
39373032363731636539616432343137343162323433623932613036326235336137613537336632
36616533613163636137336631333162643635323237613131373064313263316137316632376236
34363136613639666233303664393132623466633633356438333433323634366636333630376631
35376437313162386235383732333366616535366639626361616437643365623339363564313633
64316332363530646435616437306534666438393337323035323062306438613665313738623563
33366437653132373065303935616366356261623831653739666331333435623139363539333065
33383165643736306265326563316361343133373534643361613264366239376366366134646232
38373162643562313261343364343662656165363833393233356530383565643833336265353731
35633265633061303633623134616365363065353063623334393864316535626233613763373232
35653863353936333735386566346465646364343361363033326236666563353862313565656162
38336638633133393432356363353761386266646632626433366266306263653632623937333433
37363264373232313462393130396237343363323530626661326436373932303239353833643839
61663239326431363338373666393365636633643834623735363365636133383761383837643730
30633434396139396361623132306465346333353439353566623834616431316530346130306165
33646166623834303964636535626334326634376233623936313133663733633730346238623661
36373765393461643738623331376463663636386165383862323763333064306130663538636534
32323363303138373738383164313938303361396239626464343834356663633933366634613332
37623339626633643663316262623638306563636663383136383835393930643665356130383562
38666237373133396331643863303264366536393636633838333161373839333534303261303736
36343464616330356161313963343166303463323530326466616439306639376332613537623639
63653035303334653234646266623630636363336665386364316164393432356430353433383763
36323331313565363030316334326438613866373933306231663064626364663933663635383263
30336639653338366365353439663764393637313863383163366131656438643831393635393533
35626561323034376461333063663432323530323262333832303865343738653430316237313033
34653834313463313036663033356463306265323635303165643938626363323539376639613932
32613862646335346366643135303637613533323962616539343766376330333463383366303061
37396637363463333231626663646434323234613136623735353239666431323563626339636131
38643430343563393661633234663339336162313063666566643635666130666265643533626565
35636464373636393232653066343662346434393963323238643733346437626438663133656138
63636463363638323863333362353138353066376436313339396461303134626161346539643665
37666564656461363866316430333362653665333935323537376536353464653732363565343837
34313433636363333332653932343635653162316665626333666233653239376132386461343461
38363332376638346539613039613365343231346566623033393565643735663966363863386366
33326137363736663365343533353235333333333933373661663532313263663662323534653866
65663264303661306633336462396237656164373032643232636137373736666238646261313836
36393839623763613733366365663366643665313033386237666565323562656235633462306661
32326531613938336166383038326263336232396630313162323464356635356435326561316533
64363539383333333165346661653932343933313938326639636366636232313866663536636466
61343765313032613335363837613666626337333764653663323333643935383261343438323437
34306438663030616236623337363832336262636230666232343266613161363931333331643663
32363766353761393134383236373265363131383562363165666362656333623764643538326335
33353964373764356466353935393739626364613930636161373732643439316233666635363062
63303066323237383864333539613461323463666165393464383233323535646365336636353830
35613834376330666366623131633861376130306538373163323166636236353133653331633963
62363239356563313832633464313431326666313331306231393161393463663961383761366661
35626464646466346561323639656333643138376437613339363831386136653531663435383835
64333730393930613864653066653864666534333634316238323738393934306639643732386364
66376631313135643436306362626461663630316562653161633562326565326236366535383862
33393138653638346233353664336465656430663063316431346265363839316134643836366561
36656631663864376432366331306134613662343631616539623165643261373438633432313964
61633531386661393463306436386166613837386337316633616163616234643036663436663034
64336565313731333861353866366363613336316264313532303336396561316365393862613033
35666633363939303636393238626565336366643538653966343764366261613264316334383438
38623434313337666166363061653762663365333566363237336138656266613630363935646132
32323535383565313834366236616662303236303961623861623762336439636136623333376638
37636262306535313736343663643461663765616261623032623638663465313366313235646233
37623962363635343234646130303835346535636563633835363637653633616330376531343164
61663938383436666530313764323564396130386565353065373831393961663236636261666534
39626137323865646133646233626363653530353434646236356239356465666433613764646330
33373639306135333161656432343336316566633937626366613535636366353238663039353235
65613533386333383263306630323161393263323164333165396161376532636666353166346261
66663333616331303137643862646634626431353136343735383832376434643836383037663631
30633932613631393364666663346430396435666562376639353932613139373036633735656438
30323236313362326436626364363362653130326636366332393434663531643666653466386263
39306562653432333765303831303332306533663266386364663362333238626235373031633763
63633061633932323830376238383761373635613834636633383038326362353763366361323165
62616631353761653036376265396366313061613030393164383564316661373064373962663062
63393762356266356535646239356466616432623961306138373630326330613966663066353833
63313537336433663130316566633664306334653161316164363839636664366361373433636464
38623866353032336635613064323936643364613330363732653138353961376662373337386232
33616266643133336132653237313138363337623333613162303964643462656235393763623466
66646331653738633030333034356130316264646337653130313834396130343131313564343338
33313363646339313533396130656434336531643133653966393264643238366462613831633663
38366530383662373535363034626262613434613839363435663536393965333139663333643265
63373333336564323165643035393233386634386562336263303630363334303663356237613334
37306433653739313933653432303561613964363131626439343733343364306433663166393138
39663963653538626262303536616438653331626638373661326161646431363365633433633637
32336230373461623666353838353064313037653266356564373634633439373764356532346566
62616164303937343335353432656365316163656532346635663636373636333930383435333433
35336162333666353339656233633336613762613833633830653964346531656332393936326438
38633334623738383433386537663165343835653933343738336136373065623833393039333138
34386232666439323236653838643836383966633635613034306565373030396532366336613432
31313662666438383932393733376535303238353839313031383738636635316131623238343365
35333338616437656333313039386363633036303538666565356632393266396361396463346135
35653434613961376666616139626630613831363336623966613662666162363432333033316631
39653032393266323962383432323738326534653166363962333935626564623134616635303530
37616662383465303631636230326432666137366161323234643263633338343338363837653931
31626562396136633862373033666365383639373739636236313030366531373832633664383136
38376139636162376130313763383665383732373363346264656437383730306462333962306133
32326465346335633761616235333131663636346565636331383062303730643163613032633133
34306234666363376437323462316133333430353532326131393162633264333262656632393836
32326166633034336135623139363535666636373263663265336162633464316135663264393336
34666637393336306261643364656331646230333037616430633461396561646131643337393030
30646334343332383538646465623961313362303963623137663234346330313035323235663131
30393932326430646634656632356330386134383139303135646339396365326339643364356534
65613031373266323866653639373339613262663562626231316430303466343766653939646636
30653865356236646365363261323536363038333765363133656165376539643934633463333539
32653239336236613833393262663763353866396661623138363334666338613335316232616136
39303861373035623835336135613063353239343435656462663462373363626333383631393039
65633563353461313738646364313762393439396437393166643664613338613233323333333931
30336439393138383264646163396134323961386233643864636632343936303165623762373039
61316666363066343939316432376335633730653863666134326366376638306537343462633939
62383332366533316631326663353132663931343764383838626465333137363961336235376436
35613763333037616139386136633266623235663562323465366231393334383564366139653338
31396238366138626463643531346630306431343339333839643932646230353631336332656161
32616634313634616338633664633566386666613536363036333836353862303437333363383665
36623838323833303062316533343039663261616263386132383934643436333939363432386261
31386165643737373738646439313536336463646462643364316636343762343435386536616439
65383065353065376134653537306437323538323063366163356433336364646365626662666332
36366261633533666237353134383432663030663333323962393039656366306533353535306133
35633133353466396361623833306264663864613764373738626464373463316262363933353066
34383135376464366262623066353534616633303734373337393833306436653538336437663563
33626232376335383561383435363764366665323461316363666262663930333832323731316630
61366131633133396530643234366166303931386436663961626561396439666465613936326336
32633635663536396235396439396431373362303031383131396630343566373335663061363935
39613130373337306263306331633465336236353534663262363464356437623864373836336634
37396632323736643064633337633636346338383239373434366338633139356562636633356662
65313235623030376663383163326530646338353734323036626234313534366161393937653431
35333833623165393734313930646530363861653135313461646534623330623739386664643934
33346664343164353231313035346466396361313061323263326661386531626565616631316466
61313064646537326435343163373566346238656239376239653734656261363138643332656163
35366638353264663263663930336330306161666235356430313631363864393936383036303863
34306235666238383166323536343436623635356266343966373434323139313561336566656662
33373135666263303835353834393439393437323863346337313134363463313635326636623936
32643431626466663637393836306238613434373866363961363964386636336363373739626163
30616132386231343638643433613236383063633534623836376366663633333733393832356133
65653064323961663264343863333137323537643863643831633363346536643836363165616234
36623735353236376635653963356538633139663662323932646331383235383830303436656634
37666464666334353866356138373638643364613066656463383932653636373532333261343938
62376162633136633764616666666639393062326362386633386362643262633339376237356232
64383365316533303238396665643334346263303532356333386534623966346166616137386666
34626130366239393961393036346136646235633766306434356264393264373738393832613561
39383733386135663339626466313262353737643932623761306561386263316637313936326566
32353839633665613637653562623338316331366236373733646339323936323237373164646363
31373032323733313632333266353662613363333738343263363466356339633438626232643366
61353035376436646530666366646639653230316466316130313539613431346534653239353031
35333866303766326234356134316531623764396163343538303537353231383464336236326431
38663837363438336634633338313262303462393764336438613931373462343833393432646263
64356566333361663238663139393630666466303832313866386666383263653334623134666632
38363631613066366231666166363864386538303061633064333963613765616162613163616465
36396363343262383837663536636464666466636639643633353162656336653437633031376337
33646330363334636637653936336235323339616364383636646666306565326466643632386433
65613631396462616533396332323630363738306565663366333661386263393164303063386665
64316164313836353036393365636365333539386635623839653635333865373430656361326664
38393936326638376335316633373239663939356332613535386364313963623337393438383935
36626232623162303562396333636639383765373836343838313532633661326537613735366532
31656261633737623131626664386265353534343937383638363632613065386237623665333464
33616466643137346464633832636161623438623839646664326266316230303533653531626130
37326632306266653435393665336630323232653334323036323864303133616662343535653239
61623134633361633530633239643264383837636432376163666361396331353965393639353166
38303465396263613730623935633432346261386263656437363536393262613938653037383631
32373965333832383737316230356430343235643733373035356536356139306332366537373432
62666464323765356436313061383331316161643637633465366232646439373563646363353733
37393931653963343036356338643634336162353934636538356333653561356434303433653536
38633938353062333736343131643363323237616132373166663733353562306661326632386630
34303432623432346266306661366366316437386537663262376364383437373432663831313034
30373338376666643461323839366137653263663365346533636666306333346333306232636632
34656337616366376632356533303637306262386237653532313665623966663865306434386338
36356661633931343239373039323766623965356236316539653532643332376135366239333334
61396538316463666465613466363734323331663730303231623731313031613163656433666437
31313665303239663939366465663635643566616434323131636630663266336339393666396564
63356531623232356533626135383764373831646664333461656133626665376532616131326139
63333365316566383561356431383566623765663830323561643834366337313439366330393130
31626536333161636661626337363566313963616535393534653063373831393338336637313138
62363163656130323737636331356139663962646164626631623564653764363934613332313635
30396462333936646131346534623435323630633533326666613130646265303936346638343233
61326662633362393265386536396163613031353232313761663931386131633861373833626666
61303733306163653665363435633864383435313631383564363466373530396435653363376634
66623966353331626534386636323964613264333531613863353263326233663564326533396461
65646533356466386561316539623038303332393364346431373230653238666538646435623333
36353538306635623430353164396338323562643338626361666166633635623439303065386439
62613236653463326566616536643962303065393463343865613030386538363964333765343634
33616630623064313038376338376530313335363766346565626165626636383064623331333834
35656136386533363966393433393237633266633561646236346663616565633834643435643964
38613762646562303961656636333961323330656432353133663139633831623937386430313663
62383933376262386335393865623435613864373461336633306663636535653634363930636334
39626436396437336638343563393133646338633630343739333663643635653966353634623433
32336430623062643331653861316466633439636166376135376631366563326462636365613265
31376233346336653330626436313861336663373438353132336130656534373632306463666435
31323361636135633635643166666134663064303630373936666539373135363733363830333035
65303765656432323931386464326565663934323865396233356666656566356538363632333734
63363461306337666165353632363862353864353132346230396564616361623530386639613064
33336235623439636237323963316265303730633230653931323963373235373766306161656234
63613431366537633865643166653261383636656564306139323463613865646665616361336163
62353034623132383231333030363566393065326232363066366363383438646265363265303465
31373533633061366161326163336231336633613934383130373131613264376661626532316237
65383033613838373833373231653163313163383438633864373764643831643863313038303637
33616463623762333638363961393332376231326232316239613265373031626430313866326132
39623633643161303035366662626439643266313364323335363962636362353765323337626566
35313762363630613335396132336538633435653830306266613866646561633261663831623530
36323932343435343236643662636664613938303832343433613937333663343039646364326234
30353038626435336534623430616534616239613136666539383762333262636334373237353434
33346633653735663537626335643732363638343630613135303638353430623137303737336262
66303834623464366239363365353036383664356562356166646561336462646361356439633030
64623361343133643461316265363330383535396334643564616138396336303866656465663165
35653164646565306333343963336137316138396464626662373532613635353138633566313437
38653535376133613535663765653832383636396432616366393463383536373333303365316563
65343139343332393430313666343135386163666138653835323532346261356537626361656432
34393839343265646465363038313164323264633731346662393431623434323432373065306330
39303532643939663138386235643466613932303630636465353565386633306638396438343365
33316135613034303465646337396263313461333764306238653133663339383839633362663231
31313032303834313830363031316163343561366635626636303331323530653661393635313036
33393834363631343438326463633363326365306566396138353935313935366163303336356231
35313735393566386432616436353865333735376165363935383234393830316666363733633535
33366133393339366535363436663863646461373532613837363535353532623436636537626336
66376432356262373161366265643036363330653031386234383635626436333961653138383834
36353636633135336162323335333030333934626663393662373765303838613739346332303564
38356434316332653334383066383566393437313334353864663833393636363238336661643637
66633130343835373731653263663737633563393638366630313265346335313136626462323336
36373562643634346362333832613563336163353864616663643361336633636437303433366665
38353136376436353030633430313133363633303930373562643931613566356232666434306234
35303864663836336634393635323465353435656563316434323566643630383536333035383336
31393266616639643563353834396164336232653736623838643435633762633436653639396331
33353634616364386561343535386161626133353366653235613236376462393330326432383437
35373435623937616334633962653137343335623262626439396164633661353564613464323364
36326464353235346565396465666364633963613930303730616233653836373235613838383731
66636461666464396232373737656535646530313965323837396262336438363132346638306633
32636161626465353031613330653865366132303662316163666136613137306563646530313935
31353837316362376532623137376130386334626365343735326464333334346337373332636134
62653631663631336331626630646332316264366130663862666132333165393232623766373130
38363033393735353536616663633633346664633932663334643265396335376331353164643232
31383238643333356439393630626235373734373037333234613465386465323130386639666632
31656636343365316131623439393333656531306639666433386638643536663162613330343762
36366338353739386131366633303539616335656533363631303461363031386237663565633432
32636465646261373538636366376137303531366637363366343765353735646363353630643733
33306437366664666533376234613637383964633730313363353861326636633235303130656330
35666163396338623436616465303439313231643931386437303862313531386237306163313239
65633862656238613365303966356161656538646130643165643437633535663738643664333366
66343963323837353064646663663033626432636433363061363136326565313839636432646663
65643037326163303233633466396239666434643537383136316563653533313634336238643436
63616238306161626531363962623664306439363538323361326435313232666666373536666635
63386365343265646661336166633637316566333335396631613934616639653665303562656563
62396364636265303834336436643539306231333033633136336666636635303230623065303233
37636566633461363632366134663336303466353563363865343637343663306439376235303662
38663139306264626230306431643463633064316463326638373232623764376638336236373964
37363634613733363161633162383134366239386139373136653734376135326361386665623939
62366461376133653930373339346362333639333965393037373337393639396236363765356539
63633032306336393366363364306664613030636338613538323165623235316365623134666530
66386339613537343763663061613231336131353165333831653232333038393737316466643930
63663965666636333138376539646530346139366337393230636661646265336231383566396264
32626537326430333934363162323730356338643066363966323331356561326537303034616439
37386433306635363361356536636638623964656336396634303438333435616630663430313839
33616566383436363439373765373832343137303332333963633961633039613339633139353431
62393730626166643333646238336137393439646237316134343430363963383131366534366531
63633334343731313765626631383631363531313563386439633562333234623837376137303261
62633836346463643732393035633465393334656638386335633033623962393231313866616439
66363265373937306430376537663834376333616164623365623861373536663034626432313037
39313133323863663237393431336663626433643663623133653237336130636130353162373030
31356364383336316132323837626532326665623034666361333364393861393730313464613633
30363066353963303036643835396530656431643265666437366265316662323531393264333862
66393634303637303934323763623539663833653639613139393630346163323235623334356538
61643738333739373532346436663262343439643562363962393566323763636138353834626530
35396238346466643533323337373166343362306234333737336333306231336162393233393231
38663033383431623338663433653334643463383333643666636236663838356631303932316565
35316232393465363632303837356266363963626265326563396433346162386165663035346639
63306362373862343030356637303533373332343265386161333161306638373936333462313966
63616166656664653036393361333263323531396537336430323037623666646165633366396436
33363933336162356239633165633031373438643535623763663133353335363761353531313032
30643662616133346339383337316234666635343930343733353861343630626232366435386435
37336463383864336435613430326566393538623830333666393662316666633737623039363030
38613765653933396365393963323230346634613636383164646630346337663335376131613365
30636234303836656532646331313035386331383038353239636361633538303634656161666635
30623661343139636365346236303761306262383834303163373161323661653233316265376233
64393034366439373062306162333239613865646539636538373962646533616333613666626430
32653030306431646232636361353966616239326465356264303165373165313765363061323738
30393836336363623534303864396639336433343839616534613762303239643031326138636631
32356634643932616232656538386562386232653533386236646262353430613130636163383939
38623735363930373263356463616438386263326436306133313136343466636663626236376533
35303261376335626234333665626635663535666235633661346334366634653632396161353461
30316630636163643435333361623637353637326234306161313837616564353834636133396430
65643964663237323139343665393838646331346335613438663936363638616438363663353862
34343133386631356237623465623236386232336630653962313338363862303134353135346334
30346634643035663564346363346136613931323563646464313834343836663465393365393361
36626164323434633233613838653636353235663265633337396531656139333436326330623465
39626539363031326339653133636665666264623062656465666266393766646332653834366364
39303637646333373437323030396636336138383032616232323538343663333165333639363664
61313238346438306665316561323965356364383131336561613337626561306637353535353366
61653962663663326562353130656265613438366264396134343934393861646364366533366164
30393231666537386531356335626639613733396366353539636266396231343939373565333961
31306561386164323662376639326236643966656563656437383831653839303231613735363861
31356631393637623837323730356466386632666636316630396535303632346361366138623139
64336563613730623831363133313162323662653364653136626562343266353538336139666365
33386462613266313237646536356634353466336461653066383264666337363162636461613035
64356663343837646334373039626635666436303433393838643736663463393163356133613639
35356166316336383462343965343864363731396165636530666165353361306162363661366237
31643761393239626432383661636137303863636233613632383433346363386231653634373037
31613538393933623165346635383261613539353035343761363464336561373164663061323834
31356230346262666539333866373461636463396462323562363931313662613932666639303935
63666231613462303834353161346533383763613165653531396635346130313132336231356431
63356136646261623362393238643938313639353565363865316637623734383733633738366638
61363639383037373834663730383235616666643338616237373639313064656165623330646337
33633636363830643434396434303263336236633335376365353162666137633261313832383863
34623965646532646230636434303832313431366361326638636366616333613439663337623835
61313230303461663937343336313139323662313638396166623337353737363361653562353536
37653430666133643931336362336665636134633762373566613338626161643835653561643465
30666332336266393030633337653337613430343436313366343633353530333566313562343564
30623764656331396466383233626534326237386337323366333962333530323030316134613738
38343539343365666339303964316135643261373234636362373436353330613536646462653131
64666338366230316239356162626263643263636636356164306336376339656466346337663237
64346430333133393865393065643034613139376664383332643134353339323666633531303932
63346635346230306235356438313636393135306335343962663765626464376532626465303962
33643133386130313338333435303562323766373936313939326433653739356534316338306464
30313763633635363234646164616630323762613231663463353339636530333234666237303339
62383664343864656331373135653934643130633332633865393264366537363439316534383566
31646432353436393532313930663663353361333730653161646338316633643638356532636433
38316238663831393235393963646337613763636535613134383432393035393439613737623362
38306339393434353163343263306333623366616363316462373365646361306336366432343638
30393239346463343362363131646461313134616638386161616463326238316131383631333066
30346234326639356639386237346463363466653965313766633938626436396265323762386634
31323135363932653963303732663962663462626331636661373436323934363333316639613138
33393437303434663365353434643462383035623337393066363762313361646136396339396331
63383932623139666461316631383137376630363761323735376433313232306166386536623166
31306365333132386666303763663732323061323862366639636237346263313163316366356339
37343233326261383636323163616130316134663936333739666566366161353438643638353335
31386430346663656166343862623463333161633665633538353535353139323964613836646233
30613664656263653133326465383835383639343838616236386464653565663736386434636233
34366365313239303635316438376334623131656166333131313035363830303533363735386636
33353938313961353665356462336436623962343030316362303830353435396561343465313434
38363230373163353962353664616332356162363062636262633034636536393234303464633465
34646435346365323230316466363265613063393432616435343166623435653234643366363737
38623965346261663439383938356461353837383732653836313161336239373663653235303936
37366362653064323135393038303633393934623132333231663435613736313431623238613563
64346638646634386365316665663061336634383634613064636439636639323261393030303037
38663630333531636564613031653263613534663236323266653163313632613232353434383436
64323965396633356633306366653336363536623665656233633630363262623533626239383138
64663837353937646631343337363730306539396431323363326462316636356331313134623064
64643035666332326665313962636534323765336134636265656537623862383062386436613765
63366532613334633036396364333263383739373931363433616435343865666466373338303335
66353335356134346332323535663865336538393336353161356362396232306162613538616361
30396533356631666133396664653133333031313365396465336637623466636263373432663665
64343037393531376433376634656461353732366235636666623435303030323535306561313631
63323961303739326535346332616338376464386233353262306463366138623263633731386565
34393265346334353465343938343032656130313762646262303036343966303936383766663266
38636438653632386364353433663536326536663864373663336435616337313265376136616634
36356132366334656335323765356131656565656530363237383565326164336562633965383164
63313737393464653536633561313666353235316131393066343334346533613862396430326162
30353436313363373039333862353739393836333630613837656439393439356161396162646134
30326264653761363031646431646639323336353761356265363739316431626330313365643233
37363032333831626534313165653237393265613930636661386639373736366539313864626231
38353066393730626364376162373237336133396362663435623630343861323366366533616261
35333634313034313236353965343131633765363566653863613539633239383663373136633838
30663365343963646233656564393965386438326636323135626534326532383964396565643432
64623030626130656366303436366239333230626139653361393034356364666637393432333238
61303762346133336133363434653266353937623561633161336338663062363733653864656639
32336339393730376337326561313739323566646232663463353331376137646536666363396231
36313064343162616536616164666530313563306334393731383664663035373462626365373662
61666139383039623863373631636333376230313162656433306134356664333632623033343465
39346533323762383562626538306362316532323261383864363238396165353461643031626432
32333938623838336366616331333466393238383861323266623437313233323835653761303766
35356366636162306164303564326238303137333262386138306439373630346664336563616163
65383839376632643533366532333166313038303537653131343834653362333063613738396632
61303236343939633237303164383037316330613661613836366265666530633832653962383137
64313961323238306436343930356363356339323838646361353537656635343966663263663063
38643832316337346433346566643362643461346232363064323130323463666438663435323434
38333666636264663630636664373238663366306665636661333065303237306165636465396636
39643939646136363565653736373437343631313262653130393130346636376437383464323236
64316364333362363934346137626361336264383132646562306162653338643537306134363362
37326166313764613138663034396438623965616333366132343837393064623333356164313063
61393464393535376166323163623237363436616536323437643161633530323931633862313665
31633238656666373933366461316632396662353631626163653762623634363731303431613061
38346666343733613835373832383138616462343137363264636337356263643531393634396433
31303866663434666362333837363034643737653239336137666262396437353638376634303237
35343030326236326362633537336537333232353131636338303761613634396361316535633863
30353061313137383862363230343839306337653431663665373832356536393237336530376236
63336232653330623236623261316364623163663835383532653233363833653233613934333037
32303530653835346566633364393166386138313864356638643030336239323530386437663831
65366136323732303063643931646266353236636165316631623961613161356538636165646639
61366462386165363838323336613262316261663763626431623065643636333639363831646238
36393636656665306365386362323739363639666439643531636233323336303036333062616364
33313932363638613561366338303430343164383364636431333163653430353938643330646632
37343532633534663533346333393061626435393365333733393866393030646262336631363335
63336633313130306666666561346139633962333465393833353434346435666163633833666135
33613933623233313833393862643033636138656565656533663061623633313830353438373434
65653862366463643333313531373839323666323432396336356531326130306432396432623935
32643366313563386336633336656236326437306436636166383637363663643865303363323863
61313537623133383933386435393833626331343736333433396333633734373138396539353339
66666436396164633535343535626433376235623734333931306137336531363436623265366363
63636561393865353666333966373738633832366333333936633663323837636337383034626462
31363333313133336538353066643735363533363062623139306565383732623538313836346139
35333366373834656137383038323630323631393034386565646430666435363939306235643039
34656538663336333736396537636366303161666361626362333931333763613330663732343264
62383734313833356538313261393562353933356264316364353266643562623066623631376630
36356164373134663466366164316631393862343935303632373539663965633062623438343637
30656466643138343364656338353637346534326564613134383466396138393461626130336664
34316132656337393031393632386632386662646263323730393838396138646433336166626466
33316436396464303235393961376166326439393262396630373835343936303638346136666438
64656563393765353131343330663338366333323736396363656665633434336365326662333839
62393032343364616339666662633239313636376131333332303266646566633431303566363835
62393762613634353431323738616562383639396463663137383836343065633464336230383739
61313036323132323939663437666464343730653766373563386434613863663435373436383735
63633131353038613434383733346663303162303864623633663737613631346264633364633736
33616463646130363334373731373464393763643764353133656238653336613939303366653231
32643733346132663963396132323863353834336465613862396333393132356636616338623666
32666337303065383037623830356466383564616437396466306335383866663761336438643339
38346461366439396632666464663431656430373762613065333231393963363839373539363238
30633835333163393032616166386233346334343133303134346439373835316438313037306336
66613966356438383630363364336639643533333431313530386263333564316635373364313131
63643065356232623030313837316663303665623432333364363633303439663961623533383933
37366665323233376361633863333963356263383865393963306237366633636438326363316666
35376134353634646436636632663164303336383035343264383234626364616537396264333732
39663739646439306462393238616339623734383834363236333862653235613265313462356536
35383362613161316331626332636131303739306238616536366631396566356437663366656333
66343730653266343933663166333836666236373962656633356263343037666538633866366462
32306366313732386536653434386666613763663535623631373136666338306335363762356134
38363836666232643461343235333166326666656166346532623364356431363630356539343562
34656339626138343439643231663465323038386634316533343936333361653833346562656131
39623935653730643563316532313932663332613039353762326434303331396364373633373165
33313131653161623234323831626362613934626365643961663938323932626534363637306163
64623232336663313436346239666435333331333738653033366465353335313464323733393361
37343935666138313965316537316264626330386232616133366134313331346634393764663537
36623638646630663233393164363466653865313139366538616435373866643365323539313862
64353531616265326639336563353638646462336262633639656232613338383036633831623939
35396639616462366664646465616432353239383663333063356634633533306232303133633836
31323634383930313537376638303537383364303365396634626465646566636231356132646130
38663865633766613432343731333034323932316263393638386235653164653335343336613632
64643936646565313831633738353530633431373563613038353333636139626165663536316564
33646637616531353933646566393861363761306434376266323631656665353666346433623062
35653764633930346365356564373137653863343632626134373638353231326164383264633136
37343038393837376333366165623662356163373265376638393639323963316561386565653764
37383630353031363331313464323764633633346531633666366565383433646535343336666265
65363339386265343230633261313539666133653166383066326432343134373934376238643438
61396334313862643137303165643130653436333063303563346333643165663135653462666437
36353337666334653039363761323664653065333063306664633639383766656637323838663766
66626364636538343433623935653132646464373734373062666666376537646432643366623362
62326437633534383064356331306636323733373263363632303134616630393032653931303066
30613964653034656630366336623266336562363261303136663738303530376364653633353465
35626533653765346564306335616532316131613837666136633035386130613562366232623665
36656434653562613736656236643861626232643561373539623063333161653764333332386364
32373034666461613431336139616165343132343933313635313339323031383961303165613139
30616535663835316563313866393738343339323462323463363764306338656461336238376331
34623631303866353839386436613330383062363434316635353437326137336234396462376237
36613439326336353665333836376137666635623532346664666435306236356265333532353738
62376339303531393162633766396566366136623435393566643838373363393138613364303839
31356231396364663637623262363664663435316638373036323230653564643433383738626538
31313735316366386331636665616339346438646630636435643464633030636137373936363566
34366235363531653363383965613362306264373965313066663466353637383730653633613735
31643137333031333131336239393164346238633264353733376163336638366161666638353737
61633765396633326362333833343930656332316664616231613136646331663663303930616566
32363035613934643033663563666436626136633138346362636663313334303734626264616564
31646630316231663230323731623431333430656234663763303866326230356632346537306662
36346533626464356430333263623664633633306137623838653765663331313733316235663164
37653931663761653930616432366664356334636236653938663061626662663130623761376161
65333437306332396162393565653230303937656162333236623162323662343433343435623162
38636339386366663236306438306265626239626239383836633761616634303261323233613063
31316566396433353434323466626333623030353832633433366235326530393137663936653262
62646161646634613564323339353962663262336462323636363761306164323264303865306138
65383564336461636566336433343766303232386530383439363932303039363064623164343464
32663338346338353533306362306265613635313763306664633163373634653863613035396331
31353133353836393464396266313130303961663161373133653037623839613766333237616161
34383933383438313933353137653537363737626139643265616538633064616634383534303030
34306130616336656339363165653366386539313733353866393564313564623361356635303537
64643938373332356265333231646334616235383963653565363465663062363465336435626439
37653438353636353163303336353261653861616233366533323134623835353831303063653636
34323331636237653832616133383263633532383535336438323262643732366435613063363263
63323431323633303334343663306365343561633935663365313934633563353938363532393436
61316164656265646638363737316332313839363132636133646265333431663463323134306233
33643431373737393931653362663633613463396631383735376236323937326462333264386238
34613331373731313038386337613638646133316538313138393131386636663962646562663264
31616132326662616261326139623834623436303763373938383434326530303731363036323765
31383030303562613230396364396435636635313730326638613064313130313963303436306461
62663963313530633639303131346166323533343931396165303633383433393462653735613235
32363936326130343063
