$ANSIBLE_VAULT;1.1;AES256
66393730643934663863346462333135336662323739323666323239366630653138313062613037
3232346531396638626562336464306135303461353233630a616361313037653265643563323734
61373035326634643639343636343431333164646333373166353064636239626132643132643663
3630313738383336350a316334376131613138336638623934666231356661373065623565383837
62636161366366393032313030373633316139323931303463386466636530646634303563373966
37323361313865333762346163316336303739616566316337346630306630346439643862356632
65363363323137653335616264326631393736316665303731643632656433353862363363383438
38303761656537393832656661626234383031306631626163643734393463386539646335643563
65666236393664393163373066363165323037333761396138343537653762313732346536663536
37616463343933373132323061663630366366636666313563303338643166343831663533316634
32636533313937646138356436303362346465623139343438373937356466626238666239383333
33393730613532643938316235376664346466313231393035643032666336626364376331313038
39393964653838383032653637636236383232343636336238313939393139303537366166396231
38643366313439633063643862373663376463383535343136343161613063343532313639343135
37613639386134666632636362383666323236373630383136366237366134323935376263376663
35656462653664623963626562383337366163633363666232343262616461353238303831626138
31633736363338623434353765643135663139303863313037653932616561326634626333396139
32316636386339366263343538303365336438313533323461363339336230393464336532323264
37326663636163616430363662626335373964333237316632663933623863393062346430396238
36613065306435636463616136396631633665346338333731633531646263626565366136623466
38646434356364346234356263343562313331666337373139386535316661323836626664393139
33333538616630633834666633643238336638313165663964326336653339313466306536353661
30653134393666373439636431326532356535366333613132313963373033363663613036633466
63333635363461383163303635633661336165623634313463653935313838393566356334303366
30383739343333383334633261363031373562366338313731613662396536366561353561383138
35393536363237373065313765356461316536623931663935643339356234653433363834626566
39316639376237386439336262313234643231393664303630323464343532643132636366343134
32633931373531303661356432633735616263623831316361613263663936633962333233303561
39653936663165363332656239623764316163623333636638393238663239626438303764393938
36653663393332623365373538346531373562363134636564346161396336333430383139373363
61336535623936383562376466383162623436663231656530376263623732646337663339333165
63663431376136323136623939643561363139346366323831363264623030396265336135613234
39626664393230313764643434353062396437653735343363373066353663376434386361326237
34656535376633313039306661306638393463653533336135323233363633383230363863646663
38396564343838313866633934653237396338316434653261643263396564313637643362376163
63626665633966393138363838616439363034376164636364333739353265313735373162336466
37623162363236396137313664386531336161356431353237373962653765356635306535336533
35316534363332333264383031356130393534633166306137393163633736633261323630653863
38376562336365626532323665356262353664326361303838633839626361636261626238346633
34346435613333366365633334396664636561353862373230323766386563663261373932343138
65623430386633306431306164353138333265386536356230386531356563383364646261353864
36326634666338636639356664336536613634646333383262326662316463306566333333386534
33303537623131353964393161396561613236616335333239316566323832356131316462353866
35343636346131323330313236363430323035373033663762656536353138316265633739393665
32393537393435363732366135646532396331336261653633636236636462323335346262393035
33656233336466613636383562333466323439646139333866323162663830316138653739633361
34343934623035363361653131326233323938353566343064303430613661653663383739313334
62366639643939663838613062613864393431353038336565363130383661343634633062346662
63653039623438666433333737346565343238656461313837393235623335626232313130663939
63613732613034613533396135313631633035636662303638306336653165666137613532316261
63643934663532656230393731623930643266626439653238616330363838333533343338383664
63666230396364346630336633396432633233303962356139306332653736356564383635393764
31383066393334653964386433653862643162323039643233613939343134646639336234336163
35636438323765303532333731643032666139653739373661626631653565336566613164363763
37633835376133646534353134623464646339306330313461373165663431386261383532653065
64346563613936323030646430653666353138633132313433626432616334653162636630313436
36613136623337366138653335313230376538376337636632633065363661323030343561396664
65396132356132653062656238646137383366323532643333633333656166396462303635383166
64666461656261393863346533326438363266383735616339323362663763363564323830346233
37353466353438656537313730653461643366626161383939316265313965623161313935623138
34313333376262633063643334303961333662316233643833316638386637306339376166346530
64346364346666356336363734386233323462663032373734623438363639383938303134613763
32663734663534326461346530656235623066613132303238336439663262386535326339396632
38383338643664393463623631343939336432346462333133393065396165303361613736376634
36356634613365646562663637353039326630376339613763373961333663653263613365363435
34386630303634336666626134313263326664386462633136646634656332396665396136356233
38323562303465386338633762383732393634363735633137623535626163323933343662316262
64636263626365326466303432653161636339616165363536656262303031326537353134323964
31653963663239356166383563393436643164343233323233343465646564333763343238363635
31386635353933333961666566316635623733376131353233343763356566636162376232346137
32666565393464373439663263313336333432333236386435316632613662303034613036643634
39343161623330353634313831656562623264316436653839386533366331666339666134333763
30383364653364663038633934613534323533306662313633323364333138663466386338343035
61303962333934616538616232303933613135623238376634623830326539373563363137376439
37353339326532616132613030336234316664623438363132376638343638303261346539636633
35383239663731633133366437313836366335316339356562326535323831653933303532333563
30303263366439393230343664306130373666346335366562316164663331343436306664306232
35643039313832343238633766303737376338666135383532303336303434333334363531316439
35613733313237393264633130663534626461393433323334616166393164623933363035366562
33353536353637643930333165386363623461333936333636666666643664323338333666333232
61643464616137333931343537373962626433336332313237636338303832353432383237376639
30653233393338343036326463313537663166613765343438346262376435643636666432393565
32663637663164333564303432356161653165313234616534343837393333323264353137633035
34363062616665663365366666666462376665616339363961313531386564313935323931306430
63383635386366336530313932346363383431643438326162353135343034643934333935363536
38616365663634633836636264366337323035653030616461316436393033336366393431356232
63616139643132386165336234316661633561643161636662383332326130353061353132666533
65663634623161383838613234643766393939386565396635303934346163376138333162366636
65363939363931663639343463333334346431616461396630373463316366353634313037623332
32633537346233393265643534313032383065343135316461353137396632633562623761306633
65376430623963643366663962333431313538383265613735303266383866636366343734386362
64653734323061643762646364356437633661383261646634353962623335346562663031346631
61366137313031626539393434653237643361643132643337653332633565653536613765383564
32663366383765353630303261313333373331363430373635653164393130353931386463303736
32393130333635346635343161313663616435626236343434356661626266626563616561646334
35343461653339373034386638386134653639303066313735323339356537623036633131366432
31336437313638653636306231643030626138666662363531616137626539323439383936346236
32313531623337616532633535313732323930313461323035633037393664356561366164346539
61653430353964343061626431663936653630303661326230306636346363656138653766346333
33336331313836353562393932623939363533363065336539646161626231633738643764313664
36666662343832306332303462636538366262313032333639656239383438313935306562643832
32303563346232306539663133383336633433626366623539373666626533616162633235616261
39303130643362306435396161623662306330373434316234646461326532613531633435623139
66366532626431316261636564663439336364643465393866613465393135626334316538643835
30306434663661613232303738363132653662643063303231303136623034343262353538306464
61636539386432613862646134613666303061316266623531333961316638623034373663356531
37373664326439636533326336633833663262386236383132343538643037626565363335316230
35643038646536353563616133333332306265646263643638306534313233363764393239373235
37653966303863323064383131343031353930333461633265383166333366336565633837616339
31363934353132623637366232316231333164653861373937386664363263323637333035643264
62646165343066366637363234316131343264363263653635343666613334373632366565343734
65613930303437373865376338623635663934613061363039666335623433366336303765653835
31633736383365343066343330306166633337666439626330343337653633626439623361663834
39643037393336616461383335666135643431313264383862303030636137653138323336326138
33366661363535666665663033303239376461666138333463353939306665363965333539646631
39376664636230663035323362653361653933663234663364363837363937626437613365333534
37616166353739343637323162353534613337336533326236636438333231346234356535663336
66633536366239333534326366636262393331333062333631666366373736663139623732343737
30643634643835313930366531396634626631623263376462373233643866346436656466343761
32613238303332333739323831346465306636333738316434653736616662373463656663666232
32633866303538396431626436343662343334313030643730366136373166353061616435353330
64366632306631306466303763313765663466353662646239396338353237333363316266353163
33373262646135643234613134393336396634373534626666353564633664316332356364336639
62363234633631616537393133306537356364373939373862393662343365333166346364306434
34663835326332653439393137303730333131643835386639666166323264363737323163663565
30663031633531336430333835633665336535633262323138333237303732333538363733323638
33626261386566613638666237373833313465386333663939616133303736313838343637313237
62663262396666343162663266363236343230303534353836343162316237306235666537636331
38326363393663343535633366343834303631643932336539306639636232323463313861653163
30386333636536346637376634633731326238666363643865653762386465353637663163383436
61663931393265653233326331303838653931616266373561393735336238373535336666623765
38313335316532613430383438386465333636326564353234393633663536376336386430353432
35666266303130653661313163373364333637393839396139313935366364616565366632353436
64323364623530623633663666623230653731343032623439386130626366643963333233656336
38646432333762363831623433333965623138313733353336316432353364306533356136643166
34313538383332636461646230623666623036613161366165326436326335613139356231643331
31353132373264613866383831626333316661323265326531343437383636393265373532646164
62396638346431383639303962346135326236326630323338626332373865356266363730613061
64663936353463633537303835666636343032663137316435323131393366633039336361613732
30346563623566623035313032336232333066373538636162616565633730633262303866383337
62343130336362616634303065333430396137656236663232656131326536643932616137623435
66613038313365306565363763313964656665383866303431333964383766313462326262396337
34616237653033313363303338396665316265313862323539613935376666336533346465393933
33346531636662353164623361373235626130663538393733383039663330376165316565313866
31633834333365306562666266333761373864636434346661626264356532643465636665323234
62666364653666396134633631336534303436333332633134386535653239366336343636663666
61643533306337623037373266323663666135623230376436663237386664326134316361396433
36316630333930393236316435313138396230616633393166346638613965616533313035346166
32333533316430623965363663633131623065353038326364383361323732636363326437633931
34313837383766346433633439643930633261353632333636343731313437323963383133366162
35363739356531616430343661376161303564653639343137666532663161663364633861643763
61383464616432333366323935623430656430333761366631373963626331656631666138393039
61373166356536316266336236333530643565363638386338323539333336313830376533623961
34396537306430366237313833363764613862323231616465633734323337303033316562353762
37383261323833616138356631346463623938636137623534653439366263316331316539313263
36373330363138626164663439613838346262353832303936633062333266653733376666323430
33303762386139396233353261643836313463643361356534643738333332316430356263373764
64333435303435623566373866336431333939656436346331333737363131303265633732366662
63336338393135666262313761616539363964363763303766353935363934393431396632343262
63333536333431303663376335643836633662316166633239646366363232323462663131343438
61303264653339396164336331396262316133613535326132623866626235353938626466303362
32616565333838373339666634366366363861613732623930613261626637326330343061613739
64623434383235363261626162303435623135393234376131343162363331303337656337373434
66326332623339653362356566313737336661666331616135363430396635373232383434616263
38343464316233616261666539653831303733303136343037373534646666346339633464663537
35366637643539636431316464333434393733363964363736396434336264393430636162663339
63363561396133663336613332623935633262616231353133393561316134646564663534313061
39333266636366313264396134636630333564336666353530313861326466336462356234353463
63643234303635396562306430623132633434643261373634613366656562366235646361643364
35373765343537396162626636613733303336353130633833626462316332346130316366656638
61633862306530356632336162373066383961653739616233393663633733316439336437613233
63626232643361383034323837323633396665306461363862643762306530333534316566363662
33323531336637656333383431616463626136323137353334373334393863336636386631333239
35643232633132363530346136656538393431656636653031653638353832656663663963393539
36633762356435316334363233333033356565626466663437383130386134323463633930613461
33626166646562386164353637336336316234313666326237643835633062313130613664646436
30643835623333333638336662323266626662613637333966386464326533313532373336336635
31323633303662643238643736383732346666616336333837376131386462393236386635656361
36396233316665373634376536333763353934393135663937336434623733653065316434343965
36343730643066326336323066353765323932646364306237653962366431663466343837363262
35643633353933663138303637386566623230336538356565383832383863353035326533363234
30313336353434326430616134333638653436323663313065346630663932333233363533366430
34663234356334396662343230313561383435666130613062656134616530323436653337616164
36333837636362363061346232636365353965313637373166666561633732646261623833366463
37343561383631623861316231653530353361383466363963336561643266626139326163653333
33656439383839366334333732336630653033623364313339636566313865633139623862616336
32343933383032316566373365373538393863303439613061323434616537663330643961666134
63336432306339626337613531663466663039313637623535623862326337386339373136303766
66313165303530623435336562313063383036306339636435386431303138623734383466336530
34663666663665343835363365383166393435303837386361353438356330346636616165623761
35613138353232376365333630353938646630383031616636633531326332666532393536656562
31393834383232396333323434656466616231663038356365366331306636346232313736663536
62646430343638656130643066383339653836343134646438343261656131356539663730343739
39366334623935386139653764623937363530353231383161356635303936346261343439653930
35616338346666333439663637613231303739323030383838666635373065343635613830343731
61303732386365353733353661666231336564336131623537376565643563343737353735346235
30623036383139623863396365313833373238623538396164313838373336666539626464653962
36613633626335353262313239646263343661383739303838373362336230343034306131323062
66303936396266316137313266346263623364346263366236316432356164646561313062383431
66326238323064633166653366343235376566363835333762326234306431346234316666346362
34373735643364306363376334333038383162353566383635366461316431623333613737326138
34613636366166336664633031656235386435333433656261376231623736386235336264316635
63396338653531643961656133373863663834626164666331393464643836636637326433346266
31633439373739633032323436383866333434623666373434626334343464396361653639353933
61666130373365643231383034353730646166663133313561366534663464336462643665623930
35326236326464366330313537386461316430336437386331663635363531383064373036366236
39313139656432366437643732343461623233343036386539646134323133626339373335373564
66663737613330343632616138323064643763323837386531666366613364383239663736653461
38353438636132303066343536323562653331333939386431343163663739373561353538383862
35303336393865643934353338373736343038323264383633313532616165336366393663373636
61353039346432363433353266613637643866353063376336363934313632353663643338626163
61343565613132646362336666623163343162626236623730383961373564333534386538336566
37386331326135306334383137626637666432323062636666653165653764366633343031386661
66303963633861383037316335396237346161306438643962363336366165623565333939383431
61653431323839653439323131663462653139653065663735303038663638616662393963616264
30313131666264363162373832646461643863323936323164643765383039316533636430373734
35363938623632613964356132653137386237366538303132653263643864613537653462636564
33333466663330303762326365663639306336663431336232396332626135623636623932616332
31376365326133393139333839633331333265363230636562613231643039626665353938656134
35346366643036666435326331616632623931363562353230313965373765653135316265626263
31316435306435306239373833316436653835666361623536663738393036363632666231616130
34303939613465343265356339623065633335666535396261366532383134656430373739643161
37643066636135303733373935646138363232613937346666666461313535393535636365343733
31306561326264613831636532623439643361303139363132613737306263376230343363656334
62376231343738343963323133623235353664363933653865633539306130396638373335306261
65343366363430653962376662376635346131396237323631643235366266623066626364396430
62383733313834656262313634363835643530346161383039336136663131306535636232353964
33336236303534323762623535386439383862666535383936656333376561666163383763303634
65383736343163383661646663663061636561393631626166323265363235333234336161646636
63623965613634633733356166636539623364396439333237356266363864313365636236363035
36326166353765323661626639653962383365306534316332326333393033396564353734663039
66303162336330333633656333316666383766646565333437616133633239666138343364353563
33613965383766316163386137626565313664636366366265323230336463666636366138356565
30313661356466333536633632626337323031386639663035303931386464626132393037663232
61313833663763393663316164323437376636373635336366326363653531356130626334623835
65356234656232383336386362323938313630393765343938326536656366313139613762366333
32623764353939303939623338393839303832656334316437393663616563356632363664343461
64336138613433636639303237626465643265666135663762373030393933393163303934666633
30396636646337616630666636623330316535363932303764316632633331376534303464613337
31373137656231383638613762356631383633396230623662306461363835626435636262363432
32373537306635643833613561633437643861633961666663303536343730376561386235636261
61393334306439623334323465313636313834346230396531666662316563656132336538663166
33396530366639666364616264306435643738353466653765343263663831663434626338656333
66653164643439623235353131383038663862633338343261636130336563646138333863623962
64393838663430383066353135353061333031396336373832343564333466303333626165643630
65353835366331613132353039366266323164393164323231366262353061623534323032623737
33643664653565646434376333383864383734363937613431643330363765636332393435656139
65663232313939386139333232656138623638376361663165336531666630386633323839636235
39303738636231383731306366656439346532616137396338393363623836323732643935396539
33636139363130386434646564303234306430623662323338333738356538636436306362623265
30623737613566373938396534346530376630373934323863326566313862643965666261386464
61353639343266653966363466613830363063653334316138636436346633633962653837316164
30326365356165373061326436333830396438343764616331343930643937653531303837373065
38663431306235383033663536306531656433656663623030626538646237396536303730383162
61333865373335386639346130623962363636303432633534613736646239646133323865346138
33313739636264633434336536626464386636363235316566316162663961313532346333636135
35326361613231343630356664656236623837376330623534353831343963626531616366396535
39646362616237326531646361363738343234333335613937346332643838373339346463613234
30303132353061663866373830616163636131623533313337633135613232313461623462366266
39653639343964346665326261663062343635393264653663623464386562333965613831326363
32316665613337303032636265646335656432663330306462326637383763396330623361333039
32373963653632623731613563336232643830636232626533386139356335343034663731393733
31343534373932666164356430643533303361633731666434636432616364613834303863396537
39363332613539393534323662306435373165353036383338343935343638663965373436373533
30616332653232636566363834376339303962313963326663623837636666613336353866396165
31356332343738396662383334363165666461636462613966626236373133623162353736663533
31396566613363623838343731663238633635313438636530393033663739363032626139363762
66316134336133303862633337363036653261386236353239623239643161333766643531366438
61366463643236303234633333613563383165363032356239646530633665663136353464303265
35343430363632363961643462333730666539346431343834613063366433306461386338373263
37616335343337333239666637353633626363613338303666343861613537663064633639653165
33383338643832313636376466623365353639613863376338626162386231383535346264653663
62306536313436363039663365643933653363643961343865663666623861326362353231393366
36393537663331303531303337353739376365623136316539343435363631353834316162373132
33346632616464333061616534333030326139613736636534386536616131643538303362323532
66633335323865636335313536343038363637633966383237353032393265363331626637373162
36643738643634303037393966623763313861306163396262653762376430663231373336363861
63633331346431613665363636303864616137343936356164333230383436303236333738343438
39636433356631393466623664363936323534623065353864363363323831303864383039306334
39303464386134336438396234643637636238323962383939323739666634336431323836653636
64316432613734373335636531666236656536633361656333373936383932663962633235376635
65633739353038633662343766636533343434366538313839383731366662373739643261306234
65663637626665613934333064306264623036303961623666656439316538663863623233613866
61653736366533336332386535616638376638393365346436323835396637353466316630656166
62366462613630666537386266316339643761626265616337623963313664326161373637666135
30313130373734616261343061303562376565623734383535336538343535663931306337363238
34316563336532623765303065386232333661636566353331643164616631616433393666623062
36643731343164393430643839643738613761623631393735323736323234623335316638306462
38333337613166376132313135653866306261633532633538343236303137636134373965653165
34343534323661636264343234343530303138333961343265386439383336393130663263623661
63623435613234346631313064636135396566643634353832643337623539376165316530343562
35366439656137383538346632383330623731623832666365383263323531643362633565376561
64636339336531333135656238333831396465613630666536633337323362373366326631333664
38636138666439356639666661646466313335313766633930663330306339626464646331376532
35393361656433326133616436663161303066326638323634356637383330383032633232633835
33386334623039393236613933396365393463393737393530613665363065303635613663343439
36613066316364666461346263303639616334396266353030636534613239633535333866346438
33383239323037633336353464623838646337316431633666336531306665323138623636616464
33646566343732623861613664366464393066376363303437396431313831633639303037363832
30633263313530633563633535356232383238643765306233356533646331643663366638343937
36323136343134346464636439653433323163636465646534653162373734323937326132353531
62666161333439623733303632323261623735363230653662623132303034366135613830646361
34633561303738336537636461653738623865356531353761323536653134353137313763656539
61376338363563356230303664306333626631386437363766633139623831393139616562326536
35303963343434663961616331366339333436373963303234396132643861656231663463346638
62343637383030306165636162346133656365626538616332336139653365653235383736306634
39356135623861316262663262343539303730663537333839313933396231356236316333383936
38653763373464306138336661376533383639393161333438616262373666393638323662396535
36633731623464386530626538613931386431353062616234663539643564343438346465333261
34353063663437363731363161326466393564336462656238353633373231623033366635373363
32303036303034643737656636303336363438383263343164306239663133616537326631303732
32623535653764633861303536343136313630656165663834303038643034653734356132333030
62383637356465643836336166653764623137323766333663383263346134393262313331356234
30366664316466653966343535633232323537363161386333313430633234636537356637396434
31343438613664346364396330306166666136303532363037366331343135313862613738396464
37656164373965306431366362326264306437333539396538363466356261616636646164643461
31363531386137333363336362306433356334376165393065626630646139346231656664393638
61613337373138326466316461376461626631313931643164353635623464656263383338643565
65303231623833633139623961613538333437666233363961633461313035316333653966626436
35363862336130633631353738346437376265393430303935613665323762653364396663303636
30636464643164623837323338623333326535343566363132346634633336633861616562393831
61336435333966346562353437636132303335353838383461636338333530313037643164333762
63633365656234346338393630656634373064316564356430303666326433663236346262373761
33653936393764653933366163613361653861363363353330326336326465623634363638343431
38373135346166353231393939343638343638343731323866393130393538336463343536373962
34326136306231353933366139313362396363653663663066393062653139656635653133356266
34346334336262343034363537656166613565633663333462653866383731656438326430313831
62353738306566333963616331303833653662316137333363343563633539336163373963646666
65636535316166346335363532356236353066653638623966313839653162396436643461353065
61393364373037386530316265653233653535636130303263336533306335623834323538353065
38353038643232616438333666373138653337316564303230613731646162396566653431376463
65333236303438616430343431323637303166306533316534623139623366303637316134366435
35326662333339626139653561363565376134393366313063323936323335663137613234323561
61643865323965353032326435373633663235363430323462343962626536343834393263643763
61626565316662643434356130656162366438376662346462646462316535356330343464323535
39376333396663373535653531643839323331386433623137366331653233356363356365343535
31363634366464613234333332636633373330663038643330396266653436323634616261386439
32656337313063333466643561646439396664343735353637613166666130643961663136306431
39306335326165643766623838363963623835663936666434353865343266346466346635383236
63306530656662396630363461386430666130376466343230303132653837646265623031373063
30636137393338363632356663356361623235633862333461666530383264616639336530363835
32306564383632303138656562366436613861346264616664373461363661363139396663303835
31383063653963326264613366356138396532316237656664346265393866336163336230303033
30363334373830616137333533346538653330396334333366323362643039303331333733663237
39326264636165633562373635633238663064636237623733643165646666656637646131353935
35306261336566333438356536346330633130343366613636663731643564323062643166353632
38386536343464663936616331663762623666346461386662363433316439333838646633353866
34663434343833356666393930646236623866666535646434613634323738626465396562656133
61633533663934366338383066643162383432663937613930363431303363336264396433353866
32373463613533336661653534613563366663303234323831333262383037666539363365316639
61356532356161643061383464353463396631653964383166656234646339366339666433326432
66393536376534613163313564353239316133363861633137393334643731666165383133613963
64353461333635316631666133346664383064373261393165626331613035666464336362633565
66616531333535616438633033663730313930643663323266653732393530393739343633626564
64313733373166303636333136626338663334383836636161323536363962373335323735306463
64653638623232656231613161653864346438396265656363386139653932343961663966316639
61633237613532663134363764393264376365383261333665663132343938666161663862663039
62313337313031386238613261643064656162623139346261633133653064613038616261613032
64666562353462303065646132363435663862353634333736393439303333363833393939373639
63623063666531663264636235656630333937646331646566376532653666353836623036383463
66626331326662346562616432623664323332393765306532303338613865353265616131343363
32323031313637386332366664383338373730616333643431313966353939333730303538666238
37636232616136326133343664386462633962396363373037663762346537383338316532653765
34643433343234333635623964333733376136646537333264323539653130633131356638663365
36343433303065383566636564623033383934356330666266323865303336313636636463656533
37303365653962643731313533363465663563346462393731636530376632383437386265646435
63653232303030343835386435383336326365633230616365383663383439323633663861383238
66626264343637643136653532326563336135366533613966646238336262383063373639343333
34626365653331356337626162653637343430656438623439363131616238626435613234623337
33666265666636333135356264353532333963313735303262643762623538356466306135646430
38653764333766613336333864363161383263353662383763396230316662313961323764613436
66306665633030316332643831333030616262386532353362313334633539383763613336313965
62646331343765363036623734663036616665376465393864333138306162633231653763656462
61616563366239396362363564363839316334326638336438613039343534396663353936623365
66613135353237663464656533633265353139623866346634353662663862643564346463303530
30663666646432386561633037646533656563613837653339306664346138373939613236343938
65306630323865323464636331663664303230353030626563656366383035643033363662323563
63626239386361656461376133613664366435353062653762613462663735326133616431303562
36306166306236343765306631636431346466356666313861643034616639333537346234613661
63663932353034363362666434346562656232623035353733366530633134653134376633663662
31623032356430333838623038323739636332613235313862646338656136333836636537363537
35653330623365356339356464646362363533393930633564616163376132326635616330333865
36353864306161393230346663303761313664663031613736373836383434303636353265313738
32373462323761376632316430306432356239343131383831643833656339333036303863373730
61323563653339393762306635393039323133353930303833376636366231636362613234626465
33306566663861306237316665353435616661323639343836646138313063653539393337383134
66643638653632306633646661623732663166643632306531346162396264323031323363326134
65313334656262623333626261303535313731643939336335346162646139386136353433626265
64323761656633363331636465373738623138323033343634336235343737393063376632643130
35633439373162383863643238613736313663663438336234343939623430356230306237396664
32326330326639363333656632326262633231346531393039386462373439613964353432383934
64303132666563613263383938616662313466303036623166343061343762343131613165393639
38353062346336313163623533633735313639313638623863636232373361326635313165343036
35666236353239316430633337663761323364663033356465336238353961306638346135613435
62376232346539356366643331633764363630323532373331373533353636353231616335623431
38623030346364336134643238646661323835613636383834303338646435663832653465623135
30653534323362363933636565623535646631303563316239303136393437373035393234666236
33383233323436666335613938623763616433646166306230343965653764386666663839356161
63663035383138613362333638323566623833383630343032353262316361663334653663393231
33383465626163623635356365393639636266616435363432616661376366346364616635356333
65366362646432643833386636323432353464333662666265643663353835303765646564376166
33666264346134316564363039316439306236313438353030303132636438333232353239396435
31353065626537333336653665366132363731653538353037643931616139643235363536316435
33343636343232346430383562613936383264323835616437613439623835303634373135383661
32336565306532663263633639353139353533303062336535393331396138653230356135383738
32643566393036386662326630643063633830616132656333623562646665346166613834386430
66656233613766623533646132333564633162363838656530653135383130666532306232396564
32303738636537636339336133663830653736336330646637656563303764313830383539323535
38373534363337313164353534633234656537396537323038393861333461636430646561616365
39643166656336386236323139643234303666636433323538393936356535613330656431663632
30373230636637643234373563323335323833326565656162353966666531313962306562373932
34666163393566373165306430386562616464396164336131356136666139363062613232326463
65643231326263313564336539653763656666323335373261356639633832666561396335393430
33323065633139376637666363343635383539346237633764353635323036376566313837643463
66623466393534373931643931623938633664663166303438323332666238313364356531346239
61313930346230663436393839303232346432336136636633636632663539366562636164383963
36303166346430623933666664376438393566633962656432396336383463663637373262633131
63663136633836663436646462396331303035306534333138393934343165393235666463616332
63613131313036646636303163343262306564633832383836323865393764316231353462623933
62313061366234636238346335373737376438383033313634316635663764633665336364363736
30616666316537633063346261343635636531623165366461366537353434313732333732393230
65346231343336313630633239666630393063666365663133653439653837326662313165396662
36356336363331356634643162653136663233333530666239613438323730303238376135343564
30396262316136393632383832633236633532666531383761626366313035396665363866323630
30633964323265613037613931366366393466343365613961373637653536383863643039303463
36333738623930626235356465626438326461666235383936373535616632323462656530323037
33346435666261396430346161643338643866613363396462373866366164353833646662646431
62316338646434643864613763636235393135396564333636303838666263623737373838656566
31633632633834333462373630633866333735633637373433626466643961626535303465333130
33653163623462616564363433626663386464356366306139383638363331666665393431623033
63393536323730383834633735626436343964356130353533396437333238363831663636623737
33323232313965303061636137373635303331306530323834396633643932653564353632343765
65323833616438623461313635303734656135663639303932626332393665346138373066643661
66303335633365613933343838303464323966306437356561656232313734343134393436386235
37316365366533653633343931396632343430313232643564383635313030336334636131383938
66326534663761363863363033326562393163363861363166326433373635316565333230323764
37636562633265313961396334386661333434303264393439323130623030373733643938316434
30613732356661613463643931346264646432623030396534666534616561303466363164316564
35356630633131313833336364326561633466633832313830643764613031653238336562656434
63356434333938313930626237613566343063336662633065366239313663643734323366636364
62366535666161353861663732396662356331303833643963353632343733316165623830306366
64613066393231336135316363636432656161646231383863363865343232373130326331663137
38626561653030303436323039343032363530366661636361636339626562353837303131376166
38323032623936333334376465313532383732613933376665613730633366346163643761396164
65313462313238613166323535323733303033633136353463353438303431316665663238333663
38323365316264346231633137643033613262306433636466613330326231323737383238363062
62346464346164393836356563363835306265613762363931656664343539353638343534366238
65356530316563353761393832323564346230666361663933303962643966613666633230623761
30333638393361666561363232326666616263346534383634336665366135623830343965306361
32633136306136346337313530303262393135343938343830653034663261316565626439323832
64336563313162633934646134653238356638353932376532666236363466326261663233626535
34613564666130656331363834346334306462343662663030666566333563393239366362393031
33663934363661376230366439353930326166376332633766393666363331313836646438656633
65663464343333323964353532323038313736646438656336303162643437393566656632616563
33333533363337336562663135663666363739306536396265376661313539613239333033303132
34373233663130383665343030356663626163353565306661653034336636353639666539356535
62336662346164623562383834623065336333653433316565343832306138616435343463613264
38373961616635366635633834623065323661343534326663363364363264663935316261656434
34396661663062366234373139353536656337636263663633333365316137356164306662336139
31633562363161653536366665353133393361643530333530373961626436393034373764616261
30306163326363646131636664373933396262653265313833346534333639663038326331616438
61363230633561373164353762326364613636343837346535363462636535343236326538363964
36623262643933313037353361663739636165346532396561613736393933623635383134313033
63303238343738623035383332666136626264383935613435343232633232346532626239323833
32616464613761336530323633303963303032653436343565383038643564373261623363316131
66343336306632353862323139643561653964333337386161316336313963383938326535636665
61636136663266313736613437316637363138653131323637303763623538343939613937643861
65353466316637653337653365663230656565643835383733313238306334386432316232343261
65643833376336356430383831623433636464663037623734386364643766316561383630373538
30653436616462363037666532613134643962336232353930376136346162633535623638386338
61316363643961366366643237666534393832353739393639306638653132623935643264346563
39373965393033363433373131653139313536653666653437366532613963363763653461373666
64376639376564393139373538646330366638333766306332396261313733306233653064353033
32623366346366353739363139356235653933313332643461633365656234303035316537613065
64653963353430356235383133613337333964363232626237656664646437323062306230663563
34666232636533646530333738363062386633616663623437623464326334373939306462653233
35323036343936343638633435336531666134623134666265363065623831646363343535646162
64636636396531336236306232393234633965346630376439333839663865363233633338376666
34323564373964326464376536613731373265333632313130323162653036373434326537636661
35313462303037343565643437343234393635363337623930616634613164356165303836663637
66663138366135653937363061376430376366353037636339663335313862316362666239346334
62363433313161323338303464393137343936623830393265393137303366323030633636353533
61363036376663376563333961633337356331313265373738306561393664663438653937343130
62653064643461656638646566643739633138633864663135353635323163353735363433636435
37386366363764363764643961333733313838613263353763343233393762393430303365646336
30633336323232366533363333343433666636323364323434633463636562663839396362303834
39653130323537333436643335396538353832326534383235626466303165316365303861636335
63346337323335373366663334333936346338333130356430373136646435313539303563623737
62663665363365633037306231353837643432383165386135326132346563663336383763613662
65326366353735343131653037333365616436313038323266373137393938623535616565626532
33306333393334303637363963633834326637316631636137333336343535313337313266383261
62363936633661376238373235373432326334616136636437393338353731326230323133633636
34343235373930646534663539616533383566356666396363663264343734613433303432643930
39303435356664376234613230623163383432613332363734646236663265323564376563376337
38376635633931633631613134303236666161366236616232643566393339653930393634366139
33316230656661616166663963656235633965343161366331653833666135633433656639323133
61653439646463366134383135353535313061653735666634343562383335363635313061363265
62333461353732306136656462323166313063323164333165616638363334343232653062613265
64643432376436323661623039303234386230636131623432313563303133616562366662363730
33383639666266373632626637393339303261303462306631386632383437356464326533616239
34306438383162626661356262316238636166633634373033346564663362656161376166383236
32343438616335666534663530393030613236393035333135306437633531303535663433623233
63356566313062373534323064613166383364343332373266353439303866636137393965376430
65656438653034313063373531356162363435353562643161366230633233336435343630643336
64643631316165366537666337623764353635663137643234643464396135633936303739383139
39373333663837363433366538373762366636643464396337336338643639313961646162343338
64313134613737303936393261373038343636636262393364666337363063386431633338623561
35326633336430396638633133633462303062316432383261383765636430303339343734376239
36663166623135666261393731663538636162316538323033656266363836666132336530396665
66343961643130356666313935363562306235396332343436663835393030626362623037643261
62316638613333663132363638346631343938613265613137393831376239383734383361306438
37323434663631626666613566373861613964333734363165643461396162633835386231613138
34346534326530366132353830383362353132656438323965643565383837616134633532316537
34366639313733313735323939353861633564623133613362366264333132363261363464306663
38656239343936326366633438346365376131303930613563646436666236663662666638623035
39313965323161636333333132326332353832363335626262303634346633323161366161626262
37633766363665616338336138643861663032356362393133623731643433343335623232613436
63353338633230633134636436333235383964623535303266666135336432313334303939643835
32383735323364653166653563623638643139643933336238636663653766313562383335336439
34303166623036313434366334343933343864616164613331323237343834626537346466386137
35323462633465363236613834383936313939386137356537346232313934663839363931613765
65653635306135303562363565303964656238373062643934653562653937336364666465303866
34356534666365313461353733656535363137363564663831336238313230386631393432386334
61626638306235633965383339616538383133323631386565663361373531653230326533633062
31653863373162633832663837363636373864643561373230643463613933626431633133393739
65616565343863623465626134666661316164353935656364396533353239636632623737626662
39316236643761666463313539346436613166633937663337366234616535373563613033643933
33333535373739363663643039306162663335333537343238316465316566643536646331353861
64653661623664353661346362383261626665393536643633396433326339383166333865303765
64363630316231363438323430363139366532636239326265313536346536333233646136343739
33396162306530633538363364333036666138323033343937316136316339626637313366663832
33316530333231393330663633613334393165333936616665343938643961356433336535623464
32396530313439346135366561396234326266343461656231393637336432363262343636663761
39336232363630323936313238313565663538346530323738323339633832353932643038623839
34393263636661386133303062363861306239373836623265613536646266653832643335643730
64393139646462643932323164616133613532333939653363366232353932313562323734633364
33653831343433623831346363303633653833353865653230353966356535653037656465323761
39643738336563663539633661633731366431333236656534303937653433613236363233666532
35643933353034363037343632386131623135336634353262613431613638663164383861323863
63323538633061323937323264393839353663643564303336386534653739306161396432366232
31366236396363323339376639386166366537303132643237376666323463633266366336636136
35373561313034663335353739333531333832386239633162646265303766343835373934643030
65666432336230353134643633393435653639363131343064386238366531313434306238373262
36346230663538386333626239323832356461366138633235353032303163343565383936623637
63626533393539393661346237373765323837613733653238306462316461376664633238346339
33626361636635626165326163613733336533633766656632656239333833613934636136626164
61336335643461353038643031353334313931636661633664323238613839323138633661666532
61363964363137666161356438646165383932376334343532383437646162346338373831386630
61636137373338623963376538663034396562646234313863363865356435353661626465316139
37326333346137376633663365323563636531336136616134393862353436663237383738656564
35636563643265626637313438643332363939303466373735633966643466383663666663396234
61303264333034373532336464383332396131393438623162343833353834613937616338366664
32323036353737393438643032636232663664643233653836633163383736386466323637343135
30623439363639653339653761626333353132396538363264383864383536336532646532363032
30383531353963363431363739386137373930323734343938383939643161343361353134323864
66646132646435363535373561636166376631656362313361393536376434623339656565396563
32663862303162633932363238393633396362376431353139663234346333323863303762626563
34633462623136633463303765386263363763393732306565336561383033346164353634616639
61356430343665383832616231363266613833393831633434303735306130633231386437336337
61633936326639363764643238643964333863653431666333653161383538323266376263666533
30653163303632356361376138343539613930383763333032643263303638396365326366643234
38666433366663663238373838623830613831656233363461303265366463356230623530623836
30333065663537316139636363376466656131656363373234393561383966306135326465373933
31643564353835656332646366343066396135626331396330663164373539626566383561366334
61653838373364626438643466666261326532313737373735326461333734313334386664613262
62333330343163356333343037306537653732373032316432656332353233313838396136643337
38623966623439623062343235383234383935333733656439663765313535616232366664386263
65646436643433613930633737363335646430313736353364373030633039656437306235393262
62653835326264393031643338323233663766346533373530383461306631623738363437376435
33373131353331396137353762643237343862646461333965616536333233613462313533613363
39303663303934333934336630396166313662376138653031623466626336303738656330656264
33363363396435383530353137353831343962363530393836393039633562333531396365356665
36346137306637343432623537323137343931373433643339326264656465363464373338613635
65376432313639393731623836656137313137373865373430613932316466656135623134386334
39613565666630393637326565396561643135613861376237356133303964363734613262316134
39633861633435343039623031656337633630633930666665656466643133303032363036333066
66363736653935623337313861383233613661386564616461656233623863343566356361383130
62326332353262386436653261646461346266353434646266663366346431653036323638636531
63383464363861336565366536636430666465303033383736613531636439363239323231303464
34323830646335316230646432346630393763656264383034323164373465643161343534666166
62653265666237366264366233343234306531666532663338323233643439323937306331396535
37343531393461376334313430363330623635643036346630366432356263666634656135656336
30663338373837393364356166313530616366373663636566616461313433393636303131613134
32316336376635613866633365323239643264613561656562306265353661633632343833346261
35643636326339653739366234393235613362376230383736613661376437666464303061653566
32393962363731643039643362323335366431356461663334616535333538653363323733336165
62376331396236376164663433636433323864656130613633363764636330653862333732376265
65353339373731393236376162653864346365333266306563653963303539326134613236623633
39326139333631633732643866313533323833383937343862393430613762663436346336393737
32383166656537383164396132333464363637363134343833353835303131626264316464366162
35386663336338333837313063663666613662376431393332613932636565633262326566376636
64366234303730316434366134373362393162343362366634383234666461663830336561366236
33396138343765306564353836373861613931396161363439306661313731613830313464386633
37306133653564623365666338633165346438396634636534336336626265646237396633346162
35646332336239376166313061323337356336313539663435323033373436363330633030663138
33366662306663336561333964343565383433613061386631343134383332333362653162666439
66326238343737636163653261343736346231383361623162633438383539373063353366646137
31373832663332353330656464623335303466373632313965653837663035656433363232653532
63393930613533656665343935623932356238323230396335316538376239356263636338343737
38366437353133653936646230386635393364376563613236393033353165363765336330613037
61316162666331663938386531386536393639653465306263383538303166333565376162643431
64643631363834383361316639643331643061376530336461643333336366363164623764616339
34623036323066616439333936353335393164383531326438613937396433373839363664323136
63383266333036333536383764633230633861633734386132646664656432636362333639613864
36643939636565646364343662396334663031336136633135343832323163653963336638626535
36346362393166353164366637633161623236633566663637356432346632363863623637353137
61613737306262363335306131376633636566626661393737326466353937353062353564373338
63363437343138616564376239656338373730383062353361363539626466326430636133636632
38376531346530353332363262376134313061663330663235323432353062323239353136333734
31306135666131303331643265636665383734613636313434366339303630383366303939373361
39313034613931616363656662326233363563613963363364656539316162383161303931343531
38363233366562663035333266333834376166336164356537313332356430653163373330626664
62376536356633623662303963313061663032306134643839383135316266393834343532306462
31363231366334303661363066656363373832313830653232656462323661643663656237383537
38633964353061306337306436363834653238353764366362383261313933373839346533313762
62363265373066383065303234666332316337393333613138663939366231323030356530393866
34383636613963636534353537316537633332643233623130333864653838313235623737313439
37333664343961343734393937386638323239666438616162656136333339656566333466376165
30663535626566343762323461373835623465633866373436353565363263393465623238633264
65306530636631643333386366623638323632393665643538373030303834626466643263353964
31646664376263623763343638303639373763336565363834343366633263373539623830336465
31613938333332666138376333396639323037333634396562303338653137376630666233396664
37653131343834653132653435393839306463623831653234353466613030313666376236653633
61393762353831353163373535363965383638333736376364366566613064383934323035306461
64363334373738646633663538336438326538663766633662323331663362623065613264643832
39633231656563346663303438343262323237633262663332363836623861636332623338323438
36316261303764373065616637613930633763356636656364303666346565303832343134346366
61323734383663633438333438376165303732643463386330303361613034313736353263623635
64643362336133366530323463373231666535343131343734633533323966393766626230623235
30643135383062626637393264376639373162383331396233346334616561613966343464366461
30333935326637326239363638613061643836333665633361626433663765626464356365653961
36623333393764653763636664616630663135333931386631633561656232383530326234393138
37666665393665653437366538366662326366326566633034616639366136636233393765393130
35323462343366376530323830313966313936663966376165653731316335326632616662393238
32356437626334663466393133313863643962356262396565363965623631316461616539366230
34656437633962336237383566613632346361333263303661663664623661343138356337333862
30313539316362393362316534616430666635666539373438623935306562313963346130373537
31656566326166356335356562383365646664343964633930316464366637326332316261326238
33336264336338656336646338656235643139396663396434376230363534383531313530393964
65363237363737353636616566396231616566363135326366653530303365643634396161346366
61623834663437333930653738623036636464396637393563313262666535316665636331333164
64663533303135663536323366633935666666376531303935333831383630393961633362313933
30616365336231323438656564353231613965316664383933343739303735636538353035643531
39323363623134626135343231333134663937303533343534646138393732343463326237323132
36643462633764363563393762646462616165343534623765643936633261376539343763636330
33376161663762333830313831363830363163303435326463366531373065383165363065316533
64626130643135313639373439323866626164303566383833383062613037353165356239363738
34643265393239626462636633326336623334333437616530353637346463656161646331623632
62663330633138613238366162303838363638326634373936333864646230373035363434333939
34333839363232616234336261353038386533666664383665383430633037343161326166623364
36336566643331616265653564316139653434663838396333633665353036613662383231386432
34646335336533316139383664386338326365326165313964313862386134613564376235326232
31646364396263643430383237333436376235623631376361623265383862626133363464636462
37666239666636653332613631616135323839613933376236613439323131626162376465663337
65376439626165616537333962363934613131646430373931376533623232346466613039333861
33653230393832386631343939366165333835653261323133663739383239663730623136626434
62333733633262646465363830636635343030313964636165346664306163383666613239303136
64363566326162383330323866333031373539636133633338643334636265666333646438316338
30343165613339636134666239653730643938646466326464353539643763646435616134636633
66386131336637613066363465373030343966303939343965373831323363636565316665333063
39326362643633373263646365366566336633373232343562336131616465363461663631316432
61373263666264306231643662393365303662306163303535306362393133363331656166626638
64623261303736643032376432656361386136333136656362663461366338333633386630346339
32393232356336643036383865323761393631653235366362666666333639626637376239373732
65643533616662353766653530343935386230393133313563393361373564346233303862336161
31303237306464393631646130356464383834353431303835623464393832376437653636623364
31376230333830643266306563366462613635393935616335656666663363363666303566323536
61316332336663366639383764663165386538623130633136326538363630616135376164386230
33346431363036386130393230303034316131363033373537343238346236366531643734383639
37366338643034663831383466656330303933643466643366373366356462626331333763393433
32653530663865353262343765383662383932383063333663616234346462616565613930623766
36633764386665643265616632393135336630373331623834323663383462633562646563373532
35363635313236663834376431656162623331323661666263353366383535323030393733646463
38646263396331633166326461323737653966373838373766636332633464346535323562356131
30383033613332633366333538356163343362313965373735333961363337633436656437353565
63343036343537386638386262643364313930303037376564363862653963626461336337343334
38643366633032333439313762663138376630383138336361633739633261306462656632626138
62373162303035396538623937356365613030333633303731646434313463393163323734656561
37343035336262656130396138653339383538333238363738326134633461363264663965363433
65326566366336613834386463393538643136346236613164343365613566636663363866303763
39396361626262623838363361333963663161633134336263653032396333656331633833363238
32633162313530666339333037383930343462646663336532346532643761616635663866386466
31393463343766613932656361303537323635643266626139356637373664646566333631353435
32626438323134306338393864656563383037636666663235313136336333343232656539396436
64363161306162666434303334336263313330653363306139616439653661623033613534633231
36616136633131316433613562396438626438646235333737636166306131623931343762356630
33656161643936656231343166616438623662636534306339356233623763643139343731666632
63313464353662666139383064656235383733626536653830306466373338313932616238666535
32353138356362623338333065613033643263306138613862633233363936363332666563306661
33353034303265643663303330616136646265323364633162643234366138316239656334646635
30386630663834613463336237376466323465336235626265393166323033386331636566323336
31626366396530616361393465313362376230313133313666333038333362653439336561346435
66333432383934316164643761653537363563363863366230386533333530633536396364393535
64356665663038666530376330626261623933383561623331393362666162343332643761366165
66343730633138376263353430623763343365616661616266363331333166353864386531653062
31366163663833666163376533333662356666333865356539633865393931313937313833363261
31663730613765393036383933386230626631326634616537633134356232326665336362613464
39316465636465306634353363313738633738383562366630623961383134333239396261386630
30323338316434363461303136346132313335643534643866396639373563383639616264643037
38396363323331643430386237386637313532653661396237663466343238653436346533396435
32633131376265383139313632323635393465663465383530626438663763343639636239346665
33343961353333323362313532326131646433323534326463656132363530386562373632393937
66363463633136636231616631303761633533636664333066333936326533323238643162643934
63343563666662666636623134616263346338303365616535663932373738643635353161396363
35636237343734633732383133643231656162316134316334623639306566343331363366316464
30613138653763626233383735613638306638353633363030656662646364366636353038663636
34313133616331323735333138643034343336346333346334643235346163303361326562313564
32323465346336646435643635616433643031333865326263373061313861316531396638613232
30373637396266636437623936666535373964633336373735363234343166316438343537666535
33343163333062393338323635633530303931656132626633636137386630373433316534333833
64393266633632393532353330633034356666373935303734376334663561663965643061323333
30616231333234643462353933303432326439626636616161636565623361396264323833653263
64613233303064656631613865343061373936363361336430363531353239646266363363353235
37326166623933323539393562356363306232373666666635666133306430646530653032316464
33356334303335626537633830336537616566343064393565396365363933346562363034393264
63313139343236366664313231616533376334303963303438316131383365356631373032613734
31653565386665336231386365323834643737393430386235633536313139653339393636653337
61643761623330386632663631346164336133396338306535663062666537643065316235623765
39353732366439313833643733643038633265636237316662316331306439356138356664353761
66343131336530393135623333626136346261326638646231343230626562616630376132646431
63353538396539623733643465616635393964393636336161373333333133643032313930306336
31343331333939303633343031343362653030336165323263303739363234623638363530326334
31636665383865323566663736326532373530383133633836303165613337343930323035353762
34366263336231336465323734666437646439323437623530633565353235373266613061396339
34383035323036353263306631343465313861656130323966353438396137373965383362336636
37613532383432373061383265376365323163326136313563616438396662383062353038323337
37396566313138353931386464316164336234393036323238303838353163343263393335366661
63333066326430356262346663306464633436616162656662333039323136396261623735633336
62353032386234353662313939613063643739303933363132313766636432396464663434643138
66386334313932613831366462346635616264343762643030633061306630346435656634343435
38316238663563316136313932373431663062613865626661343132653166666135393166656432
33353933363238373933326665636361626536333331663866306335643765656533336639643266
31653363343337376337313033323962653539646536343963343330346431386462636137343436
34316433333463353835623036326333643930326637663532633430346363346264653661356461
63376337323363373831626564336538666134356535356565623961646231373337356561326535
33646530346431346531333361353036316162303039626136653239326533613765343737383731
35383734386561333665373834643131316534396537353732366632316666633932343632363430
61613032303961303266646365616366323835636539646131633934346231653962623961323663
32653736346637316338306663623937313364316530366566663030323634363062313933666263
37396234303832666631656566313661633137376566343962656134643830303061323135383265
61643963666136663461373562363766656533323663393264613338303466396565303438313630
36326135323635663461313231663532366135316138663465633464656235616138333039613334
63333563316265316563356330613931396161356366333133333164303664623130386532306365
64653639323430336331656266353039386330376264613538316230626339346634643433383566
63376631393738373365623562316132613233373932623830323531383533393863613939373361
31336466323630353638356638333231666263323737366130663965323036363636643431373861
63633135653864646362326235623032633234333033643838386431303365623732333336333432
34393435643932616138623139626137633363633233343232636137626163663131636436353964
37656461396138303033623030346566306165653939623432366539336465383536376437326561
66373636393738386430363666656435613031623738613034323839366638343665613464653339
31306336336464666437363438333136663165306434633737653262393835326665626136373837
35393139653663633063336336326261623161646235393266633364666437333964333735623762
39626465343263643263356332643830306638623266616664646635646463323931373362633031
33393636366134396162356262336239383139363862323434623039343666643339393665376532
30643135353238363833643531353964643238643437656331376663313139646531333134396465
33383338346633633034646234656131313633396230346532333261376535636238656635326531
37663762396663643531383765356461636631663136633238613366333033393832656163376337
61306333343430316436323561383139373237646530303735356663653330326131663561656364
65306163383636383766353933663535616434653864393930626339326634373031326433626536
33633635626636346135333838663963616462653762616537393065393536333139386465313466
62616362373163623336303164643163346338353036376466366462623634343231393233306563
63313739373331383936636465616232373038313533356333663634386663353865323933396630
31616262313163646535353465363663396134336239653466623433386238653164343935343833
33376639333663306464373839636637616535353863396138613737666665316539376237633438
34633861356536323965316335386332343538396665316332323836386430303130646232353633
38363137383634363939303630346432343133623037306638643731333963613233663933336165
32303833366533633535643636326364316232306137613537663761616331646639333162323531
36643134356538636566333262653230316462333933653233393763656564623231363936333265
35373239306537653635323130303730346665623632353835336163393939303665643931613532
62323565396161643839643034323630643964636137643335633730313130353032306464613231
32333963353235656562373737396265373030363237636137613138626463353561323133386566
37323634383635336165336365353061646135363039356137383266613438633939363433653835
37666635376565383564383334366132666434613264303030656532346463656531623062373462
37323531626638623733386231663261646133343339326232613938323336326538633935333530
64383738633832386632366433353964333866633135396436353032353863623462376134626434
61366230323431616631323739366164663736653732356561373335386638613734363231353033
64653536663363356466386331393930386532613535333235623136323735316334643064393761
32363561343432303531313431323533346430373866656165373366333861343662353433356432
35373364616162616436396433643339626237623438366134653461306535623335653263656232
62633638336237313966663337353563666262356265363763663837633337303436633233376631
31663166623966636464623365386466333335356230353133383862313631643331363230353661
66333564393932353035663538663235653232323762366132656561383933626533376332363863
38316536616663663630323831373336333035326536323430353465636566323734643735393762
35636330393737323663333264343932613338333065333739373131663137306536653765373835
66386565633530323164306663303761303262303531663964613061663330333362356631613663
37346661356261383566396531363839656535623262623430306639626535663537666232346362
36303564666632643963666461306631653535656130623630353833353731316536643263646333
39646564313832316536323136313430366233663837343235396166616161316463343131393932
30343262316666326362653431353761633265386638303264366639363533316264346530633962
30343536346532613865623436323631663137313737653965333263393439613032376163623962
37613761393830613765313030633465343432306335613034336464306362623466306432616439
31333532616134666466306137613363626238393466313634313461383531373939353935623665
32353434643565653030633737303838303134303130313065653231353134613465333335663866
39353731343831376465346263643061626166363062343336366630356163323034313532666437
66393634383064346636613837373735336161643937366266346634336233316431323266323237
65613362663832383731353032356639323737353264363634646233313030346631666633326139
64666164353938663261383862363765333965393139303266373564663633653537653631363664
30663633383732643065393433363962663833313766623465303733363164393561616563616664
65366531353630306334633935383338623862363131653334616339326535343662656633663536
63333234303134313938333066303534633530383534356132356433326239376562623333316632
61373236386137303432333734363566356132636439613131656137663666343136633430383365
34313833663431373036383536346238643132373737343837326139373733366538623263313732
65653538646333383166383635363662343162663031323334396638386336323732386666626166
36633264666331353434363662623962343437336532396631393230653963313461323133356138
63333166343138373433373032343362656664656332313937636265613839346364383164346666
36386265663166316336613465316132376231353164633864613137303237633439643938353838
66323034653364393436323533393439623635616139353038366138663230623930383236336265
65613861313632343462343536376231623563353733353034353737333838636135663363313230
31326234336138313336323362623332356236323033356334313435366639363563343466396666
30653166353861613033333063303564343231396437393636366136653436613561363061373264
31316137343364633637323334346261313831626435653233333065363937396338373462616431
34366637396439353838623561636331373464633165386538656435393532366637316337313639
33666562363337373032333563373238633362613963373836396435323736383666623635393735
32356165616334303536646162353662653530366132643038376539303939663432336165343237
34363035313239343163663433393535316630663439383566313136653439333733383632373063
32363139666666326363363534343937376133323862613437613239666663343663653261353238
39386536653139356435356631363035653861346632633939626639623731656438666334386631
33623161346161313838376638326230333638613362343232306435633737323332646439353262
32653263633233626336663732303036383135666664363131633631343262373231373134383361
39363064646339373936383164626364353262326237636533616263303232303031386666336135
38353730666639653431323732353836343531643366613466613138373534313534386365383430
64376364383664323066313666343530633639343866346539633031626134393534313633366464
63303565346632373437626433323730643463383163623736386363323031666233353738393231
35366663386638653561373861393737386537633138303664323766383136363966313936346539
38373332643238386131376636626133396365646136306666383436663138376363393539393439
33363566306539353634633163633962343931333133623835643935636239306361303039373333
35336439616239386535353465353766616131383731316433626466303431663364316337643965
63323465323430646633323337356333643864346331666632393463623935346531343634366634
66346562646461373331336438383137643762653030313735313636393937323335343837313062
61653464373335666261303763646665316663343438333866653564323664343431366362306663
37656231383238313439343762366666303938306466353439303065343337336139616563353638
38346261323263643635333837313131376433663864366638346163333039663161616331336565
66663862323263353233343033383639663634393036356633383064663863346534663663386432
65643033333632653139383964663566393266373533663830323363306333303664666231306164
39626164663463383538666235306562633863356561396638393730633332633336343931623633
34306362373132623234633531633731633435646261373331656362663736343733323461373434
39626230333163613738643532363636373335663233393066366661303465653964663862303530
38376637393734616335633633386463393463383838316163306133316634623462363738623134
66626530653432326431336439383430383563336465323466356138393935643866313034633134
30306436653863343335656664656661336564386335613337376433643233643833326331383339
38626365623436646134343236633137646534323033326130646239643764663636626364373530
63613036316332306236636361626235656563393530383933636431666635373435613532383534
38623134383138663238326163363332613361366432383966313966613764396135383530323731
35636233653763316163633565383738643233623237386565303764336166626435346531653665
39393664336636383234383462383337356338613630363236363136356666333833616562626361
38376630306434323337663433346362336538356463386534393535363035366337316530326238
66653139643833366161303432393666613735653031336237646130333834656261316534353032
64393263663339303032666438646336316538343831383836633063376566613132366238316635
63363234343830316336363635303230646339386438653030383865313137373363316535643266
64626630303938393734363433663734383038616137313736316231346432333733323862353631
39323734636533383563303234363235386532343861663266386237316563393839333039626431
64353431363162356163383466643363653964666665313330656537363731313164396365396438
64353062353236383936633266363131656434613936353435383936326561636437376132636363
66616635633234666263643333343735333133363066393235373230623765343132363938656135
30346461326230363966656566323431336430393033313536646631616536303864343361646134
65303539373566393032613338653761646639383734383932326165626363383534366438306239
65356631623938353262333361623562613430623931666538626366633237616435633730386462
66666130316133653865313533623965383663613136346233613165396435653739666331323932
30336462383031663265366334303466613333663161383065376163643466356436363934653334
33666632623133646565366138616363343639626133396162613130303765346430346539616639
61336466383935393762346266666633386434663032386636316534393864616432313032613232
66306434303537653631643634656239653661383838626537643634393439343238636263383737
31306132336233323864666133386337646161663530356437626136376138373736346437646135
66303230333663653833333333363833373230306634366464623665346336333264663938303232
36366461353465366434643263616636663638336339336434653732343732626236326337306334
62633837383964393338643135316438373130313863306165653630353637656661306664613366
37616165326231366631393733303464303661663063613631383537323865623135353535336165
38626161356639333261623062303361623430623231333364633030636162646535353431623532
35656330323132376335626266353162316564326635656238313439623064343732313363373862
36663539633037333837303338383532306130353438623037656639663431383335326162633763
38383365393933316630386439393435623931616164323435316663336533666435656538396231
34656332376230616636623965356536663830636436326262623037623239393461326531323433
32626236646636333966303066623130363266663932386434386365393037343031366331363637
32303530323834623766623137623837386137306533636435313833653166663465663463623637
35373431626565663235666264656230663162396266393738323230373562306265663932313037
35653439346630396234313836336663316130303761343265333031356231323165353961653130
66643530383131303663323837343062383830373937383339393437663538393637346661343332
33376565373031336464363664626535383731363764343537343362363137633663323830356663
30303635626661613433343039656631343333326563343131633633386464303561633339643566
66613866396666636561363734386566313534393835343439643237636436313139383361666332
34353736313339313836323937333239313064633234626463383336333831623933373862656361
64653633613335316261663737613639303664343931623839353239343132663662323631666565
34653033363662363566636362633565666139623262376165323530393433363932633365663636
62633233383366353965383439643336323261316538663433313534663963343033633665643634
31383264353063326134363361346565303664643633333336323139326465656462303166633762
65333535656365366566633864633537363638383466353165343735313735373536623536346363
33396166626536616538376236626464613261623666306237653532613538336230353136323339
35613364366438633064383639323239643438333433303836333061663939393839393530393661
65333461353637383464353038633863663039636432313564643037303038336133316161393338
39663832636464393262616165346638663535346238373966373434393865643338376435653539
62623036353561633931333166383633373661343732373265393834633966616464346137316431
37663739643764666333373066343030323963363063313839356339373736626430633761653862
61353834626165353466653637393961363264363037666233353030656565643036633965313964
35393234313062626561643664623239326661303237663931356332373839343530323031663337
39356330653461333837363837656136656636356134393431313361613031323035306464386632
31343934306238633066613832616464636537313131363335646665333565323932313635393733
39633139333862353961363134333437663161623933626435363238353935653661346134666366
65376362356632333036373136353263316130656333396534353831373739393262333532313637
39646330393666373236653635333534343633623434613635656233303733653838636236393335
30613136613663336235656338376161636532306635643737306663393962303234316266656264
35653066636638663166633766373839336132393564626633613035336135643835663239313634
61333338633334366131643136346139666133626364323536326463346135623463663535393463
38313061313466323330383964376162386639326362343465386163333630386432653333636136
34343664323937636533663733653962396166326661373063373730303661623432643336623563
31393934323930313863313936343763663665626637333239353939343937323139323535373036
37316134646664323935323065386532666261346566353634626537376465343633623436303531
39313361336135666133616161363330316431303365646165363064376562373536366635333237
39303135636161633531343961353338306330633264373963393430333631323462393139636137
63383761366262613065656631346638666235343330393035626239396362383566346234616464
61646163383965613965656634333331363837633930656666653436306331386239633532323139
31653135326465376537303239373864613134653931323461343036643538653936643366336637
37396536386366613335306463626234333163623037613663643935383439663936396139383130
38656165316334303265326237333234373264383963353464313436626638646461313031373463
65653839633934656261343562306533373034343138336566626562656239306366353637663363
34636133333138386539373065346334626339306339363530363834313630373832333733333630
34663665653935323138633439643265306439333861363834643064653439653432323263373530
63323064613365336433613263653735386463666536386637373431656237336263316161666338
34316230653039313237356436343536376336626538613662316634343432333266646461386463
36356236613139356433303164353633306362653462313336323837303639626234333830633131
33613764316261663265653035623261336631336238343539333936373338303137313438633538
32336639383066383439373163343235613633323234663566653939333363393138633939663732
34393930373336333465353637636238656336393761383233353130323061383462353738373563
61393032343364366539333331366461383936333238323936613834386233326161383466323734
62656164363436636535386361346431623565346334363733633138356633346564623136666131
39396638373431393830653765643132633565373835306639626661653230326432633435323061
39653466306162613664656465376439393365626131663437393732613535363536306636376361
65363639356439313939643765626538663039393364363663306130303030666338656433643033
64653830313534363338643537313437303765623035326137323562616139393861393333613064
66386363356537393234383761666238313934303437656539636133636432653961626164623638
62363966356633353733616431623432646537393066626466666137653538353939633435633131
34346662633062336461316362343635616564663565623239643939663834303666663832373839
35353837316630363936376539626565396132393634353430313731373637303565393765383131
63323630346264643066326136333638646339376638383362366366363233313230323631656635
37383936386330373834343533616430386332623738633232303166633461646231616133626437
64326531646264373565376463643637336562303130636339663033343866356432363562613262
66386464363934346533653164316337636562643635663562663530303266636330666566396434
34633963396632383636653966623766636139323334343764356439616639323137653531366664
30643962396262363665376132396537633233613663363833613436343062653065663563333664
37353539383839613466663930313362343037653933366331643938396430373038376333383633
33326239323335306138333836643235316238386330366236383932343263343432373831626639
63646630386563363631313866383061666134353232656635386232316331393738376664353134
31393865663063643166613762386164346632643466323762643064613132623430336463396534
37353932356262323739386366336237636162333336366638623533386333373030313330663139
32316534666239666537386535313261613564353836353433616236373733626339363361343561
62653831346639626233333433663562336133663439666265313765643235646464393766613739
66306663626164303366396132643166663165393332306435363439383864336530383665333937
31353466323530643763653134306433626330346265663366356461623431383236646339333439
39303737363864323438663230333331366338323330656337383631333662353135613230393737
66363738333830376265656334376131323665633832386433643830623862343632346231323033
65333265333962636263663734303331316135613563613333306466633132616637386133316362
37303732383538646165323538376231626161363539373535616433393638356564316534303031
31353933326164666361373162313261316632396362366565653439333534316234633530323234
37636238316431303565323564353464373561313339386439373531383931333733623365303933
35326637663866323531623662633730343066313931643939666564366332343239383364396136
32613239383333646665363036323735353465363837663933613236323231393461313133303530
65663737333535636463386163303931643434646635633061326236616436396435333266343163
66633333343632376535323566653333303336626461383536643237613265656339623438303762
30393763366631346261343963306561336634373563613932366262633034356161363631643930
66643933333562633731613532656261633262616638643336663033326430343633353037323664
63383164646538656566616339336332626437343963353263643738343661646632373430363434
36653161336339373165643863613665376239373036316638633663306663656263336632613261
63666231623862646366666231613566326565343365613439383838386635653138623861326663
64336636623761326163656533666232353834663365383730653534326432373032326131383130
34653738623638643761343462656430623437636235353238663333613736666333353962313339
36653364636361663463646666633061663337633562313966366662616266653364306261323039
33376336346434326237663331313763626431323565636639303332363138386466316265393863
36636532333334326639383534393831353865323661313133323333653033666466303866306339
30306162353463366163653530623363323532303632623234383839333362336535383865393663
39303163393636336535663530653231323263313266363963363339316432613763646362363939
66373862363934353234623163653136656664653963613737653430623162646662646139656138
34663035333166336463663630323739616432613265626164383530353232383135353935383939
38616533633763323535613436306439663662623366383462623730313664333237663066363636
66633565346533326365343066313531303131383462396433313061666163636339396661613238
35386463626565363232646664613162356364626135613066373733313135313436383133386564
62366532316365663664366462393932636431343066633430343637333137333737633433646334
63626230333362366639643362303435646436386235666133323636386535656235613261643962
32663838636630363764363937316163383130323130333265316366666134336462383134613830
34376332316235346465303037326333653931356536626564363164373964613931393039646363
66336334646661393032656335313665373566373763303037626134376161626264613238303462
38633239343735316630343861613139656136303431333334386163343737633831333966396234
33353862336330363661393761626537643533616165656232663232383135613262343234356638
35613833313036346236383261313137366161336665323764346364313366643335346666366162
32363138386530623866666461333935303237623339343634643664643236633731663333663464
38343766666634343166356436306161613739343230616666646264373731643638313734663839
30346538636632366437353531306431663864646136373935306434313765393435326639393235
36656363666263633864356263633930346339386138626134636534373162663362656534653465
36626437346333623136653864316339663765326234326364623337666365396663303532376234
30323831346131623736363166363936346438633432353265323832396139313730313538636663
62376531626564366561333463613332323064646535373435336633366437343030393433333536
35326634336436653865636431373261326436353134623734323266653661353364646434386430
62663330313937303636616433343564326535376166323038636437326634323564383666343732
63613563353162373937306263616661373462306263616532646466353839333935656565303165
37306137666437363639336330316331303963316431343731303038393761646339666532323239
64373166626132636164343461323163626137636237643565383061313366346134333266333239
64343366396364336566326334343738616435343933323830666135623333613730313062303037
66653161613938653762663265343431663263316537646665303733383834333736326162303839
31646432666437663538396566306264336430313935376264636461636266616631643633396539
37373531633734343065386335653861303534343531353164383233623964653464336261393862
31316233653933613436663336643461303932356236393531356261653638326134663232306366
66633663316534363463623930323332336561346264613565323161393135393964636564616133
37636634613635303163613161363965643931393538623762646464356462613130633438383637
33326266646466346166366433656165316166366364343966353864643265376561633730623061
37316137396166383337656530383835366135313665373939373232343333383162633063366235
31326665613438383439313366303630616130653034633032313465653234356637666565383963
30643165366339313161323735666635376431313432636436303731323531386435383762373631
63326136666538326533333433363730663936373139653935363834363565336165323066353562
39643162643032373730346131646630616361303663346161343066623261326233656163313362
62353934303839353338616465616230373630666131633238613164343262333936303435663438
64366461363439343432643634366133663565396561623135346662383765373766346131393266
30366130363232613537396566326334626131663762323630316138323139326633616639623833
35316633666133376462316230646164653465633864396330656661353763663832306563303432
32656531363865303735343835663230306431326530386263353835333135336238656331333636
61623731313363646362356530356538323464353262646363383437383031653638643432386633
34393538376634613538383330613435663633393362356162636361386530316132623134656466
66303838653634633564633063363334343332336362656166633038366237373630623364303766
33666536393164396564396161653062356363663530623364653264633261343961623738636562
37353564376636613632376661396231356666646166383761323635323363313331653964636162
34626366313364306366376232303935386434356262633637376339623866313763636237333134
37373930633139336231383939316265343336333364636136633339306134643839613838663637
65626163383363373833343535626137323339366135653036343661353363623565386430336436
38303938616461323834333364626231393934366230393634356235363761393833313763653337
31353633303639613237306164626433623238653737373031343065613964356134373961373266
39326330633065396364623666646334383131333734383864363461336336353838626466313536
62313032353834376530633639663038336238313634376662623031653039303766646433336633
66343231643062323236356539633137306661376164363336306239376237316164313733613134
65303730316432646266666363666338616564346538363332623036313031656239383638343432
62623634303863303530616662313037626238323437363830303033386561633935633432306239
30613331643930363037656336613563663063363364353535613766646638316139613732656232
37343334623935663238313138326464653833373966323530363462383734313034306632333235
32663637613066643936346464383036623732326230396230636134346233613030663038613839
64643734373533643832393033633839336239346133326533663162646137313864616137336561
38353362663730626139643362633731366666363166623530626366313038656363313030343739
65653435303435376265626466653732653538653163333236306234306361356230346262323634
38663333626261663930666134653633393335363164656135393866353963373661666338323466
62633036643164343536323865636163636338303031306137623234393032383462666666363033
30666363353434306265643334613333313534623639613538323132313339666366633139323636
62366236646535623631666366306331353039356561343535326362306561623632363836323435
39343361303930653235643138313863653064366634313731656534323462666262366464343963
61356364363535626233643664613935326164653430656239633039303536303662346438303734
37336131366563616434633564396534366439363234663231663963393662623633366537613938
38313364616538356335373331616234616635633637323830373665613238306461393232653838
61316332323537636632366230393963313734306335633961653065613263613334326334346663
37323436336630383831363935633737623036396264633832326437633866386634656234346434
37326233336437646564323931353935613431336339646337316338333739313232303730623164
32616138306565383464646666386661303864383834643334626336633264366566656464373839
37386634656231663264393237316332356336656338353238646333356466373838303065353364
37343162643762623537373361636236346361323235363034353530373931343336326132623564
64613664343835333437376432363331356133376633613830653162303638653539373337643639
30656133333030353733373136313338666338633836306633666138356531643935663236303062
37616264613664373561623864363734386538613439383563396465643539653663353764653766
32323933393765303639666633653738336538613534643636306365653338323863633735643935
61306531333635613632393530346335383837336539353038366632663761646332656435383062
35306537623363363732313433383435323161303732636138333635343639623532306165366263
64393337346638643130656532386163303266613231346434656134633433663432393639323163
64313231313335333839303865633561383061663564313431633665336635643036366630393864
62353461636562666434666639613536663364653030323662383234366236643163613566373635
62303332663035303864623333393165326532653262646135653336666532376435636433623033
61363661633137633731336565383662396430336138313233323037613034303838613432366535
65646334393765323138366332323361663634376165356635373930376339323562333064636463
62333339313535643061393233306435353333626632373563646237623761343565343832303865
61393962353936363962353838313338303366656338383863346563613233653835646134666363
30633631343963666235306339343966353062356639396138646235366330613963336134623234
36353835383231373361373461356364396333303336366630313438383535383037346166633332
65653232653238653563366264393366623038626662303634323638613635346438643961623466
34343534636531383730313734646634316234666333363439616138636132326236646531386235
61343433626336343463653566646332613433316631666463613666646233353464653836353138
30366231613938343264616330353966366332303663303632353466356138303235643032363335
65366164643132656437373536353836386638643238303439303734376661643166613433623363
61346539313139383638393536386461373133383435393866303036323838343431336132363232
37613837373263323332323133336339363532653666396331326633636362626534333136633033
65386532373965376664346337636563666466613134323335316262366238646539313038323763
31356339326534343437356534636135613064316431356164396636623831343232663763353635
63653537353464616166366264333030343234623132386134393664303462396536333561316465
36663135623437363431336639363261646531323037663638653137333531623036383361633831
35373265313734346331366364653333396536343035306434303739363837313561626138363366
30333962386164396330393335666265626535623930313231643335343539343539613434306461
33353864323664353832316138333130363633653637633236653435313738323832356663393665
35323433643265363732396639653336373663636563303662353364366434353662356633333034
34316565303333386430653263656238323036326134656337613066376638393734373666663335
36306634313332353062396263643435336437643861303436396439343333316533393330396331
38363438303166393565306165633831613133316530643130643765666638363539643463633766
33393939356566346261636663666536346365306530396638393263623039613134663661326163
36666237393434666338366262303830313763663335633561366438646433663331326132366665
35643636303932353261333036626130643733383866626564383261633832343264383539303934
64633033326338633961316330646531373036383362656334623966356336333534373834646361
65653535383838613636616236366562653135613864663463373933326161626238613833333634
35386663653935643965313937346335326462653765363266653431346564353131633132386365
34366330383139383231663232636534396433663133303366656435613266316135646161353936
37333565666461353863323339363535383364303136366437373364383136313038373434343930
35323161376362353061616661323133316332353466373833343533656363656534336137303466
39396666356337323066376231366130383762363134366136653931366365393765613162353034
61313338396635396163363138633736353438663533333636633739336336336336366139653761
33356330346237363265336236616462316561623666623163376162623838396331633665366234
65396231393036656337616536623837313632616562636364336364323936303665646332666434
32303133653965383566326632356464316436393863366462376263373638656432636237353033
66343566333334633333386231306234613261386533366138393438323030313762633537656466
34353032343264383234396130623337663838613733303361376132643434643233653066393436
66396364373737623837626332313037313765633661306437373430633234663838343461666163
35303535343561323537313138616235333036346635306433353139663332323937373564643038
31373638303766613832626662653336353936316665376164623765303233316365303035653632
33316332663666643466353630343135326137316331373064663265323366353537396635633461
63636432343336646262313866393736616137346130656331393262643861313664366563396462
33383734623037303832626330363432353638346261326563656331323138626564336638383238
61383462616666396666636539616465306364366163616665616538363164383565313638373730
37336533623834383832663533386536656262316433383132623937393938646539353931643233
66623165383761626135343236323836376466383164383933666366653938623637646339626633
64613664396537363231336430363263626166303634353664653831663633336262613333353464
61653263613839633633333235346432303166623465386132616437646537356634306532393565
65383632383536653936336335326634636632386539363132626436616165363437313532386436
35353264646135646530313731626563353065356630666664353438383464303564353630616238
36633935363939666531393934643130636263356339323566326461613833363562396464333262
37623230393737313732333362313937346134376462656262636462366562646539643166343836
39336661633336323032643436356437643135343332323864633432666262313036323133303836
64333761363635656134646632646432613366653535306136616663306339316432336265343763
30356137316661373332353330653662333637643630396532613461343766623632306362666565
62303339653939313266353935303731363230343661383866346666373966666230356334663161
31386637333031383962633065643733653966633537616538613931623465613632343663613536
61316535656432366330323062383966636531336230653631663566356162653137653236313635
61646662346531643637623839336234373162343834396435363263363630303134383963363666
61666335656464393836643366653237353665326164383333316434366636656339346332623665
61353363386435376330643630653765653436313035326132643633316133336234373562363433
64623833636337316563336361653863316130666461393235303434366262646539653334656432
38303430363934353030626632316431353837363065643136653538343231663161646133323739
63386437653564623535323838363035396430326134366662623162623566666566613332373932
37633733656632323539363934336661316430643564303864626564303237343730
