$ANSIBLE_VAULT;1.1;AES256
33373138663832646339643365626333653265376230396461376365653934376333666463396330
3138636439383565633737633936303634383162656636340a333737646566373764316336623033
36393231376364633166346539383566323564356461643065363561313939626265303930633165
3365663863663135320a623366376265336365643163343735623631313565343736643032373439
34383634663333656564323139323030343934396465353664353937623835333730313862643366
34633533626262313262643632306233366464346366386366366333623661663639346238646666
31383839303034626364393639363666616539366532376137653039643366363237393038633166
66393262353938366266376365643566316532386232363736353163336231306130643565633639
35333936326666336430343861376236623137376632643934333362353062623266393131303431
38376265613530306566333437313366643566383766373439656637616330306532343761356363
31646463646464646138393837313234666536383231303439313866383961373431653863643030
63363735323363613361343339623362613131373139653937363631383136313935633338336330
64346133643738646538343737333738666431346532393331626138633431656433366637663039
38326465633835343164343636633537326534663866393639323066646635653634666238306432
36323765373465393935616462636336313730376333336265383065356165373039353265303863
61306165633337396564643236643435643963373562346565343638323631323538666566306533
36613930626331356233666430613832333861613162363838616434323861316231393638323839
35373265313632656634353139653934613966643563333862303665313938356236303738363564
37313930623163306466666566313166373366393837303737643934663765323364356336363166
63363035656631336561393464376634323730346664316563393361623639313032383066326132
32393831666434656437336462613331396266646361313131333566316137353737313665613066
30643063393966643832613262633664653536326438373566313566396561663061396334626238
66613934616532376139653433383661396235333131643039303330373938613364623531633966
30366533653333653937393665303966366332396338633038313139616234316531346664666235
64646136363862343065316239396235306230343063653465626662303664366331633439366333
39666439313362376464663636363031313164353536363439303164343630303163393365346666
34333738653962353438643366643865613434633530356632666339376230396464303133313364
65373366623139643762626432333635303364383533386231326639653339663933303933636234
35626234313665333531326636333864323232623230393034313230323066633737373462353962
38643230363434613362316463373635333266633130383763393134313365663434626331373236
64643065333131643864336264313462376336366638306561376166376331666137356361376238
37373935386538353365373363343730383039326137373535326563346638656464663536666530
38613433343165636237666330303762633634623838396234613762633937623639643037376666
30653234313035333365633365633064386665356435303064613233343539313332316161623335
36393330633834613431383665303035336538303161666135336633643162653839323635346435
34363262303139666331656336383635323332656133613563363465643939613938303335316432
62363235363466353239333736613630323461646132623238396535326130366237636234363834
61383063346231313835643435346564366363393138396131373463303834643366313765376265
33373263313466383436353864313331333734613537363464633633336632303366623561613964
32303838303236336637653137376233623837343564643433653032623330373731323262326235
39643532393065616464316137666331363834343138303436366465326431616335343863356663
66343638376239356365353663636563333437616637353065303061633235653639356435336134
63326630356366633331646235616237316132653632306432623563353138396634343064323333
61646138333232393030363563396666383235333735643261306332636639383861643237643231
35383961656237373462613866383965383531306639626661623031636663333232656164383233
36663466653965633764353630326165363930353239626566333233623438643235363639356630
61613963663066613132653130616633666265613664656536373562636561353062626433353231
36303531663736343730636134373862393032316362643064393639323463316634376166336530
61356233653031383431313033383833643639316631653661383532383936626466313364643931
63353037333733346433663866333934323962306665633834343936336334363530336137646337
62613532636431633439343065353237326136643264313266666234313133626362353133633938
62326430306466333830356163383830386433313365306530353136666165336566383232363531
33373835666266383833303739373663386662306265643364623262663432353762303666636362
37383838623137363436396332323434366463656138353331363362666130626335383337363162
36393765383632333033656536313339663265653732393064396539613438616166626361313937
30373930326230343335356261333935373632346436333438346361383561383730303232656364
66346237303133353739313063613065343731386366663666663339363030396130396166353165
38646535373665323837616135666132383665613139316634643838663563636235616431313131
62643030386136653362353633366563376538343362326435373263633734316664363333366266
36646438326666306634326532663832653764383363666537643965313637353537613336303733
35363364333966623231303761613035343563356237336337663264623933626330373064326230
64636633653634636138616639663336346531663639333463366666373361316139326330666236
65346338656634303131333839633463313236633634633632653339393938366635373134653534
34653731636238383734323061626530643936333166643131663230386237346464346134343432
30336363303133383735656364653065613461323966313262373838613365633931373233376465
32343135613038313834366363363561613830363364353634616532656666303264636536326661
30373164303134326265343663303737313637336436643537303865353433363932386430623166
64316438323364613039636230326339343333656461633036383734336261366535366531346338
65306638356662303532323539326134653431316665613262356131346137663861626334313932
61633664373334653036613131646464633235333363386438393339316430396239366333633334
65653138303765633465633638376262376539316565353765376130646538663963613062653064
62646264303834393133663130363033376631343666363065396263393535383331353833303135
61303637383030633466373834643930333337346161333330613235363131333063663136346239
65623539373765343035346665613565613537343139613764646636303363626362653733376430
34653031366161623962626633316632386465616261383462663966343866363537666464306362
39656166623037386537636365343837393336393638346263343437386639396663323062323835
66646439333639306535663632346530323136373730616462636563353335343937633836353331
37353935643835623431383137313534616265303861663039316364386434383534386331306461
66326338303435316638653663353364313938373162656536613937373035303730363536666136
39333565636239636663396361316436343665656364656632313437396661383438343739323631
32393733666538323266646131643265303635393965626134393330343961306636346239653561
33626232363063343331343435613935313732336636373131653538633766316439613933316132
63353265663432303164383730353838343137386130646464646434363938386135643238663238
65613136383239353131376337623362623231616536343737356335343466303430393730306432
30643738316437656334656437363930326165373066663839336533383331303739393933653639
34653766646336366539366165316163613864373930303630316362393438333830356436336431
33376333383665373338373761636138333230663965653733373263653263636161393535633839
30313434343034633864636534626330643936633364366234326465656130363135666536373738
31383366383230623838393464333633633162356230636163643465323439393861663062636137
61366533373762343037363536313038303933303766303130636166653765633364373664643866
37653437653530636337363965383735653235636266623863653065663831343261663234303361
64393366653962636363393462666264616130333235393836383165636565656162653364626532
30623066376430383362613330616462303237653733616431353139343832306536366463363738
62316164336266626136396331306666346661393764383635626430633739303063303462363730
66313433313461396464376166633336396336613530633864303132636163393464323863653131
62333166386338643730306535373563363434613261326264343732373633303965386365383861
65336334376161383231643039656364616564383738633163633063383032313463303462663666
64343232623561303461666337323863393034336261376566303939613161633239373763646330
38633363623133656639323535343561373338623330346232313038633262333834626135636132
30666435373463356235613565376364326664333139636462313631633262633863396634366639
37353731363635303935353432393639376263623038656432386633646664303232386366636434
62336536633262613738633466623563633663643636313164303561373037393635383163376564
63613832373162373533306635343732363262633135333365653936636365373930623832663566
33313438343732343034393161373239613763316331383661653937353231343237636138623230
66653965356132626263393365353432396561666265333638326233356637316661383635373934
30646136633962353837343763336431626634643466646534353831313862663063376139353834
31653562313961366161623334643333646337663163646162346135306164303637633732386563
65343764316566303962623531353038633530643036366239636331303233376661353437353337
62653163626130316132616665313838356135353563343063306465383262613638346438323832
31303637363230366464633462316139346138663361336462323633343566656433303037663639
32303761386136366539653130313130366563633562636363633132303764356261343839306164
38383236336339646337346235356565663665616337346661653939636635646532376134353664
61346432373265386166356562383036303332383262643234343137383064383631396135646463
62376536613731633533366637363434386231353331663136316436326539336666303761373530
30393835383962383734386361613535316232303164376230383432316239336663383266366135
37386630636536393237353763316133326533336537666566623734323138386661303530316336
31396465613531663230633032636663646666653638663434336461623665383566313630636534
32633335346364663439393738326335386563633539343261346663663935333434316361626332
37363037386437393138336366366137643332626631373166643539303935333163366133363931
30393933316462646231393934643931633838643338363137333362646361383236313564376137
65353266396330663864623961613032623563346336393138333136666662653332643935383536
30383664636231383461303562623337623766393632633931356534376631333639396231316262
39336662306334353735633930336636396331616334363736306236333630383836333439333333
35323637336436353734303539653862646532656433383065336334386363313739323736303536
62383965353530616238303033666365663932393234623563633665326531343461613266323234
66666361343635393437653738616134666234326238326236326234616432303134623436336635
37306362323565333264363161373862323837333461646633643234313332343136336439636531
32383634636563653234303139333262613561663562663132323166353831343138353535356232
66626239653535623438313163386365643939653861323763636565376638393738393732323438
33303165383865633534653037306663373735646636326463316136356462626363313163623266
66323138666265626138366634626136346533316238653265393737373036323037636530333963
30333938333638663138313063666165646636343334623733313435653433613164333465373530
36323261376662346639363064653730653661633332323934646332373132663434366338626264
31623364623233313363383236346230393232363335366534363136323034653137363331646539
64376139363365383934323064336432313034633934366233363733313264396235326663393865
64636236336635343431303237343431396462336533633964626461346166663133613934363033
62653662633065376566643432353165383064386133376261623434333861643763353036663433
34616433633763663138306362343436346335633631303832353365303334313561353732383164
63323366323966333663313263303261343761346466666265363539316466633563646461343463
32313939643330306462353631363432336635666334313763643765666366613063393962363735
65376666633063363434616438363639653231633361306339383631326633633730373439376462
61643763303061353239616261613066366437343030333565346363663462396366303664633866
62313538636532653331313366343966313632636233636237383632393430323163333530323030
61383132336137633063363030636461363761623863313363613539656239646434363263346336
31643262353537636639383331626563643862383666653062653934316263626362393735363636
35623761353665626532643666636164346233623637646465643663306164613566636239653765
34656335346663616635643531373632343336343633383239313339613633306134653964656238
33623464626566393734323233303139663063373139643465666632383738623232353066373633
36363438383962306333303864393730653938316633653832653566313665363638303535373130
32336233623731373137626565356435303261333337303934663165373939643630666563323138
63396566386633393539633061633533393930373633366139333132376133383661343133353465
35646563346230376466656366323730393766356136313530346136646461353032663066326239
35633938333833616436656366633238616331363735643864326166653432646261363934383537
38613266306434343930656638326665373564303065643034366432663137323133333565313734
66663262646331343964313662633131613434616331393466353433366436643864623239633731
61623037663966656430626162353639653032613565333936323461393636323531643838393335
30343334343466643030656631393139656632353136666332363430333630386265373465393566
30653461396634663335323737303865616266656337383033383834313238306161626161626631
62333766313934373865303364346263383436666166636365336263626137373138316566333632
34393934666537323862343362643538326164393136633332623236636439333430653931313035
34623134643432613337336639616539663264383036376362656338386365313837653732333962
38626666646635383337626339333164393532643062613932613034356166333864333037393263
64616435643062623134346436386166303136353938613739636630646334613966396439326165
64383033346630336264616634313838333038393635363132353166363235363062336562653731
39626565376237333435653235633030333530303837613063663763373937643164336236386137
37373831363065396239646635613837653161343039643930633435383136613761373664326134
64376536386137633932343462386466666531356534303137623364346264613466646336326135
31323235336132353564633462386436656536613465653132643764396235656663616137636565
35353539356534373663356232353838326333376638366435356362643635626231613261363634
34346339366534363465643462363835643835613833626565623566376263656263363339326665
61623133343033393836306364656434636239663062346362326230333864663337626537336130
35333638346662366362353165333637316232656237306532366239306234333064663163646636
38343563323536336139393861333365393435616437666331366433343534366463633765626361
31356434383463613030336532633030393462373939316266313363383335636166643563383733
38656337373539656139646435303037333861323938333232366136343831313335353034653433
36633863353862383639363439303364666537313138313762383636343366303137643462363664
65643063663334323838323461353134616530323933386633313562353030326664313630613239
30663262333761646135333266323532373338303330316565373236616466323139353965373566
35353738363036353362623431333235393335333565323534356436383865646233306361613832
39383931306662313765666365386539376239633939363161666565663234373336326530306230
38346162306164613738613237663631353430643634366333643939366361363031373463313737
63656436333933356366306362333436313336616261366435393932323765383635336539316334
35653633633935326437646635626132666162636231613362633263653838303136303230636138
35336330366131393038613133323261303237633131303031326363383635306339616261653963
31613939393337633739333934396330346337393535376534313934386637633330306661363065
35346465343031663139636461353161626663353231626136363331336233333861653139613262
65653363373431643439323062383365373165623861343035663031643765626661363631623165
33353138336334346238373466663562656533616434323239383633656338643936326132343863
39356534666632636261303461323432633035653836653835326135326639623866383531396439
31363664323332383430396266363236653330363331376530666237663031303535316137343831
61623066626530656433313330643934623139356139373963316639653939383134363232333039
63663637393237356365636638306438663838656632363031336234376664353833326634363165
65656332633833366138653261386433643736383364333964346261613439643931653061303362
31356232393732313565633134393262653735643834633966303233663732663165643133653336
37363835376232663763333530323564323232346165356131616131306631616166376665383330
34383539373332353135623031653531626531393835363232313035303431306636653535343661
36643563306131323761653231343532656232326532393262346163326662343130333239376561
62336239306439323237653339376435313062633639346665633364373138363964383031636335
33313935373335306631613930343535333030613933343731343737383632363663303434373733
61363933356536313966643333636331623339393364643134616463386639356139333134323431
30346636323764386366613438393065366165303232663162323935386461393032343437333336
39376639383737323361356230313833393832643031666165303631613335303962646336363136
35386661656363656430623163623631376466613163346333373630653063646666346533646162
62333630653837376334666337656631663132393461313264623438653439356465643030366233
61386431323030623734336531353962623531356564613266306637336165613036353364373665
66383437306331356139386665653435383464386364393863386538353166646263313538643764
30643538336563313762326235633964616134383431353861663233356564366563393035366132
32636261316161326364366366646462343131353136656665313030396432643132613332643563
66333839663034626334363861393533623665653762336531393937666230663365303537316631
62323433303164333761373731373365333930666561323030303165363031666462353532303863
39336434653963393336303030363832343266626361613332656232666531356532653830343938
34646561646561303065313139383166343834343064363931343538313534373034666164663339
66373630363431363866653135626635616337303461643737653661643766333735353464396462
32343535363431363764636164386335646564376661393233643033313664343630356463333866
61343436353865663537303134666333363335626561616263643937313634316435656461626136
66313163633866343432303439306633636138323561646662396361393666613838383239633434
33643664633564306635633837336165616239353666626665633834313766393261386632656665
34646561616564303663333633303834306131613966653936346432653830633132326436343461
37346434353638663538376631323435373361666138613934303334333462316538343765373461
38333631643336323530323630643137336134666636333864343936316332366334343434386364
65336562303036616134313663303561356536623166376563323631623535376333653533346434
39663131323566346231326237303731303730346334333738656466393233633561333361346234
31373731643535633166663835343738633765363964663163363336396235626637623337363037
39326662386133666533643233343637323066383030366238343962636266333131383730323166
64616463356437623961356438613761303132656665333463643930376230633231656438613333
30356433376630353132393764386336663065666132366662623161313633303636373564316337
30316531363837353433366232623962363837316262373030643830663531646364666333643930
32343736356136636132376234373738646634313136363264666536343465616562326565643335
39663739303734626338353730343937663237636435356339666335373834623266356234333739
33656233373365346539336435396336356433326239373862616439643962663539333830613735
30303736646331336235666431313863646538623162333462626534623362353838666137663835
30323133346130323231386535313162633362316537313763653436303730303063373138626334
63336431663765386338616166663130383537613965343939353236616638366130643938313531
66373835326162623466313664653834643733636139373330393263323166653161366131346437
32353834343436363964336364333835653337626636373266623831663130636237383238373635
31303939393537653031356636646134303935653632376464323731623139326264313462326632
36356464323732333964323235326463633030376366326637633434376438633062633930646233
32323439633466646534386135346339353766623730333632376561653632323038623134316261
37663436653865303962316235653134653364626432636464353338393761313337613333343235
30366536313234616364666262363264323935343039386237373438343265323337393638633364
34356239343465386330616363313165303138323662316166663833376662653066666366653737
33646532383265313962623433663337356630303636636261323064326637373036323239323163
32653366663930656334303530346535623831353538343331613131363665653838613965323935
39383034626637343764636563306136633562666239346533643138343261643634366231653366
65646334333731316663333234373532663336383537366461643366666336653337323163323065
39353463356636663430396539663833323835303139383665303531346662663635366634626531
39666533323037393666343663363133646236656635613434623861363264306130623038623136
66326330376330636639386133663538643739356335626265613961313166346134373230366664
64386463373739333362313138663330663237343039633835303636366334386166393130356536
38613432616165653534386436643964396639343030383933343263626364346666376138653531
30663632643936373334663832636531613235373338616436623136363064323137393465613532
39646438383332353035616430303133376161376366633438623235353930626163343034656162
38333562626462393235643737623463636561666466313337376366366439363336383434646137
35363766386664663963353933363236343261303535303433626637383066383264633364353339
36353239373534333561646531356234653764633631353132626162646131393161626533646661
31616337383762306164366237386461313564666138336535323831626531653730376532373662
65626163616365373266343734626264336365646164316631326433346131303762383137373038
39303336643161383433343462643333386230336236343561636562306365333936316534653130
30616661613131386565346236393763313038623262646338326232353064363566623931386230
61343739346230393632623036626130353033613765623633643331373666623537383432373334
33623366316138616539336230353038336630326231303365646166303764323739363238643766
63333235313638626438666434653463376132626437343638343565343331326435373433313031
66393630313164663531363364623866343830343164393834353635306231613166353763623339
62316561376634326536636336346336323633306338626634653231306538373665336136623062
37613466383330653361323730346463343761306538643135326365633935666661653037343863
39643130616665666132363565316231636563623533626234363264353832663137353335663737
39313933343161643035626663376261386331363330306536656237623864353238313837313861
61626461353536343937373437353364366362646636633965313833623263363864376366363462
31316533663734333037343766316132353864323237343537626661626432383336343861326137
31636437636365653132313661623463376434613133333031303530616464343734613231333639
32386566373430336433323435653461653961356238616135663733633331346234336337653065
32313361363166393364306531643835646531363333303135626234393239633037303164313832
63353832333438356430643133363436633966396331353936373964393238366561336338393030
63613430323465653531363633363937633538376261626533663933323939386433353835636361
31633139373961303732643830366237353832323263336462656565353233643238336165333932
63303930613039353032653833613263353632613861333939663634343163623235336132356437
30643638646363633230626334313932326231316138356263313233346463373234363963643334
65663530663062613065323034333731646332366363613432336663643130343738346562306339
31623937353232316139663962616439376537653830396337303536613962653735333434313336
64643931386639343761383837633632333138376266343161623464623336393737623362653834
61316339623161326230396561613963646331613831646433346561393666643232363966363261
62363864303031633162333863313065663631306339653861336266623663656666366132316336
34313430356231386134636263633439396666373039326438326366303962643039393132373538
62616230366135383462623938396338353935363465353339333231366361636537313330346334
38613039396339393932353130313134343937636530353937356161316430303237656537646638
61376238336365386437336635653234653637623430666366363565613464656165393632373235
32346136323062323338386436316664393364356638396131303635323162633630366338326138
31363561613937626662366534306437643738373739343466366262386238663434363563633039
62623865336565333764376463336231626135653630343336353430623436643933313137376638
38393631653233393365343963306539656464363236653534336561343235616233653736346462
33313230326464383533666564656430356564653636653661343134356433313632613636643538
36306437303339646234396565343039343465623835323931633864623863346166363763343762
33393365633335393563316263396364383136646538646566333935613032346234653633333264
33313731653134653538613030316638383939626631663866333736373965303863333862353562
66626431326664303235636237306363333232633834613761656134626236313239636630383966
37653636383836323265323865316464363931303532643436623637663065656364626631396266
36643336626431636633336432613034333036623163326663393334303237633733643138313330
62653833313066343630363836306334653336623361656437366239646233383230346135333333
35333531653262353030623764633233396530363464633732363662306165623033393764613666
30636662306634336339346266383264366231623330613837336166366235613432316238393463
37333436363438346333666230616130393934303363643936643135343734613132336665636331
61393632653835353335333534316338306234383161316638343165313031643663386632303332
39303132373762363931626137323537353233643262376236393533653039396331613065363637
30633430383834353031393938616638373363333038626439643534643831323137373732646637
38316335313939663530393266636466336132366532666262633562663332323030613635633932
37336566616137353264666364393439366661643035616262663032656566636566303966383862
33303730356234653030626338323263646238313131656563633838343035323538343565323231
61636538316333653965373065393339336238633365646633333931613731343664326530326263
36383434336265313938303735633231653761363465346333623638356530393435346262353465
35326262373061363536613030363939383035373338663335616139616463636261373034333163
39353834393739643531353530656433663165383264306164383733643536656533353966343637
38663337313531623933393461313430303034663435373662383061353630653835613866373638
35653763303430656639323534353739643334663035643531633363376232373666323931393464
37386138623033353730343634323933616430383539343631363865646230633562366430623961
37333133623035336235383739643637323437626235666162343935663930643931353033626462
63393539613839383132323833653461343662316262653937343330316230346666633630343566
36353065326133303636376232643333303132666537333238303965653261653935666338353238
33373732313964656430393766373538346133633562373538643736643962656664343939303236
61343335626165326336303766386134313738333866616231383933383162616461316330636465
30333539323234313362623130306665363338656462636431303330326437333864653433346166
63376635613465373430633430366264626437613766346437313636323232626362363264313238
36656436353565643539653661306530616336396131666361656538336531656633333936303530
33326138343335313134663165323963303236633333393533633665396161636263343639393231
63616563336666316530633233373933316633633734636233333434323530383765356335303235
36383033353830633630653933623039326136306235373333346461303062313434343131336332
36343836613731353237303534666666393165633361616263316434626362376339306166303430
39353835326438356434613735326331343932336561346632323738343235313036343031386139
62643131363731643637383937663337396630646637363936386233653666623064336565326530
36613264303538636137636166653037306262306164313934666635653738613038303239626439
61356332373632393161363862616164393037333233316464343933316562383835636434346135
63383438313739613438343234303032613764626464656339346165363563653166373863313534
36336330653338336436666330363431346461643864336364376237303866316336326535306262
36356363353434616637353334393738316232636634663264663736613463393030633330313238
35323130643662383538663935656463343064313339373737646433333565646238383639643734
39343165386530666636373361383065613638626661383830393261393031343838303566656632
39313237313038356434313665336338333465616662636130313532353633306566636264613630
64313034376533616163663137303435383861356335343336633464613836656265313230356630
63396261346337303331663939643931346665336466633362333135373533393964393262316638
66343234613562313339333531303131616234316665366438353331303833633337313430306261
35336537383966336432383762366566613964396261316231643730316136656664663532363266
39666433366266393462373261393731366130316533313830363335383935616635653139353535
63313337353337623866376335623737636361383332343261313634653161306137363363333137
66386631333238343462363630636566373736363834346664316334383136613238626363366439
38333330653530353036623065633365653435323430326539623561383961353738326464383133
65336361363064646535373965383135613862393635613835376633383365616663313163613631
61383462396664383465623832383736323630393766376461313038353433346563616362343664
38303535353431343439303539623762393163333638363436643438613131343261633736643635
35636162336231356636326239306265636538393263306133353865313531363332356637396137
63636561396439643661393566353764323135313938623061323235636566373765383033363731
61646163643032613737313236363031313039383564313864373330656433383631353863323935
62323238383537636535383861333434653864383761323961613235323062303664326138633236
39613337636433306339376536393662353863363130613538613863636162383963303262666130
36633033393336356235653237663639633463326538343231643564616436653930323432303735
32393261323264303831636435313263383135376639393233316639333663303634663538666230
65343436383331356161303961323638636163356537643061653334363230643965363161376662
63656438666338643138343161333935643166356264343863353231363739303737383263356164
61373836373931386333623339323139306435316135343261316561373236366266356164376363
38356135616632616633633539373263616637646538643764383264363932393931343434643063
62376464303165363932633838656463386636666235636132313838383165303363336439303036
39663063613665316563323862386632623462363130303562303564366334646436303663383761
35376538323032626239333263383433353064306139353234656634386634313066633965656136
38653464313466643562353564323638623138633833353030613432376630613536646662323666
66643461356663643161343736323733393737613063393362373239666238323237343831636634
34333435313634653034636339306639383430366462393064353435353961383632663531613762
36646662653334373533366331306561656361653336366439333438613330336237653863616232
62313463616437326330646363346462663762616666613539646564306237336139636539646265
30643664613266363663363736373864326438633161623161393538653530373964323930376163
38663239623766653131313062393661343532363563343530613664323637653365383038656336
64653566356435386131373262303937336563326538393536356366303235313664633133313233
33346461323264376132616365323435313064333037353864636361396664383638653064373462
30663362306337646133666638313236653837623537656531366134366163656239343837316663
31393061363839396663633461333038396164316232303765313636366538626161616266363630
61653162383661336463666236333365373561656333643036303464323630343836373166613066
65353537613439393166636639323366316332303630633634613830636538363463323137643933
31393565633732326464363934616439313830656238316535626639303637383461663964663261
61623732333932303539613066656336333765393233366366643734663932303438316461313238
30353431646465313262656566666631623661393361353365653333613866346638323036313536
32353836323237646363396264663833656131336232363038666338323632663561623131393037
62343534393237343665363531313762356164346338633733333831313034353733346565396330
63643565376530306137313531666161656633303737373737623930643438393432303762666263
63323062646636303533383437396361643064303131333032623530643733646431353439636136
34373662333034663833386632363965656662313563306365313064393763383162363265326336
61336430363932633161633461616639613866616433366332386639336463646334333630383436
39633237653238626339316135316266376263353931636239316562303938363964356137663963
37346631326363623366613539383330646564353765346265636362383634366164666263303132
37653465636530336530373630376635626237666464383539383562303236666436326339356466
66386634363036643133356136353163666538393863333435383736626638373864666366613165
39333031623137366439656638366464343663303166616335353830383035623832323938636436
37336234313031393937323830323338306433333830393438616232386366343462643561306335
38623332643062656538306331666536386330346366656530326533393936353837653261366234
33613031336332313933383234366462386132363932383266626633366462333434613361633735
37326665613061613362383332616662653265663161653961343866306135636562616366653834
65303330316131626165626137613631363363383464393431346365663431666665356230343664
34326462643834393538643930623630306437613733313264636566646634633763373562383435
61373234363134316461623165646666376263303031363039663337336365326534343630333862
36613266386139356263393539643830333337346633643162333764393330653733306266626138
61343862313265363433333435653233333266613439656261643131636266373239353832656132
35303330626632313633653335623363663765623137633937656434653832313163626164623363
64666531623264643539343638323462326561613231316363383831636262333037646332396433
61323732616361393432613837633364393264356662376465373461636463323863636130326633
32313035356431306361646136303163396364623466336138343434336661363738316435373639
38363239343838653238313932336133333261666462653132643965306333386637663262396665
64613931623138313865643164626437343036663233336531353663623633613161356562633835
35326533376466353334313233336361356331323634376133386331643632636234303361626164
34653838623631303038306161656136643436633637373534343436326537323464613632313664
30653566613762323464376433623263366135396561643862323563336261346265363166326636
66323138313435333130666632306165643038656364316538663632666666323837636166626136
30633033643865633730663137396434373733636135323562623362303964613935633461653638
65366333313839643736653334363338623062616566633833666261653736333363333930336261
62653034346136626362363139333632366265653861313661346565393039613265636438316332
30633661323962616134333262373130353266626531643864363863626162393836356331633234
30383230316166633263363663393534373961316637323833356262303237303961623565633735
31653066666132353966626234656631616461663066623731383232346439646536663064363839
61306336623534643661366563363036303764633466623336656632616134356466336437393962
34353963346431396435613730306639626332636531323035643734383436303139616336316436
65306233323431636439636639383362646231366133353264333236323937393931326165616434
65653865306630653538363663663366623235623931623533353732363862326564303432616261
38616165353130333739353034633161386461376163353232386364326634323639326666356565
62393430383430363435303562316330333561623433323739653162316534633836326663623663
31333135343132346538393731653335353930373664346432623739616534633861613137633836
37643431366136333030653034323865346261353961636633393837363232376662393731356466
30316236303835326163656633613531653735306563386463313234656363643265623364646336
39336531356337383963333066653966356366386636626161613431373637376430643463633031
66383963613835376132396137666237343936663639663234343233663731626237616363316539
33663438306163626637613263643363303066373434303738383465323462396438396230643238
37316562663766353362373534313565646564333166383630653764373738313866306666376466
66316436386530623832623833343736633534333732386632636566376261346337656564313638
34383935393863663463613936393961663062323135656338663966313037326161313739353330
61353262646330333737643436366265313434656665326339303238623839343739363736626335
63323362366530313263663866643061386363393331316164653135363634343662373438633866
35623833623931386536623566656136646566363462363330653234366531396437363063623736
39363133616365343138626562636435383061323661646164626637646133653663633932393634
61643139623263336133353661383863303838653639623733336665356565646364313161353462
64656566363530623833366464646635613039613934653733323362386361346432666431623938
32303035313165633438333765626463336136313065373763373839373564323332323963373461
61373765636233393661323431633736646434633631626339653335636561386563616538633438
30666236303966666665313861653730323362363230306139356363383437313965656239366638
66366264663735626331323030653735373633633035633430303661623032663163323232313966
30353566373136336166383665383839613732653539336163383161613062333763333539346661
64376239643062353431653566623632393931333639653734643931323035616566386466306666
64356462353262363735666239623063653933323563356666663362633638386137343932393638
63376636343933646337326634333837663163643730356434653235356566636563383764663937
65373038623762316235306134633638663531326661346330663339313731646465353966616163
61623363313162366662663131663161643936646433656139326638306131346366656439343038
39653735373839393538613263643361353861373338656234663064653832626231626332343933
63363761653566306333356666633137646431376430643539323064633163323637633935306133
36323864333133363530333366313166666233393664643635373036303835303637333162376633
30343066303331346463386463363165646363323433386265643264303035326264303466383439
37613761656437653831653164393461343930363838396561356137393436393838356534366334
33396338363631383632656633303735656339343332633761343833643064613563306531356432
64653766623433383766623430333933623135313037386565323631393266373765313533346665
62623735363930343534396237353361313839656462643364326463343733626239303535623537
64356435626231343331336533303934316236333636366436313630313233346532613539346239
61353932613566616366623163376564303031303332303133373035663462303762653530336365
39323634623532396434656636366239666632633966633530656266653239316466623564613837
32386133386238383032396665313136343630656439383233663430393962363736626565646565
63656663656533326331356536646632393262346634653461333164643233373433353335326232
33356265303637343936626235383035356638303064346338393366323236306262303063343963
35383236313136643636353361653461626666353864373533343830643162353737383961323339
39393036613030323830366238653266626431373539333236313561623933623634383737333230
34343866313165396461656532643462366537613230666664666130306633333966666262663462
30613039333661396363383363376362323834366238313736313662383263346164616333633737
38363762396430333234626333323939333630393065626639326330383230303933316361336130
37343665633434623336633265653133643762646137636538393364656132373930613331373230
37336637393638623138396164373263653162616138653236646666383937313833386330656637
63633334326165353030633933366637353437383961393265393531336163663066376165646664
30666365386462613261333261306130363930306464376132326630303363363565386666663665
62303934343936323135656237306263353164316565313062646438356464363430383965386331
65646434323961653936393933353731666130313035363133653863336565613536303335626631
64346661666332336336613863343166353731643734333932333763636666353234383734393036
32306163336535383066303566653436363165663764663362633930386266353764373761333166
34393764613663653162333063646434363133343439656162363534383034633936393330323665
35356462656638376233333137363864636430363132663130363137636562366232316231653030
39356162396438313637383434313535616636376434663334653266336535346139653934396262
35653731313235356239386137663862356132666331313133353331633538386537663430303561
39393832363936646662366635646362633039653335393965623234343438656136363336303964
34613439346638656465653732393638646434373031323636323531363565326566343836626262
37383861363130386138623038303337376533613134386636636633336163303538613538663138
35666132646431633364613965623735316632623537376434626434336466333431633234656164
62343437393734663761373466663964663265363838633131386261663130373363643835393336
33326462356632356561323561303561313435653762626564373137663765646437636336616339
36613733326465623936666164353539666239313230613839383663303064373530303435613963
34643531636261336665333430333239633633623039303031363936356331373631653930626564
36663334356165643765653866366539363336653333303235643636643139343037303661336663
64636263643635313863633866656533656363656636303936303932636463656539333862613537
65626664393136336539313562616136663665343335633832356264373830626663313131333265
34323739666632623039363337656661373937653437363630343662363935376630316339613363
37663136316634306236323639303765386438383031393432643531616431663661613965343234
32623334393562373730653962386266356437313966353664356234613938633065643463616639
39353930346661326533393039366261653639393461313361623331646637616566343936623238
63653866323836353632383564646561663235626230626235653139613666383937333832376164
64396135666562356130303466383932336235393561663432616436303234356566383565643163
65333837643039396632663733656631643930343335333230613462643864336464336539613165
39643464646230303539376166653336643030303261666535376339656138343165666231623033
33326636643832343534376462613933613063316235663133336466323165646337313630373364
30336336343665376239613439396537333365616264396466613034656337393934356666333364
30336161383362383164646439306330643835363336343337363237643166323836616161613933
65356165653661633563643161356534376264333765343033623033323961663266343963396233
34346532353134346465656265656236326165656266313861663737376336353930376137663030
37636363343863363634376239333162393062326132666465336466663936313562326466383737
36666363336666656462303861656436646135336632623238356466663961303931643832626664
62376666653863666661356636336630323637646234313439366261376236616530393661313361
62356466613231396534653234366130313030386462653362323431626536616532363735333435
34653136383235373864633937633030303436643961663566633861313563323765646262363261
38646630373864396165623635663131333336353636623362393462386333393039356261396438
34316663656361393238663261373133613565396162653362663037336439346563643232623838
30333939303430346539326261653761616532313631336530666338633432343466303165663465
33386663363335393364373333316538333566326264383366373664393433383135336439333432
63373561376436613430353138313030313566646535353837373165366565336632613064363831
61616330366231636462313065356635653933353935373730343034663037626430656439626635
65306434383730336331383862623131613161306565363236633965636163643831306233356465
31363835393263623732616139623130346137333235623062666566316365383735353738353834
39666465373538653732643037306165303161633535333662323439346134663462396431323162
62633632613132346565643066393135376134653336303464626464333965656330663061363633
66636630303664626431666432643564646363633237343731623835343363376165666461623566
61333463623833336135326632356531316566353831393838373434396430623233623130653536
64336239653262643164396336663566616262343438643364326434333837313935336463633331
34653530373464663030373937386134346663393539613262643035363837326430613561623165
32663737393762653431613938373330303235613732616334656665656562656266643561316230
38353030643865376239623361646430663766306332383362336138333937333866346633633836
34366638373663613134303864613938303563396565653161323031623665336633313730303339
38373165373566386436663461323135343833333062376664383638653337363365633736653034
38396131333731303538336531333265386136393338633132396365326562383665663334326332
61343664363931633964343135646537663535633033656232353264653331323437623136323533
38636634313334336537353233323266366536353461323337653530646362663536636561356131
62333262623336386230663262343239663066626461303032373266643564383132313261363731
33626661333166363766326365373436363336343763363930316234656633633039663666336237
38393532623365323135613331383561313862616338363263623434353066643132646662623761
31303039613236613766333262363734343563396133613737343436353931656563623436653138
30373837396164326634666461313338393130386633313138666337643163623864643930303466
62343165366638343233366539326662383865653533363264613637373732623832383132616566
34326363656338646334323566333766316134393331643434363439323835633632623638363630
33613563646233643736663364663465386132393766303965333462646431663539643738643130
34626166363336303230373761343332303666666661386635613631363838626462646637386337
63613635383464346639333161653332643137633435633962316465396537303636623239646463
64343766306166643033383564353538613530383564373862663235633763656436343532333932
64616137356537313163363262393133373030636165643031373866386231333837393234303437
36323463616561363330623835346563393333666364396630383531306537356531646562613165
36666630393564323363373134353565656339383162383061313464663161333866633237633633
64323036636536393936333732306238323765646334623735653663373365303736333962623732
39376633663532313363663036633630656238643331346166333765356461306632323739383638
30383134616531666331656538323034633733396437363636646130303236333434386337633535
33393666663164376366323361343766393633343635613730383961323633656132646262383164
35646161396537363934393736333963306664323932346330663338393936366465353966336263
65383238663366613930333231633132336264376361396132366238303336333665393864346137
33396533633532323664616263306561646262353238306663653430353439386538376432613665
33316336313630393735633662326461653163666432636262363633306666373536383633633235
65396539346163326139346430343337396431356561326230346262366163333239313362373462
32323232313164396331666232353066633138333138643033323364656637643733626665336436
30356139666639383864353030316438326331623330326330626535326464303536346461383266
63373865363639643234353939363338633763373135393630663134613737353361336335353131
61366437333966303464353034323731366437336530363562633130613834663936346563653065
66663632303166656230326638306430306566353636366335323339663065366266363437326364
38366433663130346633646462393133643834326638356331393366333334383263386434653530
39383439393034356132616435306261376630313361653933623231653239323063343037376564
61653232666630633136333231623334663835373961323637333464313365343464363737663266
30663036333034373738336130363762616465323637323737656134613434396166333564336436
63323936336337353665356332306134356166623439346166356537306339353431336161633130
65343763366537666566626431616230393835333835633939663531303565363561666561326262
63653365653537323738623934343562663631663237383465383733366435656132366162663535
66343165356234333232353761373236353931323538316239663864663933656163396439613565
65306431313033333838626330333930396437653835653537356163336432616334333131373730
37303434646261613735666233363266633131316230383031333963393933663338613435393339
35343566343138653831393038343433613865366465366336323263636330643236356533623663
63656536613131633064396133366261326162316361663362643363376366333336313036333831
32653035386239353738626464316639623933323336616433653138656139323631626536343035
38373136663739393039316431643965366463623263653461303963343938653433386531393561
35326662636365633734316631626561613437343138303761633631303066323438666331313239
36353565313566616133633334663263653036353335313433393338353630366261653863393735
36666236366462323032396537306463386135386236646463323363383464373839626562376263
38653931303635326563386532643138666664396136336533363531396635326530656332316463
36383265383564326638643536316366396230663463323838306434663036393736316333323635
32373333666330626264323261326338373365303738333232393134343261633330323964383035
31616237653862643430366563363561663336616163326237613666303130303936666139633232
35353937353831623736653831663764346431326332643935626165336161393237353531386561
34376539383431303330626638303564326464633535613133323232396639613630306237363139
30626332303930333737306339643362383030363565646436656232393061613465343766393832
66646533316436613766323265353637326262373638313935376563346365363435373636383933
63336266636533383664383962643461633539326232613630306665613837616337373066633535
35373262353930653264663432363333336130623936343035333538316662636430343665353639
35343535623435323433616330383562363166323263383063663164383636386264356234633664
31393037616263646638666662656231343463386561626238653530653663623336346365386565
30346539316363353435663130633762356237333866636466313034303366303261363066333536
34356232373133346564653239376136346137653137356261386139306339303739616165653833
39343733336337613564376638333936316261393032313635346532383166643338353733643730
31323131366131656132336635303163333230663334393262383433353334666162666463323964
37623531373538663163323366393761633962623139386164323366343466326262316364323961
61303161646139613362323564346137323766323631383665616332383134623333306531353438
35333264353231663231393537323138646363663262346138386130616235353266313838363566
35366435666261383265616463643161353730626563316265333566303064353866366139306434
66653737643031306533326331306235303065613131316565303266393934633831366562646337
35366565633335353838373038653363306663656439633830616339306464373663303166383134
64303132626530356434396333386332333736666666306435653436303536393662386638633937
34343635633732326663376332343365376434633362386562633332623833396230326130356431
62396565363732363964653032393630386161303236326131303563313837363565653630393263
38643832313535333337316134386564313236636464613835613037306563376131353338346336
31653233316561616130303465343162616435363335353131626465306366333532396466636462
61383534323036653234303638653734623064353263633532313765376132616536323731306462
39653238323761383031396463646463346266373937356565346634643737376163316430356430
36646162326533376639326238626432373637323932346539333539643537326366626231323737
63366465343238363530323434616539616462616266306233616431393537316433663534306635
31643031303533353131666636663537623063373432643536306333386236353837663333633162
32373233383333323236396333643431366664616637393762383635663566636536373833316464
32346434383036396561383931616637633530376162336566386663346162383662653539316366
37383861333532353139346431643731336365396539316230663333306238313038613265363937
65343131363461633862313935333231633930636134323530343737326666383438333965386264
62383532633164346136393631336334303331393133316663383939366538613266623461663634
61393665623361613565393261656236626338333539316536333336373465366264626430356138
39376436303861343038653733323037336564663530383031663538313261396230653965323930
31393839356266336431353330316465646666376637343332626630383265363265313738363836
39353138333065373635623835666562636561656138323738633933623038656638363438326133
65313665346262333331633837643662306136303630623864363866343838333930663436663735
32346638363231363633353739346236313337393161323636313661303733336166633836626338
39643565326666303937643438383136313165393633616334333161346538333933323137323032
38366134666635653236643665303435343337366365313738356532303066626136333739323566
66313762313361396563373334643836396336623232613036373339643266353535323839303330
36666437393035343837356332383537643239353836306238333135343937373734346366353836
62336135313062383538303766373663363930316362363266653562633864366165386133646637
62386336646162363666613062653362336632643766313838323838353537343738636134386563
39353132313939336462643866316336653463626635663137363738643363376262663631353861
38313631636464313666616535313666636430373033373837666136303331366562353361326334
36373763613531626633373834613439323936626130613039336133656237323436363363346262
66336631623339666431326231383331323663343138383330613565373432356165383464626138
38363766653166383666313562636137393335356432616233653833633339666662653566303235
38313834326437323434343263616236353634663035623536626435666431343335343738656162
35393439306534303763633265623234343034386333356263333237346134376631323563623733
62306363653535363764643734633034663065326234333236343236386434383030353737393035
35633032643061353133336330376462386631656237366431376364633961616365343538633530
63623732383939356231623533653063633930306366353135663437316339396437316562643336
30643639633639343133363633653531643066656135353866663534623536333739653431663930
30623538633032653366356333643865326265393761396264626565656563636263353563366161
65653965653630623061363136306634303730323537653865313534663831363938643736323466
37646639336266663735643662316139353630306430633862303432343937303166333861633233
30653431633364366437396162316665313032376137333262323436343563663837356466393230
37333537363139343064363161393934326636303431373337626464656538303263653537633938
36303565393730373162376565656532326161363663353965643230363362666562633733623863
31313836376362336161346365303034306261613835373730303261656164363932316532346363
66653735313461376232613135626661646639396131356438303063646564643330336661613738
37323433353731363931386666633833343134643835383837333230383936363934633366636130
39313834383232623733356435623163373032356366363166626362623438656565656339636438
61353262353730333933643863363433616536656566303835636661306462313065633938623065
61656438303939633930363132336135383762623039663131353338656264383138626630363838
61366333633831316133636232383837323539646138373564626265386462653161373563313561
66623364316335633130643631633237353137396262633565373830363536356563386634326461
64316462353363366237613039613265363738393164623963303533666336666662383666633431
31653563613137666635303336656334383466396130613136366365316334646538393931613935
30653566383766623930313662323639613138396338333763323664303761373639633366373730
31353364343035616563373963656463666663613237336461653730393137333234653936396161
32333936653262356536663862323063663261633465636139313964353238623063356236373432
64623834343161326138323164383763306334633930333061363035366330316132303165633561
65323636376233303733623537376135396362666539626262316665366465396663386539393736
31383966356661363637303533323130623738396238346633393739646131373562613763656466
39373534326363333331376265356566323434393637386432316662626136373561333063366534
32363231333737653531633066336263396338663164633233343738383334366161356161353033
34663837393834366334313032373563376166326161646430383834383335346438326561646365
32313137373064643066646363356162653435613138316130636438333333626634323961316632
30393936656163646530303639643966656136336437383966313965616136616134653034613938
62626434666263646162333864626466613935613436626661326639356163366633633631346630
37396361613332663931373565633162353066373666613331663932386361396563656363343338
32356638643661626337613333653631383736313164336262326563373839663238653831656162
31633238393863306433363036323962393131613566653366646636393432613162376233376165
37366464653565343435343132336466363130613531353236343630316332323635383965626238
35393535396630396535663965306661356138303131363536646164333436373430613537343034
65393735313731623637343864393663336533333165363834386262383665363438633833626532
66613439323734363739346465626561623565323563643535326165646366666263356638613261
62656333313231663238313862353633646462326132613732666439303538363665303563633465
62633137346631363330373336343665656134646366623964616535376265306164373662393733
39633764613436303238386137333334333733356565393063363633313333343865363738646661
33383237373561363661353431623864616235313763383466326562653035323034323063363338
65626664666433323332373338393739333632653634363662336534346235626233623635663962
34356362353739366464656639633364326263326665363465343330646533396561313736336561
36323136666134333862376433616634656562326336366665393265376161373964366565383966
39373235663866303935623062666439663632613461333335326134666131323933393861643832
62643039363862313230666362643034393435636131323932663164643264376338666235383836
37393562323038653130616339393064313564376138386264303866626630323265326531623935
62386635366130646135633039623561373539633136346137633232656663386637316262653137
33393765306332326562616462326430643630623761373633343264623436653961356332346133
34653463636135663063373735623732373839353739316166396636333363396531353162633731
37363561393963326538626531623431313763323435396631303366346361356437316563666566
34323535323265643432333564313436663839633731663839393239356131303334323635343766
35386266633434363733363130393930393636343364633961303132633637623866366566623765
38363335666261313837303466666631643063356338653435663764306139386535616330333733
66656331633665356130613239633862303430386331623432366236653436633639383864373136
34633435663032353264663135323037633330353335353661396330613134316335616338643033
31303034323363346266633436636536613530333363646239373463323835366638653438626132
61623930346562626338383164313736613261616161623965313334313438663335343365646231
65613137326661333638623963613834386339393436356135353961383039663235363337316561
31616439326138363036643932323936356561653531663532323263666362326133323939623837
39636338666163383335646337303537616236343564383336666234623535346336633835343532
31323335393133303339366162636665623331376335626438626665666631393263353663383935
39333036393436393263313661633339366465383736383330363135663332623032653134656538
39663265343664383637323162646238653837616635373936326562383532316333393966383134
35616337376661383738623537393837383431613433663338376161623731313961666634653639
38616462633037366565323832333863616333386564636238386566666537373038643766633766
65306337626265386438613535393831326162376438393565333864626362666230376139663063
37636135623330393937663330636138323665356463376531323665393730316562666131353032
39363436346434333535393564643630623762323063343233663730333935303836373261306331
38333633376334393134363563666536306635666462303863616364326633623866626533363635
62626135646437663335666262346637623239373031616438643066336536353532633261363462
33326436653438353061653238313834643934316166623763363265386637306265376632303164
32626538356634646535343661356633313663616336656336323361373631653433323665666466
39356363656466396339663662643732663264326232373238393163653661353238393138373639
30653037656466356162386633653237303034646332393063623533623331613337383763653935
38373231313437303235326663333834376232616566323863323964323264663937336565343363
32323462636437303235306466643934663164333666623265343562626331653964636139323061
65616464373064613432386365643638663762626461663765643261333264343564613663393966
61316639623539303465356633313033393364623132306536646138313666623161386636383839
65313761623239643666643934663262636439386639663835373038616365666463343534373934
37666236623038333962653731373239363332613333646139333964656438386130613761353264
36663236666361653535663462656332376130306461326265636165356565306561393231373037
32386438346131363038363333646135633264363439363836646337626539326436303432616337
32383930336261366365336637373632656531333230313663366131626364396463643863386163
61343134333361326639343765373939363434663535393632633937376464336636646334336364
33373339646338623663363436646538323530343530613038623939316332393038393834663231
66633532336536636535336437666535396463646439373364656462333637633333633862306562
61616333396236653637373865313262386562393665663333653166363330303161316234663130
38623937643338323764613664663265656361616630356539646662363337363030323665393962
31306335353635623138383039386135343236316532643534393264343261653330366234303231
66306563396530313634653635653230393065616235643564663235303561393733323430343435
62306434613565663135666566376138653232303130626333316339326361373637333636313338
39616136623461323537383361323935303435636135353639366466623533383566336237373064
32663835336162306366626134623461336438653431643662343035656462633736646231663661
31643233313330313065643536303839643964663866376265336130636538616537323630343733
35656434313561333331326237326561363364616632306263626464343932313837386132383637
62343664643733663230393934666431623166396239663031336165366266316339356331383763
32393637643532366138353130666633383437383164316464656131373635653636306333643834
66616435313230363134343731636538656531303363346637656437333966303636343962323266
30326264393734356636616135653566396535396636353866643763653464346634626437633737
66336163663136623335343361323339616632306232303339363031303838343365326438376132
31333738313766613334373538303238386237653466353438306564663462663765393030363337
37303134363862343962303532383830376162633136316236616462653132316431333934383564
34366535363066623763386665383430326465646431663062376533666234643633323337373232
34636563386631613433626135336239333864313537626138323563323738633466626164303938
33653032363230323366326331613930633033663431343739313763326532653962313961343232
64313831623932636236343834306464383139316639636432323132353932346131636539666136
61383530333136313063663265356334346531353262653534326430623737396561633562316639
39636665643364663234333431653863616434313037653732323339666235663239346136646138
66646530313137316333623862643838626165336335663061323264646337396635623430363030
65643535353636613463306639633930373966623132316461356565396663306637616164306435
32303036396662343833313430326233613631396631636662353134313864656336323862303866
35343032313639616535636232313238623038663934623666626561623430653938373433326166
30663832343632323966626363356566666366633664373836306234646264323436666230383733
61613334333034623930636362653636626137376464643437613061393064396261343034363264
33353532633938323864393136616163633166333439303939356131353961383336316362666262
30656639656164646331663661363839313338353130306339623734366436386366333237396236
61636364613931636164623061376565636266656133623937373565396237613762346136643831
66386232323036383361383233353039613037316132383936313935396564343033323839303436
30616632333038323233376335626336336338376138393566646534636331353965623531613037
65343830353633653732373037623563383462623032316361333361626630303331346134326331
61363338343037616661626438666434383561663539666666656463353034316262663139313037
39323434646434373432313964343266383332626535653833393166643461333038373030363564
64386533646537643834393866393635383136663966336137316138393861666132363161653862
38643663613235613131376133356432613336613339636634376237393463373362326361613633
31363832613430323338623735386639366564646366343533653438663935346138396633393135
39323563623264656431663366336533306234623937373331306234663030333536633732653134
36363230613939666236623731313766613566393266303662666330383135363239366665346433
31336361353333323139653435643666623639646131656233343636333236653961333432303734
30613362306236346236386632366562623835383363623962353837663735313364343230346533
36383230643934336362393530316130346435626334356663343665663637353262313135363961
64626532636136383831303262396339643337613966343833383931636463323035633234326563
62633133323561636563306432653663656431623935313835613261613339356631356266386530
62623762633365306439336230366439336131636164333965623963313537376537633461643639
33333164336331666630396534343235386461353764653634623939616539343434326533323238
39653063333965376535326138353263313032353234656261316439623863323164323434623564
32363564633666613764313161303138623464376461386539656537636337643534663562653630
35643061303436626465393934663331616232663731316339653236656162333264343533646233
66363031383631383263336634306539643735323763653662366538656139343665666634346230
37313337643162363737393332383334313262366266316134326533353063616333393239363534
36333335613038306633393765323066396334356134663962376263313438613966383563303136
61303664333330313364396362613431633230326634626631656464366232613961636434363433
33623339656566386261643836623835643537363730386636303838323264313639366435306662
66306533316331616566626466333032353535383662616663663839623836386238306235633432
61316564656535386565633663636234306535626237323864333765656338303430373765393162
66386266366566643933653037643866393864373637393061323836613262356638363332643761
61646139373733323930396465666132393237343261633130383335336162353632363937666364
63393631366431626661313136366135313563663965373766306564333235663537343063633761
31396336633332343563316433393538633863393233626439643761366439366132366137383032
63663566653333343562333966653762336465616561633365356537653833653139393039333333
62313034333664656230653837656534363932636362643435666561386265636536313265646563
65643262366237383430646639343166326531613438306265313638616133393766616638373235
32616135376632613430326464323138313562306262373464373036326534646530313933636237
61336363623133303835613265343533633034363635663234663436353430623639383364653632
37356362343361383538336433626539653366623932376265303762666663373463393730353830
39633265646233396466383737326437623562653732616538363132346330383666316461353830
32383461363335373461633762626333373336626461336434353438333666366530633364613831
64383531303431653664353735396637663635663531663231356465613964336632366366303533
65623836386139306432616361633233336365316563393038646665623431373765383566613230
30323533613938316363623034306130363031323935303935613665323161666339633238346663
65326464323839316232633866363633626530633266666637353636643535323336316438656265
64336536353738646566333365306435373934616231653864376332326331323037306162653138
36633136346130363436306238663161323635333136373631313434316365666334356165386163
31613434616261323532653830396662616464333665306435323931313365306231343439653137
35383464386366373236633337613934383437346265613634616364373766336133396136373735
32313432663363396230386137363731666262643430393238616431373362616664373466643363
37353739303234636566636631333366386461393262333837363236626162326363366162393130
34333565373865663066303032653031383539326261663862383237646330393537663730336166
64666134343235386435336634653164626637386331643539376137363239383633343636333839
39383131663938646430386432313963666661303564333133663830383735333764666232666531
31353263636163393734646632376539333333393537333639626335336336326230616262383566
38636230613534363162303338306263613366366262613336646564333334353038366438386266
64396535633331383535633230353562333036626166333464323838373563313862666338336165
30343061383138316237323537313636373935613164643065333662376464373937663162656131
66663465383361326139623638356233626362303937663562623630366638643934393163656334
66666439363631663534356266396264653466393738323737383936373935333630303339333230
36303039343865363530336132326461383733386338396666313932383439323036333238653435
66623239306463393065333264626134363666346430643963353863343735386131656437363433
62306132303533353639306563313530333038666337373261343066616333626163653361343635
39303564326461366364626638623430646466316335666633373264346462663639313338346364
36653962313266326531383365323662386538386162373832356639303662623130643761313337
66396362656162303363323765313638363938653130623633646661333937396638626361346131
37623463623538386539366334396365353435356331666465376363313837393663333066366564
64643139336465633234653734346366313439323836373063303661353332316239633537303238
34363535356435656231343739393939623835383563313738333664313330363462613733373264
31363834613562356438656461663432383563646330346533316635646661316461643265633865
39616639343338616661363238376234613537656432343330653731376336643335656639343566
35353466636334386265303261353235316262376366323761663933323839653130316563653437
63343163663564313362373162616136343262643232363735646236353361663834373465646334
37636161383139386133313736363039316133333962663062396432666166366465376261643066
34366439386132356665333830366265363831343665393736306133303663303038623462353663
38613465353561366530643338633464633938646432306435343565616162613635336166366434
64343766336361656535333936393137633066626430303933613238626331303664666531366263
39653932306432623033336364643633366131616531623039633463623131383339313965303734
36613166373130386162353431323535306632323961623264376465653636323764303136336434
35616534663436633934373639383330333332636266636139323930626434323863393030303833
34393537303365363237613732613661393930323762383539386238323063626334363261646564
34643935306161666561336234313330636164333461616636663463376364323038343131636365
66303336663464623636323761333938653631353131656261373530353434393237636531303335
38353964633239363363356164343635656135333133656130346666613664643632343863656533
62643764643834363431316138353261386166386431646162663233326435356166306332363764
32613966373634396636393934346139316431393861663839396530363137636431343461643962
61643966343739623037366362383935383563663535373635643033366266303665336437653466
61393865383563656534363238343934393861333863663236303962633631303233356136343937
34643863343231343963666438366662643235383637356163356639303533393766393336666334
34626333333165626337623232376463323163303030336665643934373938303039313236623536
61386264633530343465643634643039336539663161373436363839363738663165613066636238
37336439633839626634333334353563343465663833363735383630303264613865653932316639
36326563356564666361336332323734386533383266613633343039356338363333383134383634
62306565376664363665326331313030376562616235373464363764333236623834366235363366
33356365623337663035396435356462323339303566646336656530656462343536643130343065
36623537613733346633366636336162316433376537623964396131346666646564613236336535
32373966353964363331356534616330623533643066623333356230643165636432636265306231
30646533353731313833653035653734613931303034313536633235366632306364633434633833
63613036613436363163643239366436343636373533393532313863643562383734653765643233
30333737343636383535363332383834366232336139383736353266353164353732333833346630
33373066343464353330336334636437646664313936303739343036356363383665666665626536
34613665663466663139653135343235396330313232303539616630386635363565316432306266
62373733383564653434623734633961376132323933383536616166313733613237373931353430
34343930663164653166643637373838626632633231396664343835383435373235366333356237
66333163623136363538333332393665613265653631376665383531323331393638356534306434
36323034323831383865363333613663393735363865613130366265343432313563633464376666
37346261666539353431373936623264373033363437373861666238663337633937373639663364
62663766646165343536633037323535333235366536643163663235303836306438373138393436
65346339373034366637616364623532643066353033376666666233646431633736393362346466
61356461383234626436613039306432643061363038346564386534616535383366626466313739
36323438633036643837393534323237626138396531366366303331666239346436383238326332
31386534333636333163306662633465643163636339663730343232343533666138636434303631
33393938363361343535313135623739313863353665383364313861666362313934623637626131
66643161613837343933663333343630346461616662323665653830396634373437653865356464
33313230663336626235303362333939303335333962646263623438666537363234633737343264
66393936323565666336383263313535306561343866316232643831353265336164356261383531
35633130336636663763663033333164323462643862376566353838363633303238333732663438
39343265623938313030666630323132306162313064386234316537613338373662343739633663
61333431376234643863333164346139393730656633613938386562303431633662316436333765
31356631353566313563306166353532326465393435376535633461636430356365646562376230
62346130373036306631643237353435366638656332363235343034393664666431326432316131
61343663366432626238326465333561393934623963313939633330323661656566666261656238
65343530323735316566393830613962396161376661346139313437323136626432646438633364
33643731303532663531336464383462363732663130653539643266616636386564373637383935
66643132353638656136386234373832663535356335653239633230363563313935663762636332
37643136643130373939353232383936323332666661623138653861376266316664626231313730
35626438363664306461356235306536626331313464626332643664623965333138633431393066
36646335386438343566366232353030643832336234396463363338643861623531666362376564
38346430386334613635306261646232376138373961313061613864346166333530626439303031
36383639396266306364333065336634336333376435396365356435616663623139633230636632
38386363366361373239303034613763306563303633366534326138393632373232633865626437
31616161356533346433303436353633363139626531363964343739626266326565343434626136
65363533316461383231363338393532666665366634313831646535323036653663626636366565
38623236613661386562616564343237633239623637623733383532656430323938316234383861
65373462383839326665653133626433323431313366393764313733346363366436383639393762
36396263316633623736373236383835623631663966353136663931323461376262633763613833
61663134336461383563373236343532323936336665353234326234643238326632623939313039
30636333323837643334343937373762656235633563316464313930646565633234393737373965
37656537356561623332316231353162383636626334386231396435303835653636386465623266
63303134336532323566646430376439316161623437623265643066663030316362616665376464
37633835386139346436373238386465636462363333633938633339653463623938383234393839
31616665363234333461373865663731353963326564393964613330653338386333363436663331
66373237613336333530366564663461613763376466646165343966356666633562343636336432
38363138393138353738386464333032306635666262376363316464663635333138393462323034
61393435633835623836343361623538613132333363393461366433636234373636366530636139
62383061393335383230356364636234616538353534346135336164636134623836336532646333
36393035366432326439383763346532343732386562386237313339373166666131306639303331
31646561643534333935633263633861626538626131366365303039666633663233663164656531
63356535363631653239386465333034393034656166646239643839366563316237643637636536
65643437626638386265613039316264333831636537656337656636653231653061326135336632
36343561623031353865366636623735626261613463336666633766313933623330383864656439
65646534363462323935376431313135656162653433373236323166626539656161313732313862
39306136333233323066323464376664303735376131383638643231643330323731393932613235
33653735373665386330386638646366643834326166366364326330643039636166353338373866
36613737383739633435323032663336363131633434623763623339663162336336326462353132
39316261633634323837663566346366343831306665353166346461316662663664386432323034
39326439363539333230353466636261336134616163653436383861346439393930653137333635
31656563653564663164346662326137363031396439323439336361316462666334303862323836
66643439653133346164646364663962306164363662313135633636616662343464383461376363
31373436623235323938633838343362643161303636356435643566343036663438363735326237
37663138626564636538636663633037353532336634346365336531306334343336323561353233
33353339363063366631613338313336333437633633333665353737643637363236633136313638
39643232336163353939616532643765653766373331333539356237656530346564303663396538
65336139383236646365306533343264633035363938326531663764393264613737326637353237
32613639613033373862323762333063313566376335643137303937303230373330663837306566
37643631643838663433643538386435373637653138393064333832613032393238396430336635
39626336336536393763353035613966643961373436366566366437366533323931386337653434
39653131353239336639626435643433613433646164363635333535643963633434613864663164
31313736306531346335313935323732386133373063323662343563636261373438313632646633
33653133626563333432653338343637376333633234343238313035346665623335303030343335
39653265666238633765363236396163383138376135356637643566623564653165663034643163
38326333383964623366633634346137613462346536666230643330363733383837666132303137
65366539653733353930333935333463346633633432663363633165386331373735663435396333
37626231383838636465386463393461646664353963373131663662303134373432316330643139
33613761326561376132346464343337616636363233366237386361616439363263643231623039
30656134393135656365396535316532383932333238613032636633316161613731313030636265
62353964323131373539613538643030393336383938366239613734393830653564663835376131
36323936306435663432343065343265323935323738363839666133656565313337383833383338
66356535643564386332386262386165613436613561653835623733383566363262363334383364
32306465393337633435363564336437366335613632336136306337616633666131323061616134
36383335326364313431663662343162623664666534653465383364323464313133636136333863
36363163346438633066663236343438396561393330663434633934326231383436633234326330
62363766323064656535336437383332396565353866373936376530663435393938646362396366
61316662363664343864336536333139313165623932346135333565633939616565366535343965
35643430316231643939326535613139653837393538656432333362363361313435326461633866
61666537636134326237393336653963306565336435373632313732376365623566353561376661
65393634643732323564316330653335623663323538393266386432376131353433373038346137
31613262363338663362656666346530376136663566616335393362393234633966616430613763
61666634663566653133313565633634633564336232346262323530613532656632343765303538
61623761373934383961333061623739663634653239326462623339653263346537366331393964
32376162363936303938353230353636643537383431356431393666653631353039623864366566
35636266643632396662646538396266343031396539346438633539303839353436333334303430
34376661393334366466356232383965303762343337326539613731653362663662646532623464
37336134383430313361396538613463346530393265636231336135303936663938663031653365
31623331363362663334323930366563663837666135653337343432616330303431313338393332
62303534656366373539373032643730383434356361373366636636303135363964623463386135
62656665393962633035326465323838643139616162656434306337366132316237633961636334
32383364393730356465613537353135613862646338653833346230303432333164383239393830
65613337356262316230346264633461356666653865323237613762666538303737616637653531
34303139616661323730306562663665363933333638376639313361396561663261313638323634
65616165383332313866626334633430636536373965663764633863393662396165346565313533
36373162316635313561333965653062633933666465623666383134363039623234323330343534
32353761396137633334353937636230326238303331623032346664616363333839323363656164
61326430633163356564653531643739363239373332336536346230653634376362313133383931
33633233656263343832363335663565626466616432366237653537383032653431656638383538
62323665393762393562313232326561386439386437333561323234633937396434323230653261
61333032616530313537393034383165366337346535663563653166333337636163316366633661
34633438643532343536353062303530323334303766613830333039383732353731366330663061
36306530383363653465353863343536643239623065393538383539643937663939623836613234
38306235366238366632303238653537653562336532643937396564663765373562333364396638
63343466636137656132343731323932626636646431316435336634633763336439643334313737
37383532336330666163333664393361663335306266613032626633623561663266636332373139
30313939623465663033626630333138376438623564383236663333323765356263643863623063
33356264333861343363356166386163303232653662303136393334333263626235306363316438
38663462333830396531653661363561653932663834656336643162646439633462346137326339
66656361626338643061336266663861343034316130303864396264346165633564346661333737
39346237353630363834326565633935366337356566643763373230396463356462666366643438
34373031353035633832613935616339386231303666623466393135643135646230343831653633
66303963336632373937356563373261363336353938316230363362343764383564366232653533
39306337663436303464323434396462363363666461396335383532656565303630643338623531
65636362623264363638663965623034613634653666333931626136326635363233386161383130
33616437653561656339343736663035373735393631336436643961316163303638336237663330
61343930646632653736623630623334623531383236616531383264343437666261326336636561
37333537323231336531396666313464663034646230356163396166643839323463353833386636
37613634613936633766313264386362666564643532316463333363333838383734613263346164
65663435653134323936353437643361303230393934333634656336633565363932306238386161
34666637633135613961373535353761613061323861303932636533346362643330376138303931
30656438666233303836643463323063633066306433653333363032303037636138343430373333
65323465346139343662333238623932346564333462323337653930373364393864303035626530
35656566643762336165383432616265393536333462643732393536316366616666663964633264
38383165376530613563306239656537386661623038386266393064333762386638346131313363
38373262383034393039363137306361303631376432376332393838626334633439343535326661
37633930356461393662363665356437346536626630633264393861323263343439626163626364
34613461343234353232656137636462323632363130663033333436303662363365643232313931
37316563363730316439386165636133623631303738346632663439366466643336663835353063
63613538393137626437353133353266386131316537303766653836633330646166613138626235
61393361316236656332386634323361663330363437313364366361376431353034393163613562
64383732323033363530363462643838383939323063616630333530666138623638646564383737
36336230623861643866386233336433346639303031393631383732643934393065366265373865
61373832306330383335653037343731633261316664393230333036393466646137656633353130
62393534633333653465323631386538636138343937303661653434613463396235613736353566
36663763666163613036333832396636626638366139336366383338386336393434363464383364
30623634356364663636366562613763346633616366333564393266633738343134656130636332
31353162383837626534316539376138613166633437323766613965393934313662396265356231
30663039653033626137336263303233363937356431663438643532613332393630663363393434
38663361353630323864336537396334323333336436326339343433346264383566376566616564
61643131663963616232373736633032333730666662376462373539313263373732656637366436
64663536663865623432643563323934643563396538313531393266306435643666353333376132
37356639393765303132323933363233336566386339656631336161346238323465393235623536
35656532336631643561363731643931613236323530666465613738333636303934636566636264
32626564366237393362363564343362653336366432333137353333666138396431333630366632
61363039303166346433333433316563623137393432383764633065356330306666353663643263
32643566623063666632613462666465313130336235623066643737356263653265313831633665
61336333336230613162393161363263643230316438353733333232323135323739636530373836
32623065386239333533396336303637643536393732343166303562303935623836643932643139
34326536393332376163316335666464623838356530663233326134346339616238343836613863
33326237666632386461336464313539326361333436613433313331636135326162303261663165
66333935386138346539333237666432373665383234663133323930316335343964326265373934
36663235643262306462623139316531633337666334393866366336613134376666313266343734
62336539656261376236646134373830663638616636613139313962343636303434313364303731
32386263353465656464613730623830323530313262646333303965643865303266336566663764
33333233666561643235343433383834663738613366643966383961353733366233663936363035
61626562303539313630323935356634353235323563666665323664376463633662343661353262
63346262333636366462383131396631303830353663613766643236323030363866626136613562
65643534366163613131313538663835333031356137613937366134386262666262656566376363
32636362326235373130616439343833356561343565383936353736313436613537653666323331
37343162666637633131336437386231323033383362383631353235353266653833623534613562
36663633336232633937373931373333663232613738396165663163336132303135376461376534
62306163323736636661323530306138613236656331653131623739356531336435353766646231
34656638636266353833353538393234653931396432343634333533396530386335366566316639
37636638633664626662373461643234643463663464353933313133626462336431383265333235
62363531346437366533633034386563333339653533323435613639326265666339613263663437
64313463326430333736616163333731323638313630303330373064613431373133323939643736
35393933326264333839336231626630653230353433376230616564363664666164343861626565
30393235333439643364613135313561666531356165663333386532313162336536663265643431
34363135623837373339626436373363336463616132663134666133313961396365633031373137
64373431396530656262306433653130616633653330633037323432373765656331393333326633
38366461616466373338663336363066346432383061363838663566396436303832313239303864
64346635343435356566333163613432656431366264353165623164663662343437323435316464
66633166353937353435353132623130366636343766653065396165636430343261366531636432
61313465353031613837363431353464666631333763343565653634636633363161363066316634
30623531373562376330363564333734313266376462313366346561316562313164393937353061
66623562663836653033333236353933663663653263393431356438373463306631386165646664
65633862366465616539363237323066636262653862613462363365396161343261633033626665
63636662643138313632613134393138393539343737343538346161393764323636386239303333
38316361386538636130636139333261666464633865613132323931343462626538323933386338
32336234663936346531633431616238363234656631376636353562313736373538656136623363
38336332383330303565363331613435666662313738653933323332333061313230373436663062
34343832646230383735323839366137396634613339626437393036393732636634383032313438
35383165333138623038646638363066326364346333613263356265663862336563666163323362
65363939656461663763366563343030656664396431373430623032326231313338633432386639
61356365316332666435626239616530323030386638303932313232376139316435356633616538
39623864323437333638346363613965303039643937393738383332366532363436393737623032
36396563343933333633346266626138623636623337373531313365623539323930626137363438
62393332666339666439633334333333613030353039336338613936356462333862643538663266
34643033363831616663646337613266336165343433333737346162616663636534663738356232
36353530366632663235363365653134336537343163653062616265333238653363303836336534
61383166363962353733623366646235636466313365383534636439323364373134323133353632
65303237626164376565333631663031656337313062643063373365653264303131346636633733
31653561663863313338306130303133346635386436623632613134386463646633333831643638
61346237326437303665316236326530313638386530623633393435633331383332356138343962
64356162653433623931326663663939663835316466303164383435323530323665383234373836
38666663633038393263616532316662343833653762373964633565303037323331383563343839
32393037323639393430643939326433663137376161343830653562396230383162666432383663
64376534353762616466663632303864613764643762326334656333373933366430663866666661
63363434373835653464646166613638633538373036393632343939376435646530636437346234
38373064353633613263623362626136663535393662383737313237313337653262623262636230
32363935666130373535303662666362316437613834623537323962616439396437383231316133
65633930393865663932636438656533383732386365613535346339356662373038663735346330
65333735333465366539393135363162613033343965333036386363666432666635613939333435
37333833616464356266643130386138366665643361396234393261343235646438326632386561
65333762343534356233623264643830616437656463306562333761393264623730356634643665
32633463666666643534626361303763666630613064373131653838363737613733363833363038
37623235343262363338616661333532313236363337393933383339373262326631316661343161
64343837366338376665323336336261373233316363313261393962366530303833383035303331
38383864316165353336333431373461646464656531656161653164663062343037663131366438
32383364383838646433393437323431323231613431373864353436643439623036316664633764
64643235666231623535313332326235333037333331353433663130356162393535373439626232
61373063643466346530356338376562653466623231306231333461663738333766653161666464
66613730643035306233616633326663643830346165663838666237396438663661353066313361
31643663373164346562373333393832366333316164353862616166366531663732656330356161
61643835633061633766646636383332626139383935333831323935323864393034656337353163
37646531323034653839653165373332613863366561303234313438313763653762343835396137
65353238386632383830353736383561346136363461663262646262383535323337303563316636
39643734343232303734303837373764616533313537626633616566326234666132646537393438
66323634303237616661333731336437306662313639653634343936346535623434393266616261
64356661303036353934376364613530323632623562373233356537323964623661616539633436
65303036333939626165353364613239623431303731363066346631366230383761666239303136
61636137663634663731353331313236353263666465393830616566663361343136643336666266
38333863373061386464366430663835636464373432373232343061316137613862333134316161
66366335636438336130313739326231333330613931303161616236633561346538393731626236
62643865356661333835373936626364373534306337373162336432613238306262646134353665
63313361653661663466303633646337383864626161363235303036646430613436326434656435
32353439363961306435336233666237636331643366393239363135313931636638633634353537
66643562396164366661306136393363326166643532386639343963613830663435306532353032
32383637363839623366363263656361393039643935653031373439316436386666633731313630
61396165653232393333643564316230396665623137383932633231386636616466656238303939
63633938316232663937323763633765613834336663623865346337663265323033343863356130
37333439323165666234303832383236323562616539323463653066653739303530333832623630
31633837616566643665323538393764333633323939323936323632396237663566313261396437
63626233656233373864333334323731346233363363613165376237623961326362323261616565
37396365653266653132623765643430393561303231633833373632366333316633393861333031
31636163383265306433323962326633386263326166373166336434623432616631346136383539
66343336323134623065393938363766343830643932623566353931663061633334663762636361
61376638346630393365393331373165663161383466306333363866643766623964363664646238
38393930616635346565303837633166396230333663356264666635653932396562643465323731
64656163633861653863396363616564303131333437303262656461323334323137383462353938
34666236636466393266366437343138316464303930626537643038653631623466333864663531
34366538333834336665303064663664393062373732643865356662643431626633336138356632
64343061666663393834306139623837623965633961356263313734613539363962353038616434
37623639303663663161393836313132366133626138393638376165623430383865633336663937
37343535376266333135616637656466303862326534643834613533303762346334303131303035
65643766383639366231336131386266633230393965306233316261626262333339363336316433
35303930316433386635643036313338613337323962346632306365343135363665616133326532
63623932663662626433326437336637386636386539373365323966663231346264366237353236
31383964303966373439623234346336343431643736323765663130386663376562363337306337
30363237333130633162376362636532653331626634643631353965653535336462316433363834
34616137376664633531373765643963326366396234383134303532353932353539303161303836
62343836636463363134633133663162336633646266313233653131643639393562306439336663
62376537616365363935303666306334303333373631373834616430653931306232666261633836
35663166393737376231346431613666356131323831373564356630323039306337613630656137
39303061336234393038636230666231656139343332663032616539316563663132376261353436
66306136323866336665623135393731346165636239393963333461653531646533663837316163
31323230306432373964313937646666643736646339386535396431343439373765656631613664
36623763313261316536616631643763396461353738366533636430323437623232306139336663
64363034316464633561613731346133623237363031376635323032613536356433393466623065
35313434633365363537653530333439636236333362666438376331666666616465343135346536
35363537393866663964636430623431663430653365643535366530306439636638633037616566
36623466356337313239343332323663656136333361373230373566363864363830313731343663
34656133346363343163663839326330633835306137656565333035336539316531316661313437
33366663653437343639383134386134626538366266326638316433353763646663626630663561
30643366303839623663313934303334326230303035343532383232363230636534376334386230
34383563633537666361373639326466376338633935326635323136383937393366343730613338
36333733646631663937313166303232323836363434376265386134613435353664616631623162
30333161303035393865666465363765653032386665643263366262383630646236366432666432
61336334613364376231623765666535383439303863653432396366666466386563646336366530
32666164343864373030393834656434653861643032343337356434323931323831323738393939
62333132663162626263383961383764356234646430336131303563316137356435383933356438
32343431353666386337353735366265353264386666353439633931623064336632666533346236
63643837653632383636656363623235376461663131326432383666363136616232363034336233
37333332303039323432653535306537383532353138656666386236323864346538623131306134
33383438306437333938346430386435333137366333333031346666343666643831613239313630
63633534343866386231633765663062646234306539303139366462303061356537653637363737
33346531613433393665336333643461636438663265613938336139306466633938643665613664
34666664626363383533663739303766366132313064393137363066643137303331
