$ANSIBLE_VAULT;1.1;AES256
66306238386364313165646661333236653338663962313832636433306462303463303433363931
3731656264323732613934663936353634356462613035660a663161373966646561316166633239
39323330323337646431316265353663363233623366306539636432323966353334356266666439
3830333864363432320a353864326334633363356431396564353363666361316539643065656231
66323831653239396535333864303030626234613866623039646361623030626238643232353662
33646633636230323731393332653936666261313563643431373330373432653035626632353935
66373539376430623761386266396661393536373361346532353261353332663833643764373263
31623564306662623038346464363164353337363437353764313666313461616637356339383939
30353733346339383164656537643866616139303233373033363061616535663732316239336663
38643138353734343235376638313930383535306662333737376238313935656561313536383132
66303863393365373032356536333238613936303238616533323133303136363032633833383132
34663332656130346136376536386335636234396663616236373762363130383561386161376664
36323036646166363132643439366432666366643563353430653632656131326339623665613061
64356334663430633439303830633432393466646134306565373739666238326636373439323232
64626432316338333261656162653538663532626166623531643234633034383931306330663531
35396335336565623936366163656333656461663161303562333531303239613739356133656665
64306639636162343131643037623637633662393264623438386536353965663164336431376261
62363637336531666132333531336634333832646163336263336635656536633832613730383261
63613235333961326335353235646463306639313463656563326135336538383036393066633538
31623439313331633538343162623162623933646438373337323337346634356434313738633861
31326334653133333231393635333437386664626666663464656430613133626664653566353266
61316337343730376135323139373166643962333935333039663938626438336132326633646637
64323765633066626161663764313339656136643738373932636538396138626662356230633961
32373035363835363832643037663030303339363836666131666666343065343764363536303139
62373939663239346162643366396331643565323839313136313532376532336634353433663237
35316266623434343836666337373739663261376466353237343234343930623432356230623061
34643236663461356333313431623963643833616165633764313933396336636136666363316662
65613630393531363835306564306230663966616164316138376138663366656633663238626239
35373264633330353563346131636535386131613732343965663862353163306435316539613963
34326361656563386537306165613537383131326366393166663639356231353931623137323030
61383037336537386137336561303066326136376336316332633065306663373238633739663835
36643135343462613333623236373834346535653935376261336636393136356334356337343661
62313463356639353736306333653534383266636662646232623834623838663936613163306464
33363432313134316636643866636164626563313765663932356336633034373337633761373838
38616634616336636435353766356339336531653865366164616466646462313863663930383033
66346430333836313130376333383138666230616264376565383339346361656465613764383339
61643833613266336365393434323235326230363533326137306562643836383039323762396161
34613636313431306236363961316435316261303730653064356338646438346535636336613032
34636637313265376537313939356131303064363465393435383235383764373837323432313964
32386231653333323166353665636564313534623962663161626361353730623034356163303238
36396537623362626138643737653831333563623138366236663561353531336366373238373164
32623133323137353830373838383731383762643538613732323361656432326238336135623631
37333038623437343432323036346366363632303133616436396139336462666537316339356135
30376238303165383666643532343161313237633837353366363030633638636630643465656531
32653262646530613561616137366564353938383566633264633565306533316238313237363661
32373764386430306566663732376631633938393539613234616530356362346464356134306237
34343963373032343531613432616537346539626131633634316338353437333438306239386132
63646532633163623765666437383635373863613131393235666134363764396465353031326566
62306466643433613265366261336137343562623238613262623431623036376362626634343265
31353463303934353136623031643834613365626531316630386562333466356139313236646565
37343032623037386131366536333161316666653031383264633464306137646462653134383762
63376131643837393063633066396438373762613835323634313539663435623964353632323736
66393331626532393461623932303061663764326664356365306363313430616165363661613833
33393363653234646434626130303131333963346362323935363530303435333166623139356261
32373264656637366139346533343364353330323961626162383037393336633564373665623365
38373766373437653562333037393834333166306338613761623835623238626462313838396439
65663732383934346664353732393638636336386139363639643036393335353834383861306462
66313765653763656137353532333838623139336430356462353863653265663637333634613235
33626536383439633036306536633662643234616631643739346366393332656235383337336636
65333732373865353834373566623034306639363861636137333830666564306430313033393333
39643134323237303062643161653032303965636337646332366534616336316139356436343338
35363331333537316561326164663238396261366439313766633831393566643937333366376366
63383330386161306333613030336234663332373737316633363331353231313939346666633362
63623861663361386336663130666134343939353830323139616236346661386330343264326262
66626163616634653333613561376565363536363539366336363036626535643633396565613563
66336537376231653961363162303364336537303438653866393235633230316438373633383865
37636363626530363237386438346464363337306239323061363733653261396132633366383230
36316266393339306535636131336661326263316161373461663564376530336632303362306665
65636139363561363138333331373564303735373838666538353738636631663161343861623333
38306166346265353664323461326561313165626335343830323632623638636334633331316331
31333763666563313332396565313731376438623862373637643939353466636266616238623736
36306232323832623137306335653663633633636633646161396534383030663665336164333564
34313966323263376437633437313935393163666333623830343139313065336363326331356235
64343062373332393538336230353933353966613639303939656136313265336261613762653564
65613265656464666137346530633437336233333937303532333032323137626330393465656234
33323461313036326336396434393161386166353731323866343930313134326662653961373566
61393762396535376363643964356131333064393963353438323939306335306133366534383165
65343461363165633536316132386339336462396364623231386264353430313461353237363735
36356662636134303961633937373965333965646261626431356562653534636538343565306166
32643030636535636234646131383132363261623437373262316664663362626461366365306635
65636261393739663164386361386464323937653330666630666266386465656264633436313063
66363539353039383134356336313166316235313063326330306534303464343232333332343234
66653039356532343161363061386436636234303339373362626631666664636134653161303237
32356332313263663431396534353532373935336238343962393663613030396161653663383534
38656466653033386237306337313739356537653933343331636339373061396335643039366137
65663234313737623564666436353061613834303938393235623434653438613864626631336266
39643831393031623461623866623731376263613138323934303761396238363261356337653965
65646466333963393437653763396361313463396363363837636638316465373334383764313739
37393363376334643532323634386531373733376262376436363030353533333466363130336233
62383264346331353836303836353330383735353865626364643231343235373837333863323539
39363930346535386463316230313465313861613264363432616330616331366364616662326665
35343863303466646431653632323935363763306639613361623165323532343263663730343766
65623630613933656235633238373563373161386263326136363165643464366361353039363134
62323065383533393665323431626534616236373565323636316534323938343039646537613264
33646639376132343036303431323664663365616234613566363465653334663130383535326465
66343864333632663332366431633836623966623535343364393131626635376363363436613462
39663433656563386665653135626564376633346531396538636466663465323862633862626530
64306664616564356136303033346635396139656531623533336536653135323063316437363665
64326463366436656539643433373937656265323030666465643133363764633063313336356336
63313965383065353864393239396632653937313266663237393462393533653933653739303637
63363030343037613561626533326536313661356339356636656431343661303565376361336231
38376431353233343866303635316136386139623566333430633533303663323636353263336439
64616263396330396238623431316138333334373133663465396531303333646539656532333666
66303532663563353364613766383939303362343064633839386463323764616666333930636261
37383837383761326235353665326138333266306161343461646265613066383633626136363931
32666462343434666465363333346330346430613834333064393261666539633237353238316531
61366161373031613535346131633838393438326462316536643832356161313839326139613631
66646130366634373762626533633232346638663065366135353037323937656537326432633930
33333235376236616130363339316339323265373365303366306637356133613764363963393762
63353363353739623833393865613835646663323163313965636338333239393664306533343664
62656334373764633239346236656134663937633537356131626666666138313239323633323564
34316536396265303930336539616665396538626330336232336533393432646336316536353636
35623261386133633864396438633635626338366634316364663965626465616532616435366333
61663665383465626164356530616337326662386139653539323933346435633266626365656361
33346632323836373636616563323066613439313136656539356239363164376430333238666635
34633232613537643937646465376362376466326264363561616466376636353338363165326166
63346638373263363034326333616131626532306463613064616164653030396532666230373566
34343431663131326663386633613061313264633339396532633962383164653739333331393564
36306161326465353830623565366563326463643235633438366163313339383136363738323636
63366563623639366261373333366137643739333366393133376265393332636137643162336565
63636233663366613930303061383864376231383363383131656261346461616466653166366265
65356237393266326334613432343463653732386163303164386238613935316538333233643962
33646161326432656133393863313737666634633237656334613632646239626661353231376236
37373466373531626431346637326638623934386638643463383965383062356238303961393763
34623532396265306531653731336439303565333163653732633564643331393631373363393963
35386166373931613238326635343038623236653136656263326538666434393633613637653930
32616662373532653263323139313865356633656238633935666136313538623538343964333436
35353762356335393334313933343839373138353166616131373964326462383164633638613762
61663263396164333137376262376662663333323632313061376537313735383830306235613761
38336436313731653031393965373935363735623139346664643133333130313838336562363034
63633133613635633062636462343338373636376536653563323263336262323163656635373532
31306566643530363030396466333964656539653764386536396633366266363032396534633135
63316362643736653531653436666334616662323736373564333963376130356465653532333831
66363966316137373531643536373564623666313438373434383765643434613033623537386266
64386166383731356335333835343566346636376163346565386462663533666634636531643035
38353637383534343936323235656161366263653365616565326130343635396135313833386566
37666562623661633336353333653437613332386462626138346337613362323963666464666132
62623665346639663538656561323733373663393737643439613133303438636366396238353531
34613838363663356563643766386265633532383637323537646335323336353233623334366437
34616636373161303464366466383930653064323431643861656330666138643137306631353566
33633631663730613263663033343639663234373766343666376338323862343164653161343931
34616230666137626336353630383634353534636233636364383662326130636134383039643639
62633136326336336362336164323832333166373461373566353534393332656634656436313565
62616536666439636330323133656238366264383831346361303338353431396130363333373338
32373535333932316163396263333336383531613264343935346264626665303336383835356534
31623161633561626162623837383637323432623466396530323664663861393733326265393865
63656130323230313338306333663935353761336564313939353637323039663430383738366263
62323433623961363065633438333462316562363264396166356334626233323034383531323362
37353238353033313465373131616636656665386462396631346632333965303931306335386634
36363732316333363366363735613238386663366164303937353232613266363265333133663236
39623534653337373466343966623865376336326430616239616138613965333134303462383166
65393561333533356235303061313066396465646237313564643838653661646137356330313635
34653436326531653938613462316165373534303038623065313465666336613733663761306532
62616262613966396630303431316138366236373564326636653764303736663962666439663136
65613731313539326665623864346438326233363033303766303238363932393136393364396335
37383630616562396530643661663862666638343962666531306664376361303034376532646435
30623835313663396234336237326162616463343865633963613236333736663730303834363638
30313835646535383330616338636632393435633531623138396361383438393631643436613438
63303735333138633464376637386531383531313132303030626437343736386233343665333838
65333131356337323530623939663434616161613565626162333562356134653665623334653330
36303838386165316439643733663462653463373135616530313764633933653639613265396232
30623836383739633239333535643738363262643439653037353932613134643230636365393363
62663061613664656366623239356164386333396439623563323664633132633332303237326131
37636164623363393664666331336132663263616136633965316337316137396338613962346137
63623236323163653933373936343531333732363038653363633235316162626133343966323165
33396666343530366166653364653961363137613335633463383463353938326165396636396663
36333366643830363137326365346133306232313931363037303437656562383231383737633530
61313634356136353638376432336237613261376336633066626333316663303032343534396637
34626139663835636134363330633132626238303338336463616564366663303537303233353932
66326265303039316539323231373035366465373636653635383565643964643835396163373765
36343263313564356630653761653933336438313230653833626234316138663030643739363231
37366230646263336663396262646431373538613763363233616439386261366332646661363865
39636562383766643062353230633934666138386138326161326561383566393237343733383261
62353866626661326463306337316165383836303163303434323831643562346436633639613831
66326166323138623031623434316139613037373465643534613630386138623232346464346537
63366432623066666132653239373536366363376664393061353038666435656137346337386364
66366233303361316133623862383831313333346230616339323362343534353933653165646635
39646438646532663563653165326362386564323133336232313732386463333839393464613464
66383534343563346162396537376166363535303238656262653937323736613134383366343035
33653237613262306162313666393964613439323633323339306266393634356538643334386131
32616138653933653838313536376264653833653765653439303763643739393635383238303739
31626562323237636665393765343831343263343536353563353561323364633137346662323035
65316639343066653562396265386565316339303466303035303664353663386133396338653763
33323839636630366333346265376161613238666537623335623739353130643239363530373235
31663838336265613732373261313233323739366263623437313235663162653436666462346235
36616133363237306138653331383562313235616233396432333738396266303161316532396466
61373739613366313533333933646130323136616566636161333566653732666437663639363464
32306463663362316464306664346632376535613135303338306432336433353162643865656565
66623436636266366265346237646638616239313361386562333830346366663464366264613937
64386130306239663561666336363965356131313832626564393063366165383637623066646261
62333433316662633433663462663137396136396161646433346637333366336266356335343433
31353837633763653636363238383139306163366461376533373464343035646635323162646662
61333332323230666566353438356265306430396132376536616661623237303430316162323538
32346137383565396638363238376335353330373363653738386631653934333866386536633633
39393337623935653964323430303861363632323865616634333465643734383430333266303462
31316333396535666536643538383033323463363739303439326334313939636265306434313761
34623930376233623831653436643739613364616437373139343163313964636530376333383633
30633164343862663432346333306639393963383033366633643133333162363834373231343561
31383031306166663661386266656237666635663330346239303833626463343562646361636236
38373435633161356637666439366134366162626534316635376136613866656366346336356132
33373730343334356466306638636232376532306432363764396637383832356536386665353463
64633738653330323938393038373839643164336365343534346462653661346632303131353036
33373466383666636530653433333839623062306333393065346465613732626636333865306430
34373632643361613861653837366362376364313835653763386231633833666337663536663430
65353062306339393630326535666463643831353933356631633862313732643233613731383130
35386332386364353265353765346665613839386666333866376332323830663162643538336662
63663037343036326464663866336662633863353662316236376434363730303234373732306332
34323835626633343136313932326636363361343164626536373731326461356135333238626662
32383762666337663235303139643366653066653330353339333664653835643464333031396265
37373839316266353534663332363033356630656264663062346439366439306539633463613138
65373732346234653934633166303633663136366566303231623866363638316664356563636135
65633165316530316365636666306437373661313366303036323564383064633962356231623732
39353139303338376262613566346335633265333961333434373132623636393264623466653939
30343161623065306664626564633139356565636435336466343462646138643835323131366534
34393861646163313865393130326361353537636335666164333432383135376536623738643737
61623731313537383430626564383465333832323561346532343032343133393065363336343534
33643230336634376664303965333063333031396431376135613764663336646633656536356533
33653638643965336262633662353461633134386463653662623730326630303762613934633434
64366131386665396563626261336562333865306362633033343131303866353835616264316164
37666533663762663835663431366131626631356561396362626161643130623734333436343537
65373666666433646437656333303738656439633138373664313937343965383233656238613566
38306633306630656162653032616530616664633862333466353461363237363561663633623838
30643438346137636339663066393737313530363763613265653964336237306531336132666238
31303165623365633639643438396264643761313436306366363831373333353836636466303833
61656331643663613366626163643466333334613262323534333362363537626133636531373033
32326366613763333430393230623235346337326336313034303262353865396432643866343332
35363161366430383766386365343738343961613833326230616636633437363136376534653661
31306233333937623265346434363136383334313762303331626163663364373665353533643039
37393831633335306363303733616665346235643565646663306134303838663565343066653761
64363338646336623665346637373566613636313864636635376465333932323261336130326635
36366266633564396632663461383266356665353138336635306332383731363862666235656634
32623539336233373365383737353365336433646633376134626463313961323138356636636364
63393764623734656235643131616238663339633234633665323038306138333235656536353138
30303037626636613137663331393731393039323863366533393065333361626631396339373332
61373464386463396638313264366562316566366461646538623163393430373032333137656666
61623135353939646331366361333561366431353264333234306436326262656265623739633966
31666536616663336665613533353938303839613031396337666639643530613232643462376633
62363936363431343232623461323535633265303832383261623839353135316565323833343965
39343364303632663937636261633033383630396131396337393038326634363664326263653837
36326232303037636562663963663239653934313732646364333730333231363835623063353330
63353239316666373434636636323132396163316533656136366239663632393162666561656362
37653765393537623461303533643165643739383332623137633633386361333964396539326331
38393336353230623234613638653362303534353864323664623464393836663964616564663138
30386563643865343264616164326633363963613734366538343466346133333063316665393730
64636464666565306631646238326631613138356239316430366534373631386463383135663633
36346364343630326130336562313764616230386632323238353831636565633031313737333264
33646338383361333063313431376230656465343832663736666366333263306362343466666434
34666561306130313738306165303736353432393033306664653431346538383832303362623863
38633834633635383462363932616566323064333763626531346563613933393337383530663330
39663563653063343466323534613934646166376231383135313166396439303237303730366438
65333762623262653137353835336131613035326437343035323839333934613562383938626665
32363337313765613766373935656464376230396631633830346662396432306263373636333731
65316539373535306636316138323264626336343666316138306665626135646464353464356239
34333536626539333837666437383665623062353032646566393436326430303733666336653334
31383336386662613033336137373864323762626161633861343633326335316436346433353836
61316436623366623561356332336137653861383263316166386239393334333434653862373964
62306530646633336434613432393761633866663932393136353166376238376561373532616438
62346662613462313631326639356266333536323931636264356232636230316464366166396633
34323561373566366638663164626533353835383439323564633333663364336263636336643665
63663933383566646661393630396231353765643733386639366265323739643536646361633333
65396437633937636132653561646633323232383637336434353632376337623232386132636162
35616638336463636133333261613139313338386466643634316666353963663861656331666538
64323266626265386636363339383164366634336331643766303733353166613765626130666165
34373739616134373631306232343535653337323031643635633462616465353831303638313665
33366235323235333831633164636330656362363839376633653230386333376531313037636532
37366631623566613264356636333732383863393235383738323438663530363962363238336538
63373434633861663337626133663561623034616130393134616233353038303961623765383936
63666435356131646264653663346366303335633634656536343930303762333339353037376238
39313832393964666266303063393733363565366139663139656562366230633539616238396163
61653830613866646331383137633633663662346333363632353765646231343934656238323761
64646132373339613631383639633264393238663139356361363337656563666239656232363231
62656563326366633132356264643031363332343466313035653262366161623930306336323135
36333234343463646234616532353765393535323833616435363866313561643539313031363462
36373737646662336139626534613130623136616165383635316235333436313437393066363337
39393666383962666663333466386461316232373866666438383861363330356366656230356465
30336363636461363434326336323431626536343562393138346265396532313534313537393761
34313862663237393839646139376230393034396135303134383033396663613131316639353063
34383834316332353130613963373632623932646461326232633366653931646634376134333334
61356161343239623732616264643239303738646263306561363839633130306435326331633130
30346139623535643965613635323563306161383433663333616139393236326365336339653235
65336436393130653663613861616137633230333563633233356462616464346161363535633039
66356563393664326566366539636461663039376462653436663734633235663236326434336235
33323237303466353266396266353465646635326337313635666266376537356339643036363765
64333764303135343163353162386331356339343337373538663839383563626434346566666232
38616435303061383037303934333333333534336432333233373963356639633333323161336332
65663133376135643338613034363438333532356663633564393030363864363762333630356362
31313561623331323035613231323336633464363061343664316433363466656339643236353136
62616636653639313939396463316462363335376334353331393638366238663362336464643664
33626237336333336132356265386638393738616631303730393961633432666239386266343561
36393161316434376337636633366337626435393636323636653439653336633536373039346530
37303935323533306662393138316661333737326538396564643835663038393163393065313638
35343565306666353130343966353163306262636236316635623536663363343035366534353937
30646236313964653230326131643130333036663839386135303663653062633165663063613062
33376531303965343464343733373338393736616637353162323632393736623131303735383537
36653030316363303830323261613031343436376363633837313031663831343439396539306238
32363233396539613439636161396561336434656364316165363665663330333463323134326532
36383439376430306336616539643861333038343738306433303133373431636134626666316265
39653839323330343836643138336236303063666533356132313164663231663934373833356562
61393734623937333037373232346230326663386536613838363966326231646538346161636161
65613638613931656535643733666437326465323162366634623861663435393533356661383431
66323065633738373964643632353565663736653561653362653837383664656165386333623139
35383465386634666533643637613132346638313335333661626232373136343730356434383036
37636437373934393734386634663063373166653136663139653864653564343231633035633839
65366234666132373436326439316261363837303566656637363766323137643966386232313331
61623330393932616135643338643937363036666563653336393631326663346665383730313431
39353132653066366266656132306239303234376632343363346462633861366231656332316163
35363335396565316531633039646336633464336239316339396436653331373232616662373734
33386339363838303638633234383038393632396661313566323734613339633631633934396337
33643563383861623730363561303539616566643530353464616436653136343563643465363439
36323238323063653162383861623139363561636664663362386538323037616134303430616334
39393261303365336665623364656339323632613430343839623334376636643131376431646538
35363465666238613766633034303834353331326362303431366163343234336663663863396362
30373061613661303362396236346331373930396463663639356637643231663564356637323162
33626665353064353830313537626434373337386265393763303965633931393861326534376666
61633032643737656364646435623435636331636438616132313433353466643663396335636365
32313734303062623139313232353665303863303763346262623938633531336561373565313161
61663365323262353639636163303561613037333764643433663130616532613630323539373939
39656462643537306665373431343864633733323964323232613039636331383238303962373062
36613233646466613632383366313037356631313766323962383865313131636433316433373839
36343731373934323263313934316465653735633632346164313363353764326430656162656335
38343334356662366530323839323230653563363866373963346330656632323531316236633737
30303734303035336238343134613031313035653261323735326136303338396631663963616566
65393065323566323836653232336332613364343462663164383639616363366430383164323661
31393933313965383939383438616266666139666362376261613036363036626661353033653231
32366435626337613230383830343461326132613431636134393866343531376563653065303261
31326139363736376233376261373966313833356165623861396533643339316435333161333662
39373763623965633763643433323735663632303162363461383138363064653337613131366334
37386139376639383932386163646239303933343731363338373330333466353164376434663931
66343636343333653061633661343730653063646262616566653736643564333539323932316662
37633161326161316133343466353530393863306438646236396132623430643739666164396236
30316639643565393635613863633361383632313336663163653734646236666339346362353234
66363439656161616437306564333265373833346665393861343161316136383534663031373463
37376666643961613238623164643565653538376363643433353662633633663737303035383439
36343466633962393030346530663331623135643639363337353732353065353435393738383734
36646566363362623633393638623834623863633835636134653638653663373031313766313037
65326334663933346332633135666330383434343530656634333162613537333636313636316336
66383261633163636664383836663166323964343835353531636636636330333061333437383965
33396238633534343631356366303662346432363666313064376465363634636236643939326161
64373235306531623031393832363461646138646462646562663863376333383837383464373732
63333366393438643866636237393764663265323764663863383133396337663762656635353836
62356537653833353935376431653436353436326665356530613661623062306364643533353831
34323564393436353135643262633137316263383236666565623331633331326330366135393664
63656134346331623365346161646665663030653466373230373230353164396565376434616333
32373738323434346661313763623738376330623136393366323866653863653361313237663839
31356631303739376239613938326634646335633236633837326561363338386236643465326432
31313161663931373363393235386562303134653061366236643962656639333839646165333437
31653235363834656234376130303961633932646132333564363561313030343335383237646433
63623865386331396431626539326432323235656135666466303334646538313836393165313666
36356231333934366363363765663563313831333734633131663534656435643164666466643432
32396330393232323364626637396637653939343432383436383965656136356637353635383837
36663235353930666433316231333830336337666230393733333864383064356161636332303130
66336539383961626263616561636431303764376333393563663531336430336230663065336163
30393163333734383636313365636637316133653430356531303039333265383866373336363538
64623665306364656266383936653963626436326166343965366637623437303632643832326337
62316430383237616338643236366436343863353534383834623632393065306630653230323765
65376662613939313561626336626332323232633863333366616538663166336333356361633462
39373131346136316437653163396161353864383661343437353262363330396263663233383530
36643162633432303366313166633031623038623361363637663836303162373365626430633238
37656439346432316165663437663337376165303938613232336663663236393636323437633663
31346236356362323230353137656636316133313265616537313636303938303530653332366137
66376332333062643665326163363136663333613663333132306166373331326364636162353763
30383536373131623566656165326263373836633036306632613437623237653933386439663239
62363733666166323837303666373239643838653130366333336563386130383036366136373061
61363634316631643232646166333061363738313239316637393365653330313639376366383235
33353437313266356434373334386435343066323431616133656631303339333336396365313137
30643838376136353066653661623565366134653166666335323235363137623333346466666231
39323861396332336662613466396338333261356230666265353939626262313637393462373033
66623132386336663563623234373165353530646137613731343730646634336336653536376337
36316265396333393662346564333465633337303866336138653234303631363737353835303830
32353032376637396463313737366131333961303034663431303533306333346365653465313462
64303430386534386434346132353566396532626561353765323730376134313966616362636533
36373037646365323031633630356439616433396663636462316137656633666263353661306433
30616339373935623638323933306536363233613662363935616566343639323065366164643066
38643336373033323335306564383038396265393537663930343333656432636135616539356636
30393431356163653538653235346335386537653563323036626132643536333965633063616236
31396464373433663838323039356432346236663338366635643837313162643131393830653331
37626231613836306237376536373637306531643435336365366433393564613663363739356366
39643431316630303532383661336434396137633865653131666437346364386635663065323437
39626563623232626439623334313064633163623439383836363865613838663532303232363936
30313437313632386634633038383137306466636365626665643337366661393434643132643732
31623936333934353261363963386431313666386139366561323461653333623462653038343436
34636435313463306333323732613633386261633638323239343439313635656364366437316330
62323834313036306330643332356466386337393066333936343332653334393036323935363237
65353863656466656634356234653438313061623663386539623435643766316161336633393433
37376661353833383432393632646262313264666536363735313061346163386639643866316131
30316230623832303738353439303363613231366263643436393062333463346433323931636232
39386665613131343830623161353364343232613561653466326563636665663639663531396361
34333031613930393534316666636366323338333165313138373462376332643031393237356262
38386536656231396164376666643463366635313935306538333736363132666164653861646530
39333334656561343636396135643136633737333633363435656663666461636533656665656562
37613964333831316463373966353163333931323737613662383238383761393837646531363332
34646438313038383137623665613661356133356137353261663265636531643539616330646564
33343064323335316131303839393730393832343838333437363862356438383166383463623135
36343730393730633234323237303131313565613365313933336336336666306634323065373938
65653637643462356563363161613065626563393362653037306537636531306564393233363537
62386431306631623530653562383562326438613063633034666561383134626336323131663264
38663538346566653363613361373532333830613130303234323435313962383863653362343733
33326564306136653361363662336337643332323939333137313633616534343832643736316630
33373433303032383630326164363864356538326431633965663936353537626362353433653562
63666232316665656534306466623065636666353265373437316432666232316339653937633265
65383030396462613839376637323431356466336164383838363235656139303665323931663133
31333963313938303838346337353532336165373935396164396330343134306637336633333631
32326238643834646539363831356639376464333365353861653236666139326438336263316466
39386165303865343932356166383764656533663332356464616339626231396237336636383566
37393966663562633636653431383237653166353436346532366165363134636439623934636464
32303734353338336137353835363662386531343932363530653435356633663135336361626634
62346165623531336365666666646563326530653261656534386262306232646432636130623530
34623564356164613535613136346364373736663235633136326462336636343537663062396332
62653661633830633633333330323461616162373434653364333462363237636539636434613434
35363961373333643564383838356265333530356262393434326561626635666365663466366363
36633561323039666631393064336164643165353034326162383663363735353461376336313864
39653130396633353530613930376235313865663061633439626566616665393935633538333966
65306564373538666164376366383439363331633065386637363530616633636530626532363063
64666636623639383435383132323130323535396665643262316539336335666663633763653836
63316631623465636363613164333863636538363333346664306430333835653934626533383132
66396133376331626166313265653738313231333236366666333065333362393262306230626430
31396433653361666166306239363532613637326161626630386530393334653363353065393062
38663031646131626364323461336239393239613739613034633935313531323366396435616436
65366662343166643864386332663862663132336332356562393937656366656237313731333731
62393066616566613962396139333661363830646334373334383636613662333763663363623336
35323030303865646431636166643566643662376235626639663762393039383534633332633338
35303566636533666234343062306235303333386236613631356562383164626565343833316133
61316562363835363363366636366663356365343866643331343738663264303961633561333763
38366337626435356233643630373032646161633638643234376633646466353435303130653065
39666565303837363232376664346639623837623536393435626161396636613863303466383632
33366135316633383239346431303036343036623865393934613830636263633938373266616435
30393635663066316362656431633063303764386337623133313961656665303666663032336237
64383463383631326533623762326634306136393664366365313265303332663139393239393235
30663135373931323765646666396438666166653136643065323263336666643338356336396537
64303933613861626662346635303761616232393935646432383261336138393032326639666238
38353133626266353566313432393463326531343366353763396661346632616634323561353535
39326636333231333263383732373965393166666165333266353966326339383263653166383933
30343035343563386639373237613563373363626438343638346130373637316539666332653962
37666533653062333333356230643234666339623736666133363932323734643834393863666432
66626530336137636466303163366131316138613661386131376337633462333562333738346330
34633137373634356364643530316535313061313430336639633636643036323063383238623362
32643037313732346566383632383239613233653535323334396533643266306465346261313966
37356433373665623562343565333963663530306338326636336363356561663739363333643338
62353364646637353234636262646638326531636266313665356464326164663430336433643833
38636332383030666333663938343564613035313835366633613266333964333739656564393432
38653366323430623661663838353261373936363732363964316362373037323862366462323338
33343964646437333163633230306530613262383933343733663239343232346130336265396230
62626439386539626533336530663837613565373266373561643639326131333232616633396239
30373737303164653235393536363033333937316635326636336637323935633266333930313032
31666434353536636438363937333435616636646436616162303037643762633063653764353535
34393965663363663165633035663363356636363362613538383932636461363832653661326565
65313937343062343461383838393437616365626562633466656534393839663863656239313632
33323264663231653734626565393138353362303037663764333964653732366664393230393864
39373035613433366661323431613361356461633232363436626666376334666366363264616263
34353431643731373539373766626163636135306562616534643931323963366137663539353735
63343161633666653730646234626532366537323863363337663732323064643834386536333038
34343865353838336535376237313935306438646364303932666231653038616434353561653630
37366335326338303138393334323164373931666164626333616563343265663166363764373638
65323231623637393436363231306435653231613239626563326630636233386634366339613964
64366636303737363166636530646430636133656330396464356466373366633430313363623630
65643938353366316139663263636630383430343132303265636165333966313139376163633432
34323735386264633539626264323437343738333164666337613030373665633564626235616438
63646236663864663739323233353934633332626436306262643038316264386335363634643561
37333939643231343966633539343433353439343065313565313030383034336437376636623763
37656262633632363864373230633538333364386639393533343633393139626162353133626363
36636636346337626164363763333835633039393864633235613930633039393932313530353133
62396134626436626334343238396339306463363863643934313638626361633939353134356530
65666430356332343563363034396164393163343163643231616135323938386264646331643039
62306664386661613561663762366264666336396261326538373732633034373738393562653134
61303265356433663934333632626663636363633463306336633634316566633036636437623631
64326463343436336531653439646462613361633765616638313930396636336264646331306231
62626237373337646534646565366164383363323261613833663338323863353630316466613266
64313931613438333739666531656461313264666261336334356163663432363033373963313734
37376430353835306331363038663265633364323035366135663838323437396263653033653932
34656134656537333364653764313864386139373538326534386238366335343634363961353837
62336537646535643666313534333963333636656564393965646466626264363863316135623133
65636165353037323866376562643763613730303861396432626333666233613034303534653436
31616130656133633530323761616365343864643031343037313639343935386263636635633963
33356361393336353638616466333962333564336265636431356237643162653638633463643761
63616633333066306338373838333839303465386662633636636339353238613238623438303839
32643734656464646433633263616330623237306530613436343036336637306332346631353633
64393136626232653937326262313461386135623535326665333339353536353132356364626563
63623439333530663564333862656562666435613834306335386364323764373238613266353866
66613538623936303232656333336131326134396639346664663666356365386232633934613730
36393533643237366333336363376236313835326530346165383562636237336632393462396537
35643436363739303262373332623432313762613431303230386334613261656665333163613832
62306537313430623034333038306335626662633836333635366361653231323465613363393861
39613430356161333130633865366234343333343466326534336562616431623564313161346433
64376131663062616266326466346332666461383935623839396533613937353230613139313566
39646332323731346136376132656663623561626164323738393633323562613331383336383766
34653766346266326539663766313165346233356633373134396362346335383339313061626437
32323231623336663739383834323163326566346334643265376533633762373539343062383063
66643332373861326533396538633263643038376138396665623261313364613638336563323763
32363135306531393436313762303166633439303434333061336665383962353133303633323831
34373366373730653933346132656134663461636163373735396264343236383431643639306238
66326136646139353435343261366366313439313036336661383862303532636632633938323663
32336336646261616264656233333232326630623062333435336633653738323264376562323236
64363265626361333934343036366238306530373262303864646239383935383536646663636233
62353639356465353764666330633034613533653163633534313466373034343936373333613661
35663030353262376566653135303964323536613734353139643166363465653465346333396634
36653666626366626631333931663335623333613037633737353734393361306338393364656331
63626639383033393337323838366436323334663862376266303730356639613335386662333564
34653162333631323139623434616566333936373530396265343733646537316532393362353936
37663332346237393233316338306135363734336535316662613132643731353965653666336163
36393461623433336130346535303931306330366438366336306633366334313337363832323338
30383063356661373535386430643431633137613434303833643561643135376366373835633562
64373039663064633263393565333936633937313030323762616237613461643066373365303236
36313134333734643431646433313031646433306432333562376534316562373466653764633938
37343039343831653161343964373532623231653536306465303337346433633636306534663236
35376635376365623332323030623934363132633034663661306638323331653561346537306138
31666432366537663961363432306233363463306638613638643936616337336331353264346432
63613437616466626437303937646230653733383531396632353539616432333536653064373263
64383936343139383139343338666465336366323335656162373536353239376565636266623534
31353535396366366534396630303239323931333666353363363165313165383436633133373166
65326132393932336339346235633132616530376666363336356232343630626364353236653636
63346136613839333363613537316264653763373538306637623863643237656663623066663439
39613730396566353234386262303063366132393235333239306537343939313364336333356337
62323766623439613939303931313065363830636265326137383639623961633337336337343935
34636630623165626637646239613465656430363732323338333230353931356437636166616636
32633263333730666562363462613864636333313636656531396430666237353435323535313462
35366236643164666363626432353734393666393766626238316337343131383761343034396636
30396364633439373661346335663462326661333533333836343236633061326265383930333235
36363733646464396462383163363334333564326534326637613337393237313933363330626266
39343637613733393231643638613632303831623539383233343366313836313533346466366365
34623832323733313439663765313737623362646463376165653165643038333833303735336133
35616632656263356164613662393962313132663531346136363966326530346265306437356132
32383564663130333066386239313436396439613366353064373338323363396666616336323233
30393830353133653963646431363535616232636464393332316462323739366433393531643238
32663539343634616566626130646533336264653937643836353564636334653865376664356562
33336137333663643537376666633063383364646263636661646366613161373662383431333034
62386433393464636466356365303264393864386433363037643364376566356534396261393939
63306133623335323730393931386536376438633137633861623136353464353130656330373264
33626634343266343237633831336532373939376236656132373464623361323336633836333461
66333632373034393864313037656533623032373531656263663339643837666562616633613430
30373639623464323237376261363734353762663438616439323164363765623036363761323032
65356336373133353762313763323266653837666564336639313261663432333766393938346263
31653930643338663139376633346166313966396564663038396539623661356238376532383132
62313038303263656538643639643131613235633361303033616238363030396464323061356462
61623761386135363237303734613539323938353435653366623132356533393339303566646135
38393937343264323265303537353235663034356166306262353037366338373839616461633065
36353336353737323739353335343766306365396634616433373963353437303735396331663164
38633564636365366334353432353036623166303366353338643734633339666565306131366264
64363833316634623465333861646335373934356662383965613663316363353166343036333731
34633939333734383036333835323030326430623766323739653661303931616333636635626139
65653531353130646236326439666466313139343561333962313635333166323436383433356538
33353739326166313338623265313762306638306234313565626438356237346366633130393233
33346565313463333735613164313534303563643236333132616238316165353931326630633061
37323837623565363536313663316136313465663332316537323736333031336232303136626630
32646133643237303938626337616238306334356464666533623130353233346263643531633437
64613762306130656362353362646566393338623631353339363134343538323331376536343862
61333436336236333663646364303461323335633365623239623637623330376634653330313534
35623261626164356137303834616132316164333038373338643233333437346333653831653739
34633961376638623533376539353861366265323435656330623431363866373036643536653336
39373462633833623430316364663838313061313632386239336138333765643835643736643232
61316663303235656366343365343130656237353163373930346562386135353664656538323065
33346233623231656562386662643566663330336132316437383332343034326630356435323366
61393664353930366539633639623839643566633966323862633731393361383864336661336633
33343565646332353230336230636332353064366363633063656161663362346435366635323234
33306338343838653861373939646361346537386337656466393430633038313765653764356138
63643033643536613236633737303435653061356264333933353034323836366536363532646338
37653437303032376439363036373564636532386463376634633066613162653365633663306631
33666136666630396534623836363566356664666535616631313932313266656238613237663338
61633538313236333439353231643535383935663166626265613437623337633231626533646664
33393138323336636530363033383065356538643366626637653539303131313635396338666630
63313063616261626162313637613863366463616263623364643432636132366230613865666165
33396133656638316335323638336662346565343432393162333164343539363865393837346462
63316332376439643364376138666331633866626539643766643036303939323463336237396163
30363961613761326335643336303537343834313161343165376664663962386236353433303233
64346134386466373964373330613231666266396463393035386137306465623465396266616132
62333737633134613162323532653136303462393933306337393362373734323065653661333734
63633564313332323836333034356134366532643937633136613038303730363431613766356562
63346335393335646364656565323461646536333439343565306136613838343939386663393066
39613132383063313835333231303535373034363365346237653563386463313132363838343033
34626636383139316662396532653863616335323466623936396163393732613265393632646464
61623662363737376230643034666135393061653331656261393834336662313132393964356165
35373234656365373536626463666533653331343130666361383266326430623665653431343739
30356162663532343535653864663030326435613835393431613832363838333866386166653962
61393933633363356263393633393230373163343663353032663832303531303535643230386439
31346135376331616639653333373839326132613034373766613062343364396262663562333734
32306630663931356438646536353066383733636262393266363836363965363733353761633730
31383664333563663839346661643437323330333235653536353030343531326266646139353830
63353231313038326164306639303739356635303732306434616331393539636661313361336363
38636335656331323861643038656666353462633436336133356435653964386237303638313063
62386630333464376236343062336639303563383063316331383630366631393064663966643066
37393731386632343939366330353636353230383565633864383233663261376165613763636466
62313262376538313037356130623139653638393539646664633736336236616136333433383835
63353636613334633136353138306639353362346463373135633731396130353932393562373231
34326238323933316134616237663432326231613962636334633561623662386565313231613734
34646666373731633238353132356638646133653835323861303939306662353038653034626339
31333630333839363132613263306233333539643636613365636434303762623334616464346363
66386334656138623130343866376634346234646362383731393936616566323566343266373334
33643566353531633230343632623734666461616361313362353137643732316430373765356130
65636530333031643761323836313235636338303765383332643031306366343235376666373136
39613765356130373436333332623034323130613863356530323461326130383330336539653366
38303265346335663033633932666534346330633331376138393236316461636463313238663061
61616261636332376431313739316238643365613236663431323865623662383066663635336138
31306234333762353966623761626138636266366432336261313562343061373063353261366136
38386661396537633430656165393533333434353963386130366363326437343837343232373166
66356561313838363834363534303034323963643765363737376163656134356137356464326563
63333535653931343764306337623131373139643566353031383139623433356232363134636365
39626234663862356638386539646136376638636566306232396365323866353838313066373237
65313236616238623564303661363731353562646362383834346464663431323536643833323463
36356365316365396362356538303936616633616161323266323461656266316533323961333635
39643063353162666437626336643461636130356635666632396238636466626436366565313836
63306236333436343866666266643464333463643835333732336634393961663133626666656134
35333634623063653932326430626462313962633633323663393933353366313762643164343635
66623037626334666362303363633737323938633330633738643165316139633764643462313434
36343564356366323237306464653534326436366436343036363566363463613161346632326231
33613730653366343261333837623066663364333661373835383965306637303930333466346663
36616631353033633563386465393634313363653535363236373662306266323164326236613733
30336636336562356632363664373161353938303261636336366139396334616662303565666134
39303134353963323430383430626531666530656465343934653433666265616137333536613465
62393439616331323634633661623032613562303631333630353365333161666264656666383430
33336363656166623538373332653061643136383838666138313836333365636334373833663065
62353739346165346634646437393532363331383334663962643135323362376232393965393434
30626562653939313230646261303137363364383365626366313534616362646437336566366539
31333464346430333933363461373037643061353865663736663630376639663633353933633135
62376436623731616237333736316336363661316137383065386632323238373230343635393230
63336639303631366664623561323336316164393733393634366534386363643161623637646164
32313563313633346464336563653834666534363264633635393538393464346538386161396464
36313862383636626537643761383731373435613039626130393038633036306365396439666235
37316330343332313639393762656439346262336633363139306132333438383630353866376439
62633561383832653964306663613937303132336561663965313066383635316566653738613734
37636362666363383266666334616631643634616532323037373535646263353661663862663733
37363230393930626363386431383665343735346339663139613930653531643036353065656230
61376662623764633335383466396532613430333935376133633330613461656433333261313362
33333538613763336435353138623937393966333137303030646236316639663833653632666661
32316161356464613437653139356233363132663562616436356234393266333163616265633632
31363361663562316539333038613030663837313333366566363437346366353263643361626132
31363338306361393436373337393033643330333163366138346536633438386164333662363833
33323437636533313731663865626535386435373034343532353561396365343230366538396461
65336434336334353030666636363035393037336233363565346437306533336632613238663238
36363266643163373966646432643232346364346336346362653662316462613034653763393864
61633539623237376333353165656335633737333936343437653232336233356130366261643239
66376666626630666630653335616134616139653436653664653137336638323836353339306637
31353237376638653331393235303264663132643165306265396436366438383735663338353061
35636163346237633339363761666537336638356532363134376563373566383437663239616466
65623935323531646131313862313739656332303834626566343466653763313265666434633136
36616133346139343837383735303138303561663364653735353466353639373165636633343366
32306535323939366235666334666433646663333663346632393831323939613835653837326137
30633634343839613736643839386130386232386332653834623565393837383236386130633362
61656266663231373932613734616531663662376134383936343337373234336563653336346237
63316632383263656235616663363035396362346430636430666231393739346463326436346336
36356631346361613837353665383664343237316362373732306536656463653230356666383161
64646138633362393034383434656265373339663734393735663139633663353131656539396364
32643831353131306434663737356133356133613937633163313238386361313033383633333664
38303164313135373562396663333735626237393263303739313661353033333130613662626130
66653931613335376238383331306436326437636266333666383133643839323163306632373263
30343237363863336439343733313939623362326261343461333835343265636664333934643162
39666666366364346236633064386132356463326265336338333934643866323634313237626261
36356162623731303265343566643930316536393861396466313765656236653164363461633031
39393238306663373364383963353264333764386461373831656235353238383233356164313035
32313932323064323566326466613538663562666336353636346431376362383961343164386364
32373337613030316235373338653861343131646163306137376135636630663265323563646331
37303235303531616239393132373639646561376463613639643232363839643565626666613064
31663538393263613033656333646334626366386261663734373236336164626233383337393131
64373266306564323362373135336537323336643738363866626435333166306635346235353531
36373135656534613361653762383033626166376635646165333863393137383963336139386330
61316531646630366534393265646265636362613631643432356532623231626130613233666466
38323664303962396161363963373032393438353061626530646139613839323433316162643365
35353230306565316333323937616564616135303561643933386336656235663734613863353932
39363530333035366666323662353438303763303835613363626533326166613865373138323838
34646464353665373831376636343639633964613063326563613636356339663933323463313935
63303134633032373062623938616161653134376630313266316565663361323465376265346234
63353935383738303130373563653561613465376330613234643962643432363364383939383031
32353134393831663238326563613066353935336530356430613638663263666332356232396337
61333638623938326331396430623361326335313637376665323461373435646138643933613135
66363733383830353135386162623935383337333336353134633437656262636432653434353136
62326135633633326266356334386165633534613237633435376362653163383634323865396236
39383561353132623461363462373764383832393239323164623363313339396439653139636337
38666562303863383461336137626466346236633235656235376134666463303838343737653735
66663436666565336662626361336137343733393333343333366630653438373533333738343531
34343163313431343133346363373730643130306565383133613436633862383632316264623162
34613464346361623134636130663934653563313431306434323331653833643631633838656531
39376537633335373034313533393137333332303835373531323634646238353063346635306263
38666162383634663766323338346664343233643066393962363232383261336133376564643766
39346232363265363333306331343235386665623437393333623534303664653562333462666439
33666131326233633231613632363433643665643365643037623637663532306635373563306465
36386166613935393738633932326233653737666166306230303163303662613662353462373965
61656237316537323932613463316235323161636239343136633234383336373138383230396430
36323332343262626365316539623132613635616364323066633161396334353035323134653230
39336531346562313834383764656631336136353736313335633464326666613764643466356339
33376334616639373533303764353336626163323766396133356331363434383337643165323834
32383865333165363639636166346364363238656564386631666631313232306338323930356638
65366337316539633037353530396233373638636532343333306537383065663037313361316335
31303933653834326165636365636663353134666237306637633638333762353865643665333662
35653737613039663932656638343436376437333838353437366132363463346264326161346631
30373333616530313631393036643666653065326261303566666635656464626335653531306262
33313436303039333438626133653866393337326133643663656661306233653937333034653035
66333561366263666463323933336335386662333634343632646236613765323264643330616436
62393338346163333439643936363131323361313431646366316432373833393837353065313136
63303236636563613936366333366437396236616435343130616134373037353765316233313234
34373062333636353431323063343765653935373462306233323231376563396134656638383337
65383832383764636336613339393639343730323663656334323930376532383933393565663933
63383931666364386236623430636464613735356638346437396661636264393664636437326233
33343032393534613434316138353266656432356133626631383564303731656363656164306262
32656337363638663637363638653931636430303565643463366462386561363239376363323762
39363037386230356632376536343934356332653931353661306361323932623336316562303133
62396539643664346463626361663039666561626531613963333733326463383738396661656430
61646662616339356232623031366665363963333330366634626631646432613535373337333530
63373837353236333134626131396165313035373332633839383635353530353266653665313961
35373231396465363561623234333862363565343839653634326133383337326135386561643731
37643663616230613732303239363835623637613361313865306465383966353133373434386633
37626364373035326461613436626637383236356464313766616534306337343130626163396466
38356230373732323339363666643361373166666637393264366134303031623364383030356238
64356635316235366235343632316633316232333434643136336433613332663064653265363632
64613039363637363964343362333831306539353233346166613538643964613465323365653735
66396333666136613432643234656333363137396438333534363362323063663632663230653864
33393235356561383832383337386339366438626637613132386366626137343632363530333061
62373431653332643037386230393336613530613565633638613933656464386166316634383061
61386162316364653364363264323230343930636631396139393634353464623562343531656362
38383236346565663935313338333630373335323834656664663937636339626432316237383735
30663266356263323633616136353837343164303531643235333831646265616634393162666164
66316534363933323533373330383266656364363130373336323661666635653134653664376265
38363563313264633761636162643136633839303238303238386565636339363139353434633839
39336666303737326534336239626632303234656662396365626638326636373037306265376139
30646133316461643331343561336631373265626236393239616238353430313932646633313661
61353730366661336332383765653161663263613731323364666664356438663130653131353538
61633961306331633432666531336264346232373237343937363134333731663665323130383838
62393137313532653564316138316466636233326630373131343462383461666365633533333536
63373866346132616631366362653739333265333062616233376136666461303563613938343764
38653738306531353234393035366537653365383630323666373039666432616438336530323236
35663033663935333237336464343039666439386263663564666563303565666535643837396265
39666534633139303663326639386463666335623533323665343031373134636562373564376530
31333539366231393335373166613639663931376637633434373764386265306431306665333630
66616534626138353335616534346564383263303536333565643835356436613361653263663936
63353266613662323861376464323231653632623634373435326538343564396631656665626433
31316162623365306639323466353238396564353363363963623262373636616530333062643566
31343535323061303035366665366332373763336530333736663065343434343863343637373338
65313964353335366662323663323032646461303163396435343436346366373766323531646530
35396338626263346632353739643036376637353036663433666562663363326139666539303266
34353834626135613261646561373232643963616634306337363334383366313838633461623962
38353663643839666632626564373538356638623765613131383931613432353161333065623238
38653338393465373638653739376562396533373663643865376464343339306639306564316332
31643061303333346665626161653037336463343066653233663633636437363565313831616661
65653432346262316665343532386565326564303066326330316632326133656139303934663235
30303666323464643837346361353539353536373838393435353139396439613136366463373137
61623661333438663839333064613039393239383036343533393938633635303037346137313038
30653639396462366536393262353937343139376437383238386566353965623361383533326531
31343965613362303532646361666630343235366639356138333932396565336532373463303433
31376539626337653634383966343362333766316364616339376339633530643465316537626338
38613432396634393165336431346535636438323464386666653862393334656233616662333037
66656338343036396634663264343966353662636564333535323935373762666639396336303830
63633565646263383964393936366162623766356661666234363833366231333336323762353530
36323366363032636165353138383438383963323161393061336234323539393139303934333864
33623239666634613435613165386433663464386364363465623233386633336366393537353332
32356537626534393239363766326261343938333962343631386433356462313934393037343766
38636430623235343966653162353439333637656233353231613733393633633739633766613065
39306235633264323632636238393036323131323935326134326131356565633838633665313131
64326164313530616664303039656539666534643461613537313537623765633566643830663062
33356636363663343832373639343937363363316235656432333434656164303533353163636434
64633136313866663739306536616237326433343237666163316635313639626463643932623032
30376530373632623133613862613632623235616163323631346364366632393937323730313632
38666439313839376234633038626439333838396133336438663661306435376663313234616331
38326538373861366666613861613438373264613361333863353034653863336237386466393961
62303065383961346130313163386365616537346337613435636536346535616263623437613336
64386332333935373130323031303964656464373931316431343031653934393466643134666432
31366538663361633339643336376337346262386532363139353863363936376435333164333964
31666534333461316463366636393638303133653461333365643461303562346134396534316462
32643637383435313839326561336539313433356236623538353461306261646566356339333036
33366234653731646435386331303736303531366564356666373863653262303933613838643431
39646364353231323666326136623966373235313263363735306366383434316566393265353132
65363164623433633936323762646465323135366432623161396264626139303530653965383239
35656639613039376137303837626332323734373930613864333466333336316531353039643133
66303136393265336131653035316539613631373136333033303231356234626233326338643837
36386430393161323234326233323239366138646331656364336264386534626162613665363034
39313538336461393766303536353462373065303166323234663361323163633166303936313539
31656533643036643834656334373462383162623965656633346533393233313861616564316165
39306462323331343339353438383836643136316530316135623435373163376530346161646565
33636664613135643739623162343334653763616438383564336634393436323137626636353132
66666537393537396165386231633461643234636162656434393232636538636430643532623938
64383736303036643062313262316365636436656162623234383531323161326164656365336435
37613439353561663865643635333866313365633533663765653461636133313836363833363866
37366262336430373865646230623166643730333836383466636363643433313364356339353537
36383638663962383432343132656364616166376562383163623238376437313731343336663966
36346339616134373138393066306438636237613937646135366561616638636132316332373132
64333038336134303063366365663730303062643537626264363335383962326364336536316630
33356666326263653763323064646666343736386439383332366637326136353036333431353532
34346139393664383966636631363462643132306564373464356464366262353364373432316666
38363665666161363531366630613132336239323066613936366465353533643530333836303633
32646635623662323235666636613938306462636261656361643038656432353866346432653530
37656363666332366434333831373133303836656361613438306131636438383361613363313339
31393666363264636337376637313461316433393436376235633735343937316630313031646165
32393939306134333536396236666666323037396136316130303938656266353061616637363831
33636566396633626536313930346364616539353366386235336338653233323438323365633238
63346431376562313335393465333234396566643836343934386465616435363730646264633237
62396331646266343537636463313635303662303638643435366638363630323630633632383330
65333832313065363566323338373733316136663334366164663136383561353632393237393766
32656662343065326631626437343162313136623434633466373461303566363534353233323463
64346665643232363563303365376331316662396435643432653536326231386332306265373934
39653033393066323165393132333034323832623331623335616163313462336464383331383736
64376536313430303464613431623262303365363761386534396631373835343836313839386431
64393234396366316138383937346435666136376533343463663239346133356466323633343530
39343038376630316537303662666663333761353763346534613335386165366333386463616634
33353364663364353433373932366538346237613861323639626539323765623138626362356439
64613462333461646430373239313465376336663937356537303662636161326561653737653665
62626661343963343163616235333337343130623333363330646632303665623964626464633832
62613763623661613733636236343930663438386436396331346566633431656465623763356661
37386334396532663266356436316339643738636630623335383364356439376331363333653466
61363732343635613261353232303631383933343936306161313736356137356162303331386132
34643832326463356465373364663337353438633837313338633231646330336433643433313835
34343138393833646565386637663235363535343263613239373733343936616563303366333236
66306233633933373730613066393637633432383435616562663264663732653232313235613334
31653764313834373263366236613836633432613934663130313534306231636166666531616666
66323562623466383565643661313764353730646235393364643836306132626433663934313434
62666631306361626662373038663464386464656361373462643439353035393866323261313834
39303063383435356239636364346162313233643466353466303830376661356366363166616531
61626166353264373266303531323832383461386232633866303835613734306230376461333333
65656663633961636236316232383633383739613730366137333639333139666230303964333066
64333736386239303436373039613463323839356433396639323339333764633062636664646133
63653335376537343066646438333831623331373034653136613734356237363835383631353462
34313962333531616364313437643463396139653261323036363061333638313236373930616438
66663037366137393832666334316433653132343363666139313061393937626365663963333635
32313532386537393230613930363030633732633562333266643137306633393537656439343061
37356335313134343166353137666135313134366563343934323135643462343839663331646338
64343766396566303632656664346139346134396637313434323566363334646636313362346665
66376663303465303361373663356237623938653166613633313832366330393930613534303961
62653364626138613936303139323463653665326239623861663433356531623462626366353632
33656439376266333366303433643663613438353836316335386662373161363563363632646561
37663165393865353534353235363736353539663632353331376436646234616239353463666338
63393865303535346430363261373636643631383233663765323333626334376563626566636362
34386164656561326639306464363938653336633464643566663361613863313265323532663130
39386264633033646239396266303637663262356334323931383631343765663961343964393861
35336135616331373666316265306634616131643962663630663436376439643861356435356131
35323565626366623032663033623537346561343763323561303938346139653734343830313233
64653134646331643837643031333464623465623432656330363863336532376337626561326635
35306462613739313935643234636534356333626464306436383566316262323537336430343232
61326635666236303831366362323436373133336239333432313231653666383034666631366532
61363066653166613066356236396531316132326264616562666665393837353961316139396161
37653363383138636238656163306633616230343832646434343835303035626534356133363763
62323061323263653538316635623737346464333665303961306639653239313237333164663331
32663938303733653735656562373536653863616132656633376135373963366432373963623536
37396536303834656337303838626238346132613636333334613132303630363938383831366538
37633133633538333638366534613435623432353036366262396631313133303936636235376231
37363830623264633166393364646163393631343165383333323361383064623063663565633663
35383630343136616665326635656164333531636130346636653364306363356665636665666537
63613638636635363564316463393665656436326636623137373832363139373462653039313531
61313637373562376165323731336135303461363066336434383932346333643433343930356562
34353563396130646430306430333366333237656564666233303031356161346436336337623837
34303339343164303434643331646537363963646138333933343666343437613732346436353666
30363464393465613837393039303065393930656665636533666465613336666630386263386164
62353031663930656237633838333239336566656466383238616135376661663233353030346539
35396662646431353133623365383865633566396364646164636433346134366663663830613331
33383133373133616330376165613134303334396439653334653739616235376265363432623531
63623231626235363833646630643835326531383937336532303635343731616661316266353363
65636336373838623666616335623363356131303363383337353537343163653164646132356364
65303431356439353765376537323365373033353434383230323939383763666636636336316664
36346238633139383433613732313238616331313335326435626663383238623338646364323263
33386565323866383561653361653032326361383566626361623139613339373237613039623064
66333962373238356332333362653533663432366530626466373566626534326630643335616665
65333462636433303338343931333965393830333264353936373436626332633634366139343461
65626561613439373333616566613432623062653964303738616563646237383031616166663465
64363034323331653837353938663161343035356539346638643838633539373565366366323530
33363962643238316436613632303537346135386366646239323265333130633939356366613734
62343563346263353331626463313463333666666531623263653639313961363061303236343337
64346264663364343537323630653630613766393832393432656138323938363961666139666330
64343730306636623135333633656263626434393935356662396230313833343533633735393761
34303933393963323466626166383261333235313230383739613631376331316564623831306537
34613238613834636330323533333333366333616138643638626261396631616235346435623763
32396236396663616438643434633965323537633763376431333435633030363661383330623165
38333531616135613032653463643434363236383436616364653032613831653235363035343833
34663665376632333066666566633961393036333839356636663734336466383263333066633162
65356461613466306238383165626464393236356363333139616338613062613932636633363631
63636239366461323937383437373235326562396237393431393030663235646335333134633964
32363937323332363531663062613031616635333266323739666561326265626334363766623864
65636263613632316533376565336137323735313264313363616562366538346231363433663731
64373936643661653465653331363566313231316531666137326438326534316536326431303130
31663838316263383234613730396161626463346265633033626131623730306437656435333863
62326235386630343966663935316561316632323332373037643039656132323030343931623363
63643864623462313133663832656561626565383463663063306361643636306262376132306135
32643130333934353630306463663565386134373536376164383733666363323030623731356336
34343139313765326234623366313732613639633262333737313737633839356563356536653036
32336337373337396566666431383866363533333336626136326139646439653439653132383232
61376339336434333437616433393362663061336133643231666664333038356639313664393862
31633336666264306364316337383831333734643866393731376562383039613466663963626361
66323835623664326136383036393461653863363336643930633061633333666438613565323262
33373731393534393136306663346438363630616364316439373831323039346635333030333633
38663338313765323166633364616533396637613030373732633064653261633131386165663437
65303630626262623230313664653830353035646233323639316265343632666431663066616664
37333434343039636535396432366538383566353663633630616661393338353739366363386438
38646536636365376666376636343862626331373466633365363234656639333266623531613535
31643339383634393761333764663931613436333262323636353337653237303934373766633232
37613564626634666564653338666133353166363334323935323263333138626339653664303539
64326538353064656233373035613362656532393233313839643135653662366364643163373865
36663031313233386563353865666337656136393334623838623432303738336433353934333333
62653964386531343862306361643234376266396133313731383734363133366237353433653334
62356262643164386133366335316164303232663837336631353231343135343263646662646437
62363937333063373832663336626439643866666237376337383535656164616336346637303862
64656363643432653262666661656266653061626336383930366133306535613130346439623533
35363031663537353465326335313231613562626664646163333261646331383437653265313036
34303631666363643763666132353139623832313762326461326632663031316432336332646539
32303030316637343735663866393736393734643363323261653438363761336430336535313137
63393539613137353164333937383436313938613461633333336633393336303035393666656330
34613431333038313136363934653366363961333966373035643139336639653534623635336162
39313266626438613435333064643461333332356631383930363163346231363465343263383935
66333436366161653130616634316334353762626132636237373731373461313439653530326330
33386263326335653133373431643538616630343965313434643663633338326362333635616137
63376333376562323166363839346636303162373939326663373665626435643233376434396537
36343364346333646561663331646664333035393531373039393331303832613132303633396536
36356238313862636536626534646539356161366534323332666338306132373034363133383862
63373438363730313530636164306533633030363163393562316233643334626239653232323038
66323461633663336263656439623164656433663866336436616565316334373562396236623330
37396135313837643363623430626639626366633462326264353733333232646164313662646638
63663530613634326663616365303764366166653363663563326439396337376132616536633337
64663361383833346332313963366536636134306538643137656362343163353237346330653036
61656539613864336166393666613934666166636630616635386666306238356530333131366235
35626262616236316264363937326465626261653665333530333436656533366534366531323133
63373564393766376236306634306663366138666261346131313263316431346233666530666462
36393030306536623338623233383362613762363639336330616530333864653230396230383632
38353066643762636166623030303139653434326164646233303466376561356161663639363734
66616161346563393061303336666463316261663762646261356261343039383932326337633861
36393961643834623938366233663033333238313063356434643361346663613531646533353262
38636639663064396264653233346530356131663961356466393263363032323964343065346539
61663630383764653861653664383834306533613037316538643735643961353465623266343263
66393837653561623130363236663538326133353635613235363637316239626134336266363264
36633362636133336536303734653664336434336164373832646132663636303635666539663766
36616131663537616462356531373138663539376663653437313166326134363766306337636662
32333062383965623632383131353131356535346466646137353265666263386263383163393563
61363962646536363330306535626637636238353233623465346263653734356633336434646661
36656136323162373334393830333032386463323830376430303066356633346465616331396465
65373636303035316434366161326233626261393638643235346638373862366532636634646233
30613937303332613964363264323463636235326164663632633434366430396566643931343933
33656261373937393232343161313632383862653136336666306462643135316262353237363833
36366334326532363733653762396436643961396239646632646632346331643531616661653630
63363664376337383531383834363234333233393933306263333233343765323235366330313730
34373831613039326331623332336337393438363762386131616532353762616530313066376539
64323535356366393261393938656561323863323062303762613133336464336333396438313834
61643630666130356530343065613034366666343031343138356537653365353165643430353564
31393466633963373961356234386230363836343561323561663338656561393963383834396462
33613336306432613765393064353361323238613536363163323839623634343763643637386333
64336264366365623131646230643634616337636136393038653333346339343931366538336436
30313531653535323539636539323063393735373734316336303163313339653438373433636438
31366434396230343931326662326662346665663164616138313365326532633735343765343234
64626161326439623662323930633937353665373438666464306361376162623837366364313230
65663337656563373235636135303139323835383039343737646139623632646638353764363937
64626161316463306430333464616639396332383134656134346438613138643133396461366130
64386530353635366533336132633366336232336436306365336538336235323938646134303064
61373137396237663638333432653531303031303861303733333263363431623638643933393437
32613364393561386261333038383864616265623862326634346236353064623434356263303061
38613039393462646465613231653564373134666335613033626537353665356535353935656339
62323434323964313735383962633863333962313061323030363933353337373162626638633862
36353038353532626666326637303066366134323562333730323932343134616534323230343733
30633865363062346632363535353631393836363832396565333464646330363134353437386530
37366431666132376239353636626530663164393964383035383861656363626234383635663133
65306138333335303336353137666535353935333039346335613530383936643632656534656165
63636533616264393134396362616162386335306265653962353333313734386432663062663837
30646338333935303836366162626439313239336436386539656564636237613861376630666264
39613330653735636133666465663437623366383462306266366566626634393932613436376530
30356662376165323939373135343539663830323963363336376538663533383166383066313765
64373534616536306533666465376665313162613234356665626232623938396439383763633633
63666164633033646634346637393530323437383462626530343338376535626166323061386637
64373731343134323333626635376264386537626663366662633535633630386533353133333162
38383864396665636439356539613166323032323166663535363737383135353331663264313136
39336565376431323236613862396331346662613734343436393031383538346662376535316363
36363961386636616464393838313633623564643136353331646662643536656364326332383538
34373730356563393239623937396262303762306332633765663235343932366363393835376239
32393161666666333065333665373733386237343237373361653466343436643537343936303763
35633138303263333739313035333135313033623334636130336136646130613566303964623864
39393861316639626631316239313865333733613966373232376533646338353533353539666235
63386166653230656530303030343266383538326438343136363662393638313263386132306632
38353537303239356130333333393233326565323235346134386665613830663762303438646633
61656435386132353134636439353438356632613865396334306431376261346661383166383334
30643630643938386166616466636236356361316630623531336364646664643935383937633738
35623735346339616664316563626139643361666462343438306438646633376666616536376362
32653839663833653332653238633834616465616463633731393061306433346166643436646130
63646365323765333539356539386166376165323234376264623533333633366634363330623335
36353366626538396236323535623566373939393961383762666361613634636263613361366365
61373766626538623861373536393965633162633030333433373738646436333263643330343736
36323166383339643939363961656534663736323661303636333461383266613365663839353230
66383264316138323238663536613533366461626638356562393161336262383332643935333461
63643930343530383632313862353065663038333862303765313031346430363766373736666464
37323839303965363463343034303937356235323630656231643164373265313236643866356432
61363763643937326132663463663932313363663235303731386263336337353765336632336632
38393561396235356236313739643137393837343162626239323830373433323161323934306631
66616461616635356239376131383635646331623633626463653665623131303833386333336339
30306639613238373763336266313962383032353730343731626331343137393530373835383733
37636662666530383861623330633234376231613033373839333935616234396166376365356262
61306433303238643733333031616437353361646138653264393433336464663535306135343162
64663763343736666366653263316366393437323735653231356564633837343363333236323739
30396631383231383265383633303438313264633065373834613361363638353236643262346139
38653865393761303834316263373363616638303132373230356338303266643439373131343635
36333536653638393635626561396334626637376663353131393334376636366631653537366235
64623762656364386539363130363062383330376662356561626539356234396265613930666338
32616265373366373830656436666530353437316432336564326337313633616133363433663038
64616536386236303834386230383165356166393965663535376565646238646261303764613931
37663436396563306139303735613434313433613839336563333036656462376134656239656531
64353365373435666366633361663461326239306631333133373938366532383432626365306339
62316232653063326366353233346233613132303530303765323565633139313230653839396439
63336233393630643937626161383339653366643933633833383833656362396130313565353266
38316236343338643636613265323166346264353536393765633931333234373130386464626133
38363935353361623930623930616631333134386337666334656562633462643866663662613761
33333037613262383831613763393237306665656537323138326435346562656336636337313566
36356366333639663033363062653630663862323233353564613763326439333533336462313761
34633765323366313762376438656231323933353631356232373830373064313665616138326337
30383161313434373034376334323734636166663637393133363835353562343032333234343634
35333331626239393839393765336335346633343938633565366438303638323635393038346135
35613661303437336162633336313665626131383133313631333533303034333736363130643836
33383036376330346530663135323839316161363131313834353033316362306331373266633466
65313537373035326338396264363432383734333563636336633362656663376338363337646638
30336433653961653961373236386361373134666630396461656461633466313933373131383039
33653061356131383432313533366235636637346566313431366239343366653363393939306431
64353861636136613366353264336564343263313336323063646264363938373863343035316632
39653534623139373330363635643563653336366166323039623739303766613866653136353065
33363765376238613137343635336530303866336438333464383961643037626331323434376336
62623338343438333032636539343562633161343437386536646366343231346636316635366361
61623034343266386230366335643431346164346336653063393763373336333361303731386138
34356363353031356635366438306437626137363862393433663964313463303631356261373735
37613631396566646437303561616437373565616436656362396239323133356638316335356338
38386630656164386666663136343965633232376339623831653637663961376466616335343731
61383039323134626237373136633464313935353931383831323431366165343162383564623164
66393437353537643537373634613465396634666437653335316334313739346238303538633033
64656464383665393335363564396639306232666664376532373030356562643436393631313266
66363534663065653264396164336534376237313137386139616335326362666433376339656231
36386132363139343062383965386161396664386666353966323661343465353964666262316563
66393137643764336432333538316366393965376639333164343232643138663266663966363433
62396539323761623865303539326664346236393437336464323564366530653562313764633462
31313030646135373836666131326133613364363736663537623831636437323730376661383132
32613138646263656638396139333736336436643034636263656661356539353231343331336465
66396263376238383132383432323064623264333561626563366665396463653333303135633931
39623432646265663861333462363263656463653433316235633032663933396139393232326630
33333731663864656163333635633564333930306231313366333939646661313163343236363137
38343438623466376338323366363137323231653030663266333561663530316661346530653863
34373161396664323765383662613131323534646366373335326332313730343433346566353466
37323637366364356664316462373530633766356639376632636463343931323233376430376337
33366233343462656466343531306430303336353465646135376535656132633262396434396333
63663531646264616562626432643935656166333131333631303335326532656633333032383535
30646532373262383136336439613338333663666466656565386131643034363937313466653233
35306136356363326231333031623731346537353638636462383161306463373661633762623236
36313935356534346662643637376631613363313338383838363738353034643736666631343966
62653636393131393635666563663439393761613339656264393533303836636538366261623537
64623232383639313864336630393464636636343162616535636530306633346439393130656532
35363237376134356132323164396632336338313661373965636139323161313935616232343333
31616135646634316632653661663065613339663432636638346633326439613863626438383830
35616235393339373066373735323034626535383039393135313233393363306231353334666364
34393432663738333561343766393435663139646265323766643630326466343435316162303437
63653738386465376635303066613033636135346330646236613432363936373131656263386238
65306135373733383334333564616662363031636434643339363036653963643936656164616266
63636139633938636261313131613432613264333439656364353662373739353138336530636466
34663433626339656366333761343566323963383136356533303961646566393661363664306636
65386134623332613964656430353463623561613637616338376562303935316130323362326130
63353036616661303038393331373434663665333166373862616464323766663730393432353363
65396563383563376633643463323630306137643337663462383762633332366661643632656564
30326535383463303231326261376432363335613037316237353063336466363734363333663138
30643338313065366365373763613132303236323735663064306339323661646631646133373331
32353335333165613536303862323333336266353361336166623034613731316533393530356138
33333135346138383861633939623063363861326563393134336462353135336665303232366365
61323639396533623338363935393065653366353939396530346232373738616534643433636233
30346166303936656131306339636363313233396638393937333636363230376539613138303438
61313561663736363064333038613866636133323634666265353461386437306233306533616630
63363163666630373735626263313830306166616261353666356438616164346237363433626266
31313362343664386363383062643938373536653965363963393533623336616161323464313436
35363566376463663239306131346261383637303561656563616430376666626263613331383335
61326432366435393461303033313036306434646337343039393564613561643636623263633934
33653638353366633931356336393537663262313335353531663866376330323130653235393166
31303730323233656266643034303064356665353961353366396436653831333436306565613037
30633139663731383265613232393236373734376632623031333063346163613238393138313339
35326461636363623232623933623665303439393464636137653334613535636137666533643662
37666435386332376235626132363565353034333831383430353139646432623038643439363930
35353730376437643538636530353462303439396633643538663532313366323936636331303064
65343032633930373136613165333964316361663633613734613466653061303430343262663735
61393264383334663234663332663834343162306235653337636135626366626339653738656463
66666330646163303061356433383934396339373337353662643766333264366262623564666636
33386337383130393233323763383835356531386165653664366337396532616536323536346463
31633066636132346564613932333336616366646566313437663564323435613631633064613230
38383335613866636137633035396334313861396565663664653561346162383061313130613034
31623234343730326632643666343233343731393463643930386438393437356438653761613537
64636635393936613130663435666163366639303931343063653538643830313662363731636134
37396435666135353537656362333534346130316432633762313036343966633639353237623839
64623733376632393662623232376438613135313864313836343536306336343936623435356634
65373331626363393134613633353438346361613136666139333234313433303133363563373663
3934336263616531323432386434613665316239616563636164
