$ANSIBLE_VAULT;1.1;AES256
65363931393163353766326663343331333434326434643966636138626461343738613437623861
3066633535353161343432646664383865386236393936630a616561646430333638626238383033
38346666616531313064396634333835303766303766633934366336616363663966643438383361
3134633132326336610a623531663037326662343434666230633535303934366261383835326436
66353339363737353434323137376438636564613261326636653333653531623737383639643461
39313738333462383537323265643130306531333335653266306565633937366663656533353231
62333735326234326635613866653131353839623934353963386561353737393733613461616632
37353261313565366135336238303338303962316136313233633464373037643735643066633037
39623136366566333934633365373562353432353031663066616135666161333166356564393664
37333136643030313836353966326137356237303562636234346466656236373739313263613132
37353435313534376163633737356663626662313861396432346465643738633235363232363534
30356637636565306631323261346431306465393734353334343639323037326665623362323661
66353533613438353861646230313763303334346333386361346235613334623234633431333863
33623736363233396234663062636532326637353532666339663561613636376636653363323261
34323836336134333736666565303662613635653132656166383931353934386332303534386537
36373465636665396462356466323834616264643662336238316339393733353461383434636132
30616538373335336233363630373230666164623065353738353030303636656238373838366236
34643338336635336532376131636362373534346235366665343838346637666463623964316564
62323461316331376130313331653534316533633938366239323630663330356336353965353765
62306463633463323137623239653434383431363334313732363834613164373134356438313561
37616230616261396330346638616332613339386439386466346662306137303630343061666264
61376262346164663534393761313635333930303764666335326430356264313765393431383830
64306239393731333738666633666261363761323164313532666636303539653165383237613733
62313235313039656437643265393337343335346264316638653830393535393032373939613966
64336534633031343333323636363566313732663439373133363439646164646632313236636232
62383266626437366564353739373037626364343235663030383563373835646565303134313037
30366364616634303633656233666266616563356436323065313030666330383062333836356231
38646266643462373436393265653130353736623634613232666339346631343863373137396363
36623563626530373465636638656532393430386234306332633266373133633062636566316266
33653938373636306436663233386163323366353037623638636535373639303261636638663136
66323464663466386161643263353836343466386635343763623765653766613135643138666234
35666266346162646566383238316161626438326632623735363966383265663736626638633635
61393633633963646137666637343365303431303830386531646137326263643433326438353461
31373132633338386162623537363034636335666365356466663565313365613634303361653464
33336231373138633239353237646233393937343337613937316632336630353532343264626132
33383361316531633531373333303633663463313735663736346231313462656637376434616437
30616166353838306564343734396530646235306537303131396438303730666466353866653966
37656639663433303337343765653364356161383362653761316462633333636161353138316537
39626364383139343434353839653632346465663261643163313239373632346532383361313930
35366637656561313333373330613039623937356133653434373036636435373832623034613238
63656230663035383330623562386631623361393339633939376433633434313138336364363265
63633935313165326564306333653139663430336265663031396331346664633833313235313732
62623332373463303166396431336266616134343132633431323462623431663464346535613462
37353530633864623161323330333534313134356531323564653634396231633237616465663231
64613332643764636539333832353134383334366362303262653239366666376566626336393361
39333263346332353835333435383532343066323962396336363561396266623438376637623539
31316538666434623738383937396133323062306163303763373232386631613133626339396266
33636635373234623239653936346632373063613736326330643735623734646561386565646232
34393734656335363430363162636139373665306336376337323836353338613134346235396135
65303732323832643465393836613433303361303435316230343831386565616633336339363132
32663434333936643732333936646436636566323363623438363061323965343930303533336634
32323562613233663537393835616635646561353136323863396631303031666530373535343833
37353831303065396532666431363738363463666232303133383634373436666330353262366462
31373961323761346465303030656366663462626431633930323733376330393764336532646261
66316231343566633634373832613031313930666435323331363935353262643165366331616636
63333663363433313032363361313532396162306632656362353431353161626537346466313564
32643164643734356363663336386661383363643433323965623764626632396633653031393839
35323833393836653236316336363662343634656633663665396435663630623938336131623464
31623432333934313531376165353830383936373138363533393966633636313261303336366130
39396135353162343139343662323330623961623061306232386537393530383038396261353830
37666331666339633938386261346636643335363035353664633730393061623864643039303965
62356237646638373838346530653666396365366162616133393632623462353437366539376137
31633035656562343232613731313837373836323330373736666538663839356166653238366166
36636631373831393039366435316336373461363330383439626233376139363232396462323963
63663439343665613734643638306138633633366238316330366561333466663261633166393435
64666530303866656535303831636262326664653463313332313464613732646364333131303564
62643338366561346262396663326437313233613832666166633165376638633636303665343238
33356535346338313932653264623737626432353634666335616638306235373862616436646130
37373163313065386535346266623131643166613561313133633535666430353336313138643762
36353164383835313537303861363634353162353664616331366637643337623437646239643061
34633136346235376338333634376233633464346535636661316230653833623062356336366335
66653430333663346563326331393362636262373539343239336138303163303432633039393735
63623333366463383234623034393335323364626231656434643463343336323738346339636437
33306336333336323234616436396433616538393536663831666236353535656332633130363139
33633832633131333461363562303539333131646330343163376665616234353131313863343439
63393933613632646664303964656161393638623261363836623638333836623237316533326334
36346163656363663139336564303062653935393834306138376665323563636662363161386232
66313033383439613536303765316565636434373138363833383438653136363639373736376531
31636538303836393666663033343830393238386130663366333562323361643233303264396137
35353363336235396637343865393239333631323935613337333730356634323735643034383031
61633434356161383032643630666439306664376332336665336137643838303163633961306431
30343637333433636330386132343031336430343130613135646539356162373433626339356532
36333164323464613661653936623662653932633463323161316134373463376131656139393433
35656533383231613732303139666263343637363038626230356661343664373335313561343838
37653737633730643732356231336536656637363836333464363335666136643231616231356130
35353762636433636635383266346138613665343164396662363931613433613833323437653462
37333037393764323762653031616137323234373533623464363166353539653663336636353462
31613165393965633439346561383364633835303363383265363766326437623162313936383933
62643465306437376163393135646434363732646234326134633565363131323766363262353436
37616239643732373530396438313665616635393835323735383762323461623362376237326337
66303166393337336361393235313361356431313036633436333863663262366661393066313139
32386630623964623833333965663536643239663366663532326666336135626362636431613432
32646136356239616365303564373038333431366539366234363939666164636664613630623039
39663530643065363432333533643932633366373038636266393966336261326438616561366239
61613462396534643537336632613831623861303537666365376365646637633663646464353863
64653937343563393761376430623636366566326364323131653466613532393032366432353534
65303135353232343761653730386361636162386131633934653764353830316661323037643039
65353331343939623463663934373461323032666264313162383833383537643733643833646131
32306531383532323262383238366362383964636363306336363431633866653839656663613736
38633333323337356562303438623731646164303935643335613764656564663663663361313865
31656632396136366562666137373932366233623633323066313563373539333639353039663037
37653734363932643636373763323837653036363936303166636432616632396164376462653661
30346262316663636233333233386337613333383630313435353430663136383564313435326335
65656537333437326531383632633464376165633730613939623365623433646363646136356134
64663736626335663331323765653236616462663636303636313735353531653563356664633166
30363033356665343434633039383266383264313838656466656134333462383232313937303562
66393265313335633630366335383061303566636636316132303230613264663335353166343139
63646465386432333537633662346335623966393038306461393835373533643062656336633834
32393566633865346661306665383562353839663530613332333362393138356163663234383036
38336461393866373866663137633538653862663837653632643335323365643333656561646366
31393961373037333033323365636663636639383663343533643663323639316266393939343039
33353931623832393461363337643734396330623261333961323665666430613839336130313639
37636663373739343938333263646339623661353964646234643233393435623466363361623462
30356636306565333633373436356234383966646561623466333164653034396261383832343234
33323431336662663337303937323636393437643038663163373934393930643865313930623833
37656234663338663962636366303963306230373261376662383763353063636230646236396636
39363535303835323535366535336466616262643231303264353536333166393934383837626231
34333430393137393430313235343331633234373164333330633731343733383565343239326234
66386234306532663033633766393536376239326634663338363737626234313935393564323961
65313161303833653031633335316465636165346463353934386133323939663434346265356131
32343234363136313263643431613632373836333162643864336237396163373963623734656537
30366233306163626134376535383630386663383263393439633064616661613739376135373236
37323830343335333366633362653338386238396663623963663264653064663639333061303534
32396131323930313637613766303631636533623639613864646532633332306131636362646230
31316235393032616136306661316339313334623065313830373939643935663336663861346363
38343631636261356633386264356432353932383134336230386638613862376633373237343930
39336334373033363934636233323235346565353365303965313861626437303530633232333931
31393965366165366361343535623738383166666663333939303339653739633639346564633131
32663066333661336434366163653932663861623432326463363762363564656536666630666161
37626263306166326466656532386362353631333263326334373366623633333136313633653535
62353635353233323134353334346633323839393333646661373164373838656462633430363839
35383437363531393430353139363865643965393030663265623539623166353534656563663538
32343931366336386130666637633834396230356439326238386132663033386361386230643362
30383739663635333864333635646536626130386561633163333863396164303933653735373030
63346332363036333032303837646464626135616330623264313735656665383237616662653865
36643566323232313435393061646230343762393131363631303433656663333363333033396134
36663966633461326166363036373463313961343063373838626266663631383131316437626466
61306533353661613935313534653862396236343031623961386338646130613838346438633035
35653563643066333532366635366235333330373861623330346436303364396433393033326563
35376164363435346638613564366230643137303738393566386630303462636665383137343936
34366662343431333564626232306366663837663165383234626638386537303366626230623731
36636333613738353939646439613862353735346365343034386330336162643930346333303739
37343937373936313032653764373261326134616330343735343431396363363263336535346233
66626135353032633838323566646630356233306534373865323033353961313434333038306339
37346265326231623137306361626532353038616261366464373937313162363464343932376338
65333530643432323461643634653366643039326131383766353761636362366634323436386239
32666632306364613961356165316332393630343432643462396239316466303630393432346234
31333431353731383763336437643137356333386634303832393466333337373366323261626333
64373539373738623331396530663661623762383637353864303433313562353863313833323133
62346439336437393364636436343534663430356532313534333261626230393262393863646265
36663331366635396163333736303664663132343762396336376231396137663937336533326636
35636234363766376633343164373861373463346464623765313732386663633862613562383132
63323134616635383565316462653562353131663235616335656564623633666132373335366363
61393665323865616163383939643235656530626230396436306562653962653930303232633261
33666634363037653438663139613065356166613035343662613331363333383730616237633136
31386136383335343433646266316538376464653938653737613533666633316166393339383434
36623365326536353339633330366363346438313532333861616234313565623661353365653263
35383164373361306166666536353135656436393134353462616338646432383766376333306465
34373731663736666431633232386464636431343632326465633061386463346365363931623733
34633964616236663338633638653963653662643362356632323039663231303936383830386136
30653464343132653263383731626261323134616334633132393635343239366538306262656139
63386264663037316136376361353838613237613338343935626165323034656466323637343866
32366633633236326435376266316164636665643363383036393830306232316337373133363838
36393837623531366639373536346138613038663733303636356637393165346439643336313162
61323262343034393730363332333332356532653136353630343465646266393365666137613635
38396235366261326431643162613433353634316663616330393762376562636334623964616334
38643038633166343161633961613933363032626630623861366235643432396564636538663934
33373231663466616136666232666265633564633765623235646564623937343534343538373230
34313262626235306563663739336361663838643934383934313534666530376335333661613238
61336164353864656631353963366134366663616135633032663431336239646332653266373336
66666236613064643131643933656330346336663238346166656238626663316166653434623936
37333839623535663638613635616433343939633533326130313361636434396165613039386131
30383866306239626136333263656263363536393530323765373639353231363934373032623039
64643865343865333566633966336532333930336237653963396164623661323236383031353839
31373438343365376232363031653165646630633938356435653434346633383266393461373733
36323439653162613164376162303366656365396437396337323033616263306138383065376637
33633731383034656166613537306138393662383964316564393635303566373063303035366566
34346530656164333830343762303832313135303163396264336533376532653534646133643065
33663130646364636666663436316135643135356630643361336338346639366633646330303062
30343262343462323238323861663961383665393032643663346534313436633962343731346264
39626535643432316361623836386465393836343435313137306238343363653665653830346463
31363666393032363433663165623739356436396333396630623734666534653561303331333338
63366232653838646661396334666530333163353065616461323430313034626633626136383066
65396464633962386365333961623033623261643436303134666633393536333438613662386437
39393633356461383465626139616339633334383763373634396465313239306464386236386365
64366632346636666361623062303639663765663963373832326231303932333536353337333965
33363635376261356465653837333132353333653830373630326334623365313062663734316337
34363764623235393930623866633637353537326630633562663462346334663736373234633835
31353038616161646665623239396661353566313861303762303839626161643363386561343266
38363161323963373932663961613034616262366232646139393461326237343439666432636562
65356436356465343638303430613732346665613639376436303832366636313533306234636366
38346130646462333666613539633136303938346266633064376135366338306266333835353434
36666431393966623331353263373364326261313961383533313162626462363063646238633863
33386339653561303737333764363633316334303436616639333131356564333939613935663463
32313237666162393632643637643433323836316435346661383362653839376566393736383166
33303465316234643835376464346335343864663631616438326662306137376330626565613038
63616137393936373437663366373036633161393432353462393965643937313731353139313830
38383336636431333936363134316437663730386531626533333531626264373865663939393039
35313264343237633666643866383938643065306336393162326534353830313061663961663738
38623536323464623863653030353436343639616362643035393736376131383165313435323264
34373437353538646432653435303434356266646636316132383666303166363930626563663562
39373239663434613439306637343935326536656231353164306362336134636138643863643563
30383330323234313935373535383565613437303738333633626464633636323439393038383831
34656661383933626639366630303764373930373866353730363838303665366133643038343864
66383561643965343138353431656635356661373530346634356537653864323336383531396631
37333165626263636239376562653031626363656635333832636134323639656366373337326137
30326461366437393431333433363165386164346162343666623762346362336262363264373762
31616136326331356530306262643531303239666533326432373561643137636239303165323731
33356331666563383663333638323037616262626632316339633139323063666430326464666435
37333564393032353739636238363339303532646631303332363034373836383437313739623839
33306237333735353937396236326136633436356662663336393266623836343665346331653431
61633234383531666333346235326565623834663836343538366464613934633439626565353365
33616665613632626437363865376262343863353239396435636264643636646563393233623031
35363930316436366638323663303530376539656333363666383431383265353833333931316131
31323833666633303433313332386462363762396437623331343365353562356139306365303765
35316330643738376434353039666535343339393666383265313333376636393034646238643233
31383734653231316336393832663266373963633935633537303366303539303964633132336638
63653939326433333062356434356234653437373361363262653234303133303366333438366237
30383166653232613364656538336463333365663130363031343563643236396463643931396537
33373464326334363335313366653163656632616466633265656337643831353161323962383931
31323261373130383433633830653634353030346331613865306639366130396363363762366665
61303535323261646333633362303464643836383938383939323133323932303934343731363933
30353339326534333338356239373035316162303231356565653035326165663831626365323764
61386234623930393030646666633864663262316330383764333266336366666337636165373661
38623530333633393237333663336137643832633831633035396438656466333739336437626231
65356535336262376334336165643162323931316362306633646666333737623164616632393033
32376166393736643661313934626261353165613263623031316433313432396432653637363632
34346365356332646162373032376161666439323462643666333632666332643137323431623834
34336163366635623062353066373664666532643730616235393834356530666661633030346134
31383336363864383666353766656365666566343230343465616636346439663730643232333431
37626165646533393334316262656634636136316337396335353033386635636236373336313363
32316130323831396263616434333662303532373431653338333131663936393933653830333931
36363661356536353061313061393538396539326362333737616566306261613264656438336362
64633136323334646230336365356331386434393632353930613933646436633332316665636666
61313166373833363834656365656434623733356463636331623331363637636134623765343565
30303333356432343439356361336164303437353366363834666331653064346238633739623635
37613939366238306337386637313766636239386361303439366663653434623538333034353338
35666666303637663638333038636335333465306466613934333661346666666561653466363562
33666466313066373864303166376530336130313833373832393833663736653238323462663735
37383062343638616637376439333032366239626438366362656336346239326236656239656135
39643537383035393438393536633532323266623135623935393136323637373138363533393635
65373534373631383735346233346536323838343865396666666536653361303139316565663738
37623061353339333032383530646566373264366565656338323532333664363935313837643863
62343232393731353832356465343964613533643830616331363937396339616463626233613533
66343735373939386538616634323562326631303435383335306634333930656665613838316361
35346366656139303666643538336661323866303435356336373663643931386637343263383936
37633361333233373661363566303463383537613639643461613066613361356665323334323133
37633032383564303463653936343534316133373637356336666632336630653031353838373266
64356434393735636439623438663539633366343664376563316235643336616337636166346263
38663163666364326138646131316561336138376537363837633464663038636264343038333637
31636333383665313131623330343662323263306538333539623739623038663461623161663537
36623130626639396339646436633163396133623861386132346365636539393533353539346164
63396134363839666638623361323333376562383235336134306561376264343539383533393836
65303465316331363263363239313230646565383132343865333933336533383635623438333865
31376666653061366362323661306535346364353336633332383838636362343763366331353031
63653765613632663661643132386631383536613165393431346334666531643134323637376137
33373733306631323666396161653266636532373063653534353331316663353533386463373635
36376335356235316166323061643030303261663866633864353466636265363731323463303339
63316661393463356633343834336238633561663732613332393739303336353564383033323733
39366139333837356638663331323865306636616465303139373834393432393133373062626238
65323066356666353936323032313431373732346461316334313064386263373239653635326437
35376231336135323333306430653662383866366334376462613061326266326337333366363061
64656365373436373539373932396530396135343636646262336164313465343039366134306136
36613033363366666566646666313763313364393266393933373561643166353032383133363938
34373235303261396431373333386633333936363263396538373062666235616337383331626633
38336262383939346435373130333765383863396531363933306137653562616337356665383962
30643030613333656264633232653534616530656332653234626238353235323161316330656464
39613735373063613237373131323636313734653637363665363938323865353232303562663639
61666538343061666363646438653163373863373034616366643435343936653364636361343763
39646339616666623064313766303362613430346462303736353333383538623231613833643865
64373964633963353634306364623866613633383337323965376465343234643736616339353466
39663161363432613831623935316132666461633636656339383234313263646632343532643135
30303365653332336136666439383637613361333665356235383631333236393932303730646233
64313935393765306632393266306466316538373965326430623637396565333766366562313639
31643261316234636566653231373837333063336139356237366262656266666331393437656262
35616535663730326137636330373366633338333535306436623638313639383237353965646537
33613539343064313837396232303565363065303731333736333563306363643432343835623665
33613431306436396631613237363962393232346333323132643530333165313862663639323936
39663038323531356563663665396435333139343964623837353531643462326336383031653230
35333262386466616465383935633064636632626437353238623262303161623832383236373566
38636639616662666331306665633730386635646232313032636439313938356637336462626236
39373139303530356137343161626634346136626264643162356332663537356634326336343261
36356331613939653130356239366233356662306136316264343836356239623665643135353038
64326162623266346566376433306662366362316133336666306434386233623563333565653064
31636430336665363261316666323839323034333239303830336237613734633536613638376261
66316532323833623965376665616162636165373938653466373961643231623364663136373536
30353165373162326233633136623063663537626638366538346134326166363030643732646261
35343466643964313037363138356563306639626530656564633630386162356366666337656165
31626234623938333836306134663637333461656165346364353539336531623064653464393662
66363935376466346265633162313463353433356436353766323235616433396339373139333034
61623634623263393165383561373964626366386261343135316665313563623130316464656137
63323564396136613235393464336264316565666435343430313533656636356438666338316639
38313866303365666633616233346439353666666633613630633433373336333330363330343261
65363539343163626534313333333561663535326137666265386539646136373461306636303631
63663739343137316433343562633838366332383062636232346162376137663238646264626536
66366632653465393636326664303837653761373562333833396564623339303730303535316231
61633638363861656662393666396230633063653736323833653538316165626134393934303036
38313039376439326161386630346534383033353338653136643033613964303462386230663363
34336562366631353933616662323139306666316336396362666463376137663764623336333233
39383434346234623535376135653930363634333263623631343065396536393261313938633738
62343461323266613435396339653233636663626165633936646662396232313435376338376637
34393866323761333538323535353034353030623464656162656462316637323362653166616332
66343431666139633166353932373062613731633963623137383664313837303730333766633966
62343963376561353364373130316635316661386632323163613061633361633734393239663866
66363762653963396131303830666638636636353130346466623364373330366433663463653564
33303330613736666362373232666366656533386530613665663737303966313938393434613336
37303134363637373166316434613532356236653361623166373237663336373962383530343538
35346536323363316134633266323237313865363064666264656162633732623533386137653162
31383133323139383138396538303931323666366330636161633164323634313939626331316137
35393231313834343939313731356537646165326435626662666430626438313265323464346434
66353061613866333137343835343134313434343464393061316639323238643466363662633763
33626539353761313737623266323466393338383138316465356433386366366630323336303266
36316536346435633663663839653833313037636636623032323433363639616563316530323732
38303934663962323666636133393632316164333534663638616237356563663535373433633535
65366630393036396636373263653238373065333233353664346638316136346631336265346334
38353539623763623433343937383938343833396237383563373962656363616439623730376439
36613062393862333436376330333033303234323639643265316237303461353537663161393033
62666661643337616432396333636365353537653065353962646162323937303861616237626635
31313565346638613035366162333137643435643330636561633633643562313731366334326437
35336133343136633039313533303535313831326339343462613031633963353766326137333139
37346437666338643364616131623965663965633037643263626539366431613234376164653339
65646261356433643238323238643735633531316234663437616365396339623964326132363037
35373031313531333766653838323931663762323832666337656366666664313034356133373732
39336439623264656237356466663837626662376436363236616364623835343263343338616633
31613437643532386335343835373330313665616635633333373863353437313831396231666538
39306162373536633334623030393538326439306334303031396363646533303430373963626364
39376236396166653236373133623561393737326264336165613662633630313331343635653066
65353131633734333937386366343437326463393562616138393265666431633830393734356232
33393764623638353738613964343330346266363338313137613061656235313062613634363365
31333363326333626532663966663738346235633533306236363766616636623831336664323765
61373661383734646135623162353235363661326233306333336466653638633061623364333064
35623062396535313835666662336539633737653535343365656533306539333630626666666631
33346237366432326137623432343561646333303831626538616438363839386530373639366537
35613238653433383238363664306336633632396438346632323932393264383864303432333463
66303836323266353166303130636532306434313161313637386565386638643533326435663934
36316536633466653830613938356139656332326134393664393863613866653831663365663365
65626435356539366539303561386662656565396137353236363364333364376331316563353232
65353232346330376636386233613464396663383861623661373461623237636330626333616166
38656465303266616363396566306261663238623836336266333261393439626438366263323034
32333732663930666164346136373364666132616363613635666332613430636533656265373234
65393730653466663038336638333261353361643962646164636565316639396132383233343936
30393535636537373137336533613637643139393435336266616663353461316266396534653364
37643836653935643039616263383339386431373436646538333063623032636462653763303539
39363532326337343532303233333336343966383736303531333330393463656134316634393564
37613531333439323632366438623166653834383737343962353631373065363234653239316563
65376433316638373237386231646333343234666663366138646132353464653132376330306165
66386134623164316138396330386237313630363139313137346565393461376638623436376361
39626133643037613063653637336466393764343861666432663430333533376134396236303233
39613863643230613664653635313330356561363064633231313339663566663934303236313664
64663439343533336338306633363136633530353339383361393862626165303930383938333836
34656164353536303231383339373734393561383731333762643530303862303231306237396635
38386639366638376462623037623135313033623139393030646439313461303532386631323764
33326531353566343633613933636533386262376237363434626538366332666333396462353739
61613331373166346465306163343439396361396331346232363366323934333265303530326562
36323534356339626334393465363139303230326338616436623132653834396239626234373566
33313031343333373961303832323837336131333832393162643236616266336438303832343035
30636463633464306639303430383736633035326439326435653565353764346638643931333134
63393530376164323630653838663831626237613938633566666466666236366461616166383838
30346433653733653165323035323863353737663963633933323264623535393364643662623731
31313161306233336434343434383831313961636239313936666562376132666664383636303935
30323464303236653366356230643434323932613930616230663839616162303430386133626230
37653762646433613630386662663132623534353231393261616437316161343662386238326334
30626231323563303730343566383030363561363639353534396631333433303965303533383032
64363363333134656531316462383462663031663338353935633362643433363532636535363238
62613536666465363530646264666164366430363664303838313664313262333432353632316337
62646635663231336331616537653163393432363330666161633366636634396132373430363130
39306130396238313662383734343737316330633565633833353464306163636239643631666230
38323430333836616232363663393537316638663737326261396266353233353638323362333566
62313366366365633366323730323262376139313632356163383734386139383531313137633833
32313561316235376635663738643934666632376537363362653964313335386536633937353232
62653532303337663336383066343933376337373362626365633863613566616632353433303339
33376565656565663964383161613632323233633364383063636166303561326266313436653738
63653866336266626537326566666361646234663835386562343339303238356465633563366237
37653965613035643264376235353662616565316339656330633438653861303037323030343061
33353835393163613036646439323039653334363331633337646438356430303861386435326630
33333433383836666562356464613532383566353530623564666139663839623635333231666332
66613338353934613030306432653566623762336461616565633039613031336633363739393364
30633261303739663233633232636131343935656530303237653066393666306663336263363732
36616666613362353132616162353264363666353838633032376534396637323731623031616661
31353536373061643763363736363834313265366433366565386630623039636130636566646430
33303562326133353564303237366362333766346136396662633734313137353839363639663464
64333063623130356432346437663633333633336663373939386433323739616637383961626133
37333035383332303462306261383630643761623136326132666130356434643530306530303534
66346232303135393164613538303637353638326361653361623563373262643962373434333436
36383832346634336264376662353235373064623735333266336434316135386464363231373534
62343863396364323731356431626537363666646538616534323135643238363731386635636631
32343235336334633432353063633964633735636439323166393630613235666563616439343532
63303031366162623165303365323836306538326636663032303466333563333333643866303666
38643561306665666631333639653631343539633034303831643434316338663064346364616637
33653165663833616337346538623433353236313635626465613530653337363465396165633661
37363065393039343262663931303130316235366235323336346361303461386661376434373261
30663563616431333638653764383232346533646566373366363865383364643830316332366664
33323231353131383433656536396165326331616535376166366434633335396363643039636665
32363065323064356336373132336533343239373532363562643430643366376436306232646665
66306530663030623064366661343832303034333633316630346532663639323663363439313834
63323961383331363336356433353861376233383063633262353961343836366230643163383162
35383139643034613563656665376161363865626435656232633462366461303266376530323531
30343766373034666662393434393437663930336166633435396333626131326431383632363636
34643966663765653032376235386331326266316535636363346565333737383464663039623466
66366130653833633639623535646232396565363438323966303733363639653863356636313365
39386330623637343965316338303434313431353033363539353164653634323230366435666361
65353438306661313532666464363936666663323966646136623638346333366364663237323731
66323265666633333639363838666135306336306561353365393438346262326333363339386538
36313832386230666132623461656231356139343530333565636666626438393939376330323332
37383062646330633634616561653636623733363161386336666464336265363834663630303662
37313133326565383366373035343631383061396434393831363136663464323132663236346366
30383035313862636335646664656435663035336162313731633665336436303937616534656135
30313466396662313264326633636362346533363730316361613862356664343465386665633531
63633662656237323136656336653836626535626135363933323735613062656230323638336164
62393837636234366262323164333834366236303963616663613666336233653262636661333537
32666436663536346431366162386265393331336361636334616632353734303536643438373134
31353064396138353833613062373832303634333965396338343037623331346561396536306331
32613661646162383431633230306162353536646633376237313737633564353435363333303466
61306630643861323332393039383138363131623266363630616337666633653139373566663339
62663131626137616533663562616431333533616464616261323634376366346465656432316562
66313833623265333231396162333731643361363137653431633235613932393239646262613564
36313461336337396638386630383465623130626137363063336131386665313161623637363761
30643261646462333031326565313236393766313831333132376561363737383939626463393661
38316466656132363033613866663466646336323963663633343236643439326561383531623132
35333264393963336431343539373262303164353263646634303430323865306262353931653936
33616365363433333333396564663734333233376264316364666431646632396532333139366263
64353363306565353336366261663935633734313039376564323334653238393236383737663062
35373266633133343938373264363236346166656239303561393661343266383834643234366534
39666666623566356365623230373138386634613463623636346338653439343665346435373837
62356136626434653031303537656532623531326533323461313463646430303234643734663436
37396133333765646535663438313830613730653262656264386464663031363563356263353061
39633064346566343435666635636137346464303733613939323165386261356163396430396538
63643335336236323530393163363763653638333534383532326533313565393837386465343863
62623566326233306232323435356266393864663962383738303933396365346664396432313535
62643966633265386130623164643332326436663332666333383332303664363166653638386230
33623538653737333962636161656565356239306135373262613366356232633935386238343662
61313263636363386431353366623834653033613036343061666436366531336637636338346634
35383363353135323036396666323866643439623364363963383561623362636634383238386434
64396538383135663261303735623134376630346463323166303630626465626361373066363733
37656462313530333232653865613266613361303338363033653438626366353536336566353933
64333730643265333563633033313333636436343862323931323661386634363561313330396333
35616435646264323738653133343736303234633830313635313130376131363330663466336363
39363062643730633039376531316561626535636430393230376263326335633430653339626565
36626666336631393035353132613735653561373431353332303766393562663735616530333863
64333234663835613337663933666433326538306362623261366130633064386536613764346366
37303264393566643566376131363032623933623966386161623333316236343434353633663433
39666232626134313133376532653238636261626365333339666432646431653532316665373130
66633830326662643661333064366261623765363931393564326262306264306461356639373636
32656632373666366138343265636364343837623866343231626136343133313365343737396631
66356264353364343832353161613436663534633430646135666263626438373335636431323633
39633239306136303638316535626237663839346463383337333930313237316531666236653530
61363634373764363666646637626338323033333661323639393934666263363032316239353764
62353231336631313435386661306138306330386366333864653464343833303837613064656262
61373162313735636134303165353766356261633365316138356562623236626638643739306662
62643935373838383237363339643062613333663431386163396262613134656163343837366564
30636233336439336632636333376561306662316464653432616130663030336538326639323337
64653464646538613666636661313532366661386232343164626230393463343037373933323939
32363931326536306535616361613338373337303732613538646263356232626334303165616361
37636364303964386463636530616238343536373031613539303330383537646431393262663765
38666631396366386234616131326132666235383439393762623665373061396231663563316337
66353065656266653535333732653064323231393938633831663534383130396163306163626235
32386661653363363461663735643035386233636336373730336466313732346336373038346536
38653033393764626565393034333965653238313663663731373066353035383239653064633936
30366430663333653336646435626638346364353361333036643965313535323563626434346132
63666230653136363161373539393730313865663639336633313934346562333866616136613162
36326165653331356263663533333033653036383134386564333665613461363737316666633236
61393937653838373431343862326335343632663739616534653138656434653833313530373935
36626137323530333634376330386538366163663466643538613763633639316162633661646564
66636433386364343137323834663532633434303565333032383036393437383161356161656164
38386463373333383533353030366630666166626633316632313839633031623334306538313633
31353462623766343836323132353365616465353931346265633762393332303537626662663231
38613961363439323733363237383039333937393761656662326635633666613035323830363332
30366562646536636232333530363261363030333165383366353362663333633733643331613938
64633538326237393664313635643166633638326539633936643331646630393834323165626535
66613136386562646434623963653637343866653739663730633730376335653735316661336662
64653638363132396134353734383637656161343763636666303331353363663062386333363535
37613665666530353563393938626536326465373534363734343066323837653338626164303833
31663663356437373437323633636566636138623466353136373239623037303536646338373636
65363033636632383138326664623763393863663334653362626532613362396132303631343430
63313031346431386134323735356538373031363833666139623966373137616137346361313434
33376564613733303139363738333830323631313861346131323265343963326236306261623964
35343561383032646661313739633732356564393632313464613630313037633433393135613039
31353530393532373964303961326364376635373735636235333339386634613839376530613730
30663564393033303062643538323237663337623034303163656664316266366334653235396630
62633339643535636432323065333766353130323065353732633465306564366162643563316430
61626239643335316438333663633966373862343135373632643434333732363234343663303862
39386336613464663666376139663665393865373966646136393664613136323135616433616165
64653562383437646132656365336530653336366365643131623835383734386438663438356136
61616363353739363730393337323466633966313763313262386237393765396132366532373033
61656337373131643733353036376465643362393535626536343461386631393464633265633130
34326234643465623732303430646431663965313838636534643038636136376138323564356564
31366332363230373138613263313162373965323561613765366562643237356164666338326361
30383566623538326366656162343865396430363166353462636335366631656139366163376230
64356232393937393963613062316531326162396432393566656431663165643131653566333439
34383764663334383933646139356537653735646263396131613734653335643337373664356461
32363534313165643234633937646234376231323035636665383934303365363230333433313132
66646134323361653231363034343061303932333133633263616135306238326664393466656239
35376437616563643364303439303932386432616464336632303164613133386633633831623865
32366436336135643866666366333761613764323930306330333835396265653139366237306466
38623766346239336161663938663937356334633432353230386534656332666339626439656133
63663039386465343132653334613439346231623661643664373739346233356361633863623561
64316632306562303033393930373232613635313131643936663863393061376566313337343238
32393065376430616362646665643533363763376361303436383761316438346661613733383434
65383431323064643536616130323736383438356630363034333138323930313565313036613638
65623939313935326435623632396130343361636135656565323631663934616433353334346132
65353935613232653239333538643237653538666234633465376132386365353138373335303864
36396135623665626332383533616461313232353638363631326463393364373265333431613139
61643131353835323863613435653034656238313365386363643039376165316632373734663962
34343537633063303464643265663462336165316163633235346463386637363166353037386434
31363038633161663061313038643938396530636562646335323861313134396565636438346238
35613264353638306230623938353030616530393039646338363335393735386235396165616462
31363534363635326162376661386130303430623730633739356136376463393436393331383835
63323637303136333333373433383032363661643165643239666562373032306635303032303436
61386266343965353565366361303233313138373136396563393037363865376262633361616464
35363934666238346630643932616365623730323664633331363035356434346634333934633564
61626532356637326337626432306337616239353230313736663263326362376132336635613965
36323263616332376335666566313961653135623966343132336635336336323636333264373637
64366666323434656438363562396539316233636266323335643264613563303537666138633337
36383161626262623362353963643566373338363166323366333333386139303463373630333462
64653162336131356663326431363037343935313939613864626466663663313834663436663537
62396565313536616563366336313035363863626338356634323131333966303936653034666566
31646635343963666439653666323465303764646363383032643432313061333166333461356263
39306235626339666565396631326633656433623434643438393132643634396466656564393539
33616631323833376462353736383361333436393165363835303164613835346631646538303530
63343065346436636331333132633635313637343937646333333362653836663137326636383338
62353938626334346335363563376462353336323065353762303266326235356131393865323531
38636135646162623939306531373365333865333663353765633665363263306530626231643031
31303038313466366532323962316234656333383332333564326630386439356635356236353032
62313362643866633535376132366632653766356133313432663038653135326637303963666336
34323132353731633636313866303334356663666336303962356161313462333331393666386139
36663835373137303730663630336465393064373839653666326532633365613861386331306462
62303365653462376539343534373339383439356631346332636431623365303731336664303138
36393139653531663932386661643136666235383365386362373134376261323135336630373464
35396134663535303136363763376434396161633762306439316633613164313466633536396564
63393734623865626363373333336635373430313734343533383561646462303537653032616338
32613837643534343230303863373636643363376439623931666165653764313564613136383636
32353564653566306666303237356637386566356537333564656137623430666562623937366366
63383339356537396262326630326331343334666138303234303566653266376362323736616361
33303064623439653162363230353862343034323238333538373433383237393832633462363361
34346632376261356637373932623266626463366134353638373363663433313536356631316535
62333534343532313137396532386266323335653066366462373130613766306538336564333632
31306132326165666230343639643230303864643438306435613961313339323833316239613163
31323466343035323965303134306362666231313431393766636634313836623861666237646536
62396331646530353236376561643332353066626561393765393339396332646430346438613234
62623862393963656364303361316437636632623738623236643838326535643939306364666333
33626532363739303163623736396338363236383063393233386165646266313631353837303765
62306136393531306336313337656136613865616332333637666230313234663464633738323165
63643232356632666430646235356334663234386162323835383233653239303532373238383533
33626337383462353637313439653638356363653032646335396130373362326339653233383834
39613134653537336436313633313865323732396162336636326466373761356437646338346263
30633838663861316635646232653166616232636561386135643066346531393866346336363431
32663937356537363533643034633065663965346331623335393434663835343631343838663237
65333038623233663534643865363461356638633761663437306533383236363836306566633633
64333035396465653039336236616533643339636534396630386334306631376139396430376266
38363665666237306366613963336564343465626538303164313338626566383637353733366330
64613531353464616431623631336631383661646663373234653232346464306363366439643566
65623539393030643563356132396338653265646638366463346338613362336437636339393231
34363232633262323837353536336262303366303836333166323434346363383838643561326437
66306462373564386466363933613365393032386338643431396564663236633331336433303134
38633361616166623665616134666334653162373066353732323138626663623438363333323362
65333632623962626535613931646465376364643239343765386265346637343838343139626334
36626465393832353633333834393030383434666433303938356431633639623738666264663637
61393762376337353936303530326236643263336437636135326237613566373366643963393164
39363537353037646637343136656434636332646131623163363265616336313363373937636365
30383833323830393636623933353261383536366665653439653838313231366262643362653739
34366534376165353738343530656461333964653063363034623730363239316431346437353766
62646662323934633333346333643330653262303436303762653236353036386530626233613437
35356266643165346464396137613130636331303261613339663338356330376236313737373166
37356438643630323739636632666131613133393131636134666430323339663935333966616332
34616336633562653163376135633730653433613661393639656166626134303031633064626463
38386366306338343165623036353762343962306131373536336437376639346464336434616638
65343463313765323865626332326263626562313963626433376438323561323431383339613665
65353336323935303764633165353137343532666631633861393237326132353939366432633837
31623739343336613062333231313239333134613931643735666130366166383439336566373135
31393635623662346237636339653236333532353462353634383836373334643030376563356338
63396465346262653166646466363362316635613565633336333734626461663632633563376139
63613666643066313664363062333732646564643764313162376638313236613435663534633336
32386137373264656538336538346536376237396235333963663863326464626333633036616636
37633336303263643530363661663332663032333634383961626234623339336133333739636333
36376237303263323932326630623733353137353936646663326632386664353138373137316136
66636137666431653833343332353866396233333263363062306563316634323961373434366663
65353765653166663636616234333866636465653238613965663339383339343533653265653662
62316634663366656364376537386238626336363834356237653534616238643833353030313831
30373964346633373464666237623362623330663136346661626336656533616632343638616564
64666133393361303730333461643961633133633163373863623264636636353239313762353763
34316436633231656135343737653634386462653939663864373630656135303966333230613064
35626532396631643533316134316562303136626161613730323261333738313536653537356534
30363430396532313639316135383364626566376263666536323930393762383762356461386232
38393739353536323636626161303736623161623732656335616430326637636361376233643962
33653437636439643961643465643230306565333134333364306231333966616464313431663731
38663235383739666166303662383263396136323135613964613964613961316533313261653538
61626137653633316230663734353730323638303930366362353061386564336332323734393938
30353765656330626636663833343463396364366461623535306463346462383038613030393938
66613934376131353364393032333264396262303336323831663732656238303638326264316163
61633335613039323636626565653136623535343466646537646464386432393930363765313431
37303639326131313135643564653431653064643639353737363535333335326635313961363039
64653234383563383336383162666435336463373266643539356162393139636537336533376233
66343531373532333032396166316138363666373839616534363666366661633134306635386139
64633633386461356635396132393337336562373665616138393134336334316266613431316333
38653536613561376265646262356431643436623966353062633833653462333766643464346137
64646663316362333837613563623031623537343263653364663637356437323231353162646132
64303534376133636235643837646234616233383538373038373964373038656638313331613362
65323066336530626162376566386432616264663861363765643839623963363430323131353330
31386266306332346532386435376532366331373435386364396238393836653337623565383934
30643838626130643132376536313132393861383736356436383131353864386539653839303739
34316433613539643163396365613136366131643536326234376133376334343131656364376539
36336366323265303762663361373531616632373437643835346131626462636639306533636462
64303237373365336662636166383938333165326136396630386166363535306663396433383535
37363333373965616137623238383833363936616539303263366630653235363265336538306561
65616161393764636664356536363666353733653266653362353832383935323765353163636339
39303563633331343739636433616131623537663632353865613539353131613761353766356133
32633031303431343036343231633630663534366130613134323166376666643066343163643336
61626334343161316635326636363938616564623336346362386635643237663766333933316434
66326162303739636662626366313534393733643132346137323466636231383763353961336336
38663534373639366438376630616264616536656331346162646335356235353734613565366666
32363666343231303831616434343531313732386565393738643065376639326330356631363638
63656366616663363735353730383261306132353835383564656535383439653931643732343239
63626664393030333634656264306630306462666361323030316161363564376466376164646165
65363138633430643362396639353765363438653430336531366138653066396163386332376263
33323936336161373732613031373061626333623732356536656632646133636134646662353234
30323537633261393362616366663632383634303334356162646130353262626338353363383237
34623162373436613364633336363930363462396666616362383530616464346634393030303831
63303239656234633130366232393639636663323962346362326430383637323239366435633138
33623465366364636233316566303536343562386661633833366533306536356230653032363335
34353266323035613561633661613234636130663136613435333732633336633635393835323439
32333863306433353966366230326239393461363466613861306237343539353962646635623438
61633332393961376230643538386530313762386261306463316264306563613031656231633831
33623434393233326437336330636335663431393764626637336232626631383635396338363464
30653263613363636135366465303735623463333538333835363931333661376133313561326530
30383732343135623662653431343835373436313133356261623864373466316332306234343834
33393334346261353339633766313432396333373536363865613464323236633537386436646363
61373934663531326261323737643063353130333834663132633832376366333263373530363133
35316335383131353439353465643235393465356434346638386533333165613931353236356666
39616563313133643963343232353861646634386630376530356239646135643035303130616330
32343639633139656666333437626262626137666439356232333436666331396639646334623738
38653561393233396631353263396430376234366238623830363730396531613063663431396636
61616439386331313235633231336661666661646233336438663562656438383065666132383334
38666338663137646330616636366466663262646134623664393666333534353335303464346334
64316539363430323936663339316262653933363731393766366363346261393935303635333663
35663933323063316136313634323565656131343830656132336232623531666239616164376239
66353537613831646231393661623131336231666439376336313433623833376636303034643534
31653337376333396566613035396661343861646234663033343935396163346133373530373263
39653965363161383863656161633832306637353036636138383663626238313161336135306536
61343637643830363133383038646334643666323963323965326438383261653665636234356464
34313237373133616539333163356535333963373436366463373466346335323330623130306231
34636565373466646434633166363933313331316332313336633733376166333135316532666161
37613137343933353634623531366266353563626439336338653639633635393364373738623039
30323436613033326265616462626635393639343432313965303164333861323439373461653334
33633337326361363732313739306238396461386336633263653665326630346136326136376166
65373239383564336464323337643933353037353133333231333261396631646436626261373533
66336463323435636634333630663539326262666434383931636332316663346462393739646638
35323138653732333139356431343663396538663765643936616561383363633461626665303438
66306238616465396436393833613365616163313262363264383634343238636464333538303733
31393132363731633531316539383939356366653233383231303064303665363866626330366165
35616562343966333832613230306438396133663035303135386139303436636536356430633063
37333535386434653238333931353762306531636135643661333734633834333632376632353064
31353436383233393137313462343262313832396164386635666263383034313335323030646437
62336136313839313531636536393636636536306336666530376562643931613837326164626664
31356634383832633235633330386230643064633937366261316535333665333130663565666332
33386532623762626265626361393464623633386131313436323634386563356264386666656639
66313531393965313838626638316266343139323236373031376463623432386532346662353731
33613731386362326434306261376239356539336634323265643436643533373663363539613735
32333864623035383739386336656332653937393166656536653136346461376438353161316136
35313538363237356230346131326130643863393062343830323237333130353266613566326232
64363231646432663564346333303461333239336339663530643035366130666133623165353364
66623433313865623962663431363766356338333963326466386539663432343230666238376631
39363736666232613166353639396532303434396362373563333935313037333133616330396339
62663731306333646366613166653630323833336531356132393732313736323337353238646234
38343639343638366437376531323864626536663534623439663839653733353165313237343830
31633533326339386234656633313430643437366564356334383338393736383937653638376536
63626664326663396138396163336565633333306237616432653436626666333133616637626663
36333231383362623261393333626634313637613332366432363261653632653962363566373037
31373866633566306435653833666661626431303537313233396131356539386562663436306564
35393266316463323932353835346632373164343866336139373233373539346530353730343133
31363336353037326336656362326332613737363731393761306237636161346463303636393561
34333936623738343665303438663233366561323466376539316536356661306362393562663638
37316332613033646438396231353539643833353037366336643031636431363331373630393239
64343265633833633763313162626465393161363436393532383636336238643130663162393061
36633632623963323566396137646566373937306536653437663330373336653662653239663264
62356331313739623534396135376233326536383533396438393131653934376236363561353162
65666330313965356662663936656636336364663065333636396466613631333862363033343265
37393537353865646332353664613963653931646235653664626465616162313937613030393736
64336363383561666539633636316434636665663238346539323137653231386434633830363338
66653365623863303330366232353333366436643061356434663063623862323261363964356333
34623738636233633562316664623630393866393662316464373263373539383865333439323938
64306165646139316232353764613938333961636530363330366366623164343031363262656538
30636235656632386633313639623166633130386335376161383738353733383238353337656635
65303666633530643634626563386536613331383838366333306661393439376661386164363465
66633333356138393134376662313330383065313465386435376334323033643764626133363730
33666661663530363339663239373766643531303538373838306437643266353466373338333466
33663139663461623664386537363331393965613765353139353339356366353662393564386163
33333735333237333363363037373038376663323330323536346662626237376161396231396364
30626135613533336266346634663038316366333132623062393465353830343965343866333235
65396362383337633964303466316631626336363361373664646438663365613465626638623863
61616232626134316239366661646530383632386364356164366364333638613666356635373765
37336432346461373030383238343638363066373431663831343661633663663031356537316465
37353137393239653131356333353335626332353934396266396535353736383738636264636538
62366564616235306633616666346464393638306563303062303631373133623937643361313037
63393665373837386232306161626464363732316131303464353532353162643865346361316432
66303239343264333266393233383163393436633830393637393034613862393037656537613333
65383232303035616230316536343565353336353237376366376139313738653037653931613134
65326436656430333130333933336132316336333164373730336563656334623364386131386364
64663964356435636533383461333630666363663931653334643936373033316663373730366239
36366164313636373138383861623734613632393261323264326436643131326238366338616437
37613263326563393735393462353130383037636366323639383365303062626537356538656237
63646637633836386463393832316430623737633830373361366134313161626462336134346631
31636263316165653930643564636232323735653364333531376637323534346233666331313639
32363331373562623366643839336461633665656561366337666366613339326465376332383732
33393064303932373832336364393162643532646634643963343235613231333530373363383663
66343262356633343163386633323739336462383263376563663163636632656266323131653636
37333931343965366163643032383061633330643566383232653261636166626432323835303936
61366331303361366535616233643665356630386565656232393465666665636135633134323337
35626636383030613032363133306466663164383232643231313466333963313832383937636534
30633333663866313735643133656530386330623336313134393339653762653663333735366531
35656238306339333736373765366131333337326433316138623662636132353332316234376165
64376566356661633239323665383963656334613232616231373134666638353233643061623635
31396563663730666263323230643066303861356262346637363961363732373864633566363861
34626431343065666232613466656437386363316261353733643732646631316464336237636234
39313731326231653133663036363434333733313937626439303364663334666361666130373763
33656130346236363331623839373465316433393162326137386466643866376165653965323237
66623562393335376431323430613233393134343364343165636339636436633366363665336433
35643664613337323033356332356664326533396462613839303035316634616639613933303537
36393736623435613436326166386134353235363465343030623239636639626339336436336163
33356565386237636139633439353630376435363432326265353065663636636561333238366631
39616566316261336236323932663135393864303435623133373461336562656437633230366663
36393864343963386434323336303137646333326263616139303633366663326462393866386430
33326166306361613765386265303337306338646137363533656134313339356164343830643263
63383836346331306632343733353864326261323563306663646532323261353532393666313532
37666539633062613266636338323533613734663036383035386234333061316239346334323862
39643636623665333561336335373362643830356665333132323733386162623734303061386333
36323363396432353436633039353466643835633064646136376632643063383864643064306461
38633435343538663838343336373962633963383661396232616535363462396265366264363938
36313132646462333130303637343132633033666339323439613835323237336234623030656332
36363037386532316434326232623033613731346433636336623035666134613466303336376438
30393365306233333735333066663232613931353830306534636539376334396561353665383163
36643534376530643466373066653731623233366566663836656261666466666235376561396235
39366134373265646534326338313563393935666136323533633633653838626361366333373836
64613961346664353532383939393063313932343233396264646531323135373261393665326161
39306563626537666336303161343033393636333261396466646362353863313362663131383732
34626436366461656630323530383233626134366439373538653438666533326437386566626263
39386137336661313135303864346266616332663563663038356230633764303435633761336337
62386536366138643632343333353836633339346430313563626466356430636633386139663066
32646461653866363339643338356331613731323835643763646335653362613735653865353737
33646238663561336233626165643066656561343230386363393235313935373538666430346664
37633331353139373762346632626663636530613835393130306165653639303938333135333565
66643863313064386235396362373333313533386531356230356362393934663236313061336437
38303564633063343265313662616237343834336164343865613138356636613931633536306464
37393863393037366662336161633336326439633861613136373636396261326165346266346463
36613231646632343833386539333133626564633337343361313530626534656536323237326563
38373466306461393761336237363064376263653039366266303338656535383038383533353531
31316539396563323864353463393138333431333738386432313031323538396161326539313634
62363631666465303130623637353166363330666235376138356562653035613761393239376239
63633636366132373137326431373734313863393861636662366262666164363965316639323961
32303563633561386131626565326462333932663864356537646666636162663235633033326234
61323364623632356235386337656638373939613133643963626166306163626239353964646432
35636232623135656130393539323366633231343337636134393039393434613462306131373163
39633234366134643938616362653262613661363163343233613763633566633930633836386234
61316332316364366132653839643864306636616536336664616332666632393033663232623861
38363838343664636437613334306531333036363935313036376138633832363330333361626437
63326261343232366534646134623866353637316664643364633563623532346430323831666336
36623131323033333832323630663830363135656434323563636332633830646633643461363535
36326163333031633262656234383736373038623534653338353161393262616265326365333161
34343162613630356561373166383362323835613666666365353931666239393138356364393534
31313761313238666239336331343638386336313364626434626132623931396265303364636662
38663264373630343939386535656366313664343536363732653531393435303538316536316364
36623838346231313663356539353261633331336665393032343132623761666238316136623562
38666530646361383935363932346531663537343462623032613166643536373638363330613461
31343433663637373638303963633430643764623439303434613330373534323066346438633065
39323065386637336234393336306665653632383263353839633266333961616535303832333232
31633461353862353364613335323232653536313536373663656162623362653530326430643664
62373261343230626164363533623863656637306661363734303766653866633363656633616339
36353063366463656161353638366335393334396261653536386134386538336533393061633736
33643336393361336334626666623865643263303237666337326532323231326566346531356163
61363235653638633737653734326133323033656332613764663838393032363838623665353364
35333762613139663836383032626430393337343566323839633162613130303233303065356336
30633765333330646535383262626138323562633838343732303865346562616538616239376463
36653737366366663962643663343334336365636638633839363631356664353766333665393562
32386631623663333835356663366463383430366638333331633134343766323764326365646136
66666263643163303866343433366434663635356535613565616465333265643431633138393830
65333938303534646365393161633537623935383335356638313230626362396137333062326131
62376165316533646261643237363235613533313432646364346262613466633261616631383530
34613762346339396663396463663266313430376138656434386266626263326633376530643039
36653538663565363632346539323865626333343266336333333137613131303734353262643037
36323836346637333731613766626536313330336230316165316262333731363362376665613632
62306636623636353836373537653566383734623138323239366464643563396632646432376538
65653338376638616664323237653734326562353063643262373432363234633163623162623139
62616333323439623830613035663531376530303138373165363762636566343630633865653865
38383932306237303362376330626432313033623135343065666539323664646334633835643065
39396161633636323466653463383636303739323238396364313730373038366465636431653532
30313539356163623135313332336233656238393665393531346165396532303765616332313665
35343032376331613864336533373038656534643164643838356462393139643934666438306633
61366161306130326337353538353638643665323264363765343465373537666562326436363831
34623739326565303330363638333535613939643237323039393566313435353434346130366132
62383265336461613337323934646431326230333739383830393635626336666366303239613834
64323661393836663234313333626236323862336336343931666561326665616264316230363231
37323036633932643265633239383634626134313863306539663035633439643531623235616466
38393436633435323137363930383338643363323739653034343965663961323361633933376238
32316232303639623465663736393436633166353064623438353164623334656233316432356435
63656163366530383938663831303566326566653432306634633263653563616239633032316435
37303331353061393631613261333237643864643832623461653366313661363166363234366635
36336338326433323137623365323933323966663539333331373264666439393336666439616639
62333464313736666563323034333866383866383437623331303133633430306261623736393139
61626530626333366136353564333163343363653234313635376563646162643663646462663365
33303330663533616431366336343236383131633337376461666136346366366337653939613337
63666564333138616465386663303031363832663438303633326264363333653033323531383661
30366465626539316639646665336138623837646136626132666464376266353032373366663434
39353033363634326361386133613836343666313762373830313938383764316534373435353932
65306235616663653061346363386433333162326635336533623538353861353166383062396462
39323766636233316664373739663232613065666365373166383438356362613631366336633231
62363139613735633333656131613062336535393265653137386331303864336130626662343434
65653266313930363832633231336339653464396131343532323033366139643338356462623266
65333363353365633239356439643965396264653632643562343533306163313333303730393063
38306162303531636161373837646165333032376638376465353564343635643439656664316563
34343562656265633630383861353936613563653464626332623237623961636164316538353733
34386566373738633733663362356334663535326662353831386231666561373039396662633163
37386532653439306166346233663865353336613731636662623436643261376263316363353536
62643639353933373264383863316234303362313832333739336461393166366363313239353830
65646238336239303063333530373866323735363033313737333238303538333239663461656539
39366265336230323334623831663338326630623738643537626230383364663764386633306433
30326462343437383063366333306635313063326135646464346437346635376462643937353037
38653930626261316239393138353062643737306637316663366334623537663161303331313363
61616564373333376534303033633639656333646361356130356334383761316434356664366436
36386462383833626330353534336163613166303730643634656634326639386331333662383032
30643564616134366663663434646663306135386462666633326130636134303131646133316435
32396536663565303964396165336136616530333237646635313231663963396563633866366264
62333831343564333264636136353531306137353661313236363161663430666636303136636530
62613337336230343831613566343764646535643038306238373633643466623666656430613265
63363465313333393632323230636566623565643563636637336666653636383062653738643766
30323138363833323863646631336536623933366238616362636234376565343236386338663035
31316434323565663165383964653532396663323966396132303464396166633265336165313164
34373661313539303539313763353035366631373538346266353264613665343662656532313764
37386562373231383234336434393037353534623630396137366638396239343364313334613433
62626534353762303030656462626565363537303362366261303833663030353733633339306232
35393032393333393138633434343265613263343237316231666239636462616130666562306565
66313239363834303163626632623962393665633361356638363331303036636234316366323133
36383861336633663162396636653635396135353965623264623566333364326465643437396332
37666339323834313738636265363062343765656232306162623739663862373165366466623261
65323230386166343332373836363663376537396566336264623835386464613263346361336661
61633864386465626436346436663366313935343362366465393861313631663036373962646363
32663062633064393066636435633736363062393066323134653965343037396665316361343362
31316330333263323335383062346465316635346630376534663165346533633738653363653662
66653862376632633662653537613965373035623830323266636534623735313031643130326638
30646434303638653232356336396638633539326161386437613639383266366330613539346337
39353536643931633437333162623562613235663064653138333461643038626131326661656564
39336530313463643031646663626263363237623765656163316130313964633531323163333163
39303461373164643362323065333739663030333732333936653433393162663062373036353731
33616365633063366635633936326138363436336166386534623038633637303631626439663236
66313131396331623138613435623736323837666665383335633636356331333738303862323461
38343235626332633737663038376333393663653739303738613638643430666662343164383963
38643838366164376638643531336431363430666631353963633831306536666435646639646431
34656636613535656263653266366263333733643934333761653033396633393663623633373766
37616433663864633831393431376331636433656237316464653962376530626634313739336534
66613364663837336238633539333432613865323661626463313730623531356239306135616338
66653833643435316566343830393133626664346434353535653238373763393737326265313765
30393334663335323839646337656563633762353736373438326230353530613632363534313265
30373038383836636631376138626166313263363436643362373961346332656262373534333530
38303435333765366131373465376236646361313863636630346231653062656437626333383466
32613932383962376335336164343636323433386336303136383032653335346262653365346162
32626130633637383165613835656633393265383366313163333264653365623565316566393035
38326638383666396630646666383362336239643933343231623565353761653036656261313336
30356362643637663139303334656463373263343061616431366232666465363039363539363231
65316430363731303137666561343961373766396437383664343636623835376538613234363739
39326263626231623837666231616534636266393538353936366664343338356563666136616634
39333663653831373064663961663762653331653563646166663835383263303339346562303531
66346266653565346133626134333538313861666630363961386134636565326131626131656637
38353066323630666364353530373531393236636539333661313730633764376332663164303133
38613762346131346530396530356532343935316335393236626563363138633164343861663832
30663266623262333639633635613530316336623639313539336662373066323564366163333061
66343339633762323336343939323939303339366263643330636139383339363431386237343365
31386666323262313738633132623063663638346265653261356532343737393334383162663839
61353363386334353837393964323165653864613863666636646363646333306338656331333365
38643231623665306337646665336334303332366666363736653932646638363161653662373134
39636664626436623939393330616634633836356161306337623036356164623936643935396265
61343134366636303538633866366530343435653132313066343532613039323230656564356239
39373333323735363136353961303436666535313965636264346332643433323666306666373366
30376162613963626331316239343339366232386164323937663438353162313264376236326535
34653364363936313363666536306432666336356138376463326164316463393632613336376235
37633832326232393730323933353262626361616533373061303239663638333434373661623565
39616336373165666333626431303463343065356564396161363134393264613233653365636539
30313230386263653666346663323431656266343530616535363065306537313436306434663939
39383937313038646563633264366239656433633434343130623662343036323230616461346433
36336537663066326337636334653034633062353830663763313337376535396335343566656264
39333365653363313438626230663164303933613461383161323964386237303230363633306566
61306437373133316637323737656333303237633730633966353736326234386537623366333739
30653632316663326133346362626636386166366563653633303866343739366631643137323138
66383835393266376363376237316162366264386435336365643931663035643635303938386230
30373133636361656663616136333535316533366265373136346231643036323530366264396333
62366538666232626465336637323564356436633038663633663165313966396262636437373362
62353464393661313532326164386463353361333937643539653639653734306331666131373762
35383031306466323064613866383464623834353239303332363331656530656161663632366532
64393965613633333436306234353730616464633037623938366362363765633334346132376465
38653965643062326634333336643531306166373539326533363436633431643536376264313336
31653234356262336634613763306366666234613232663839613864336163323062356165646365
30303539353730396461313665396466613430663833626136366135306530383035343962396130
34663235633130366666333938343033616631616363353632333739373062316261323465666134
65366435363135343435303939643661663961626436646138306262353430303634656162336266
35393265643230306663633662303166623066663066376138393465346433646666656130626336
39383965613236636633366461616166363237643231356665613835303463613036306462383166
35313137653261636162363566333435346561376637353933303231393532393237306432613464
62343962613562633630616463323437636235326465343234323236363137393332366639383532
31363339393762633664386262323937623637313961366631333066376239346331653937643130
37643238663665396232613539613734393631663637616631366266643062633635323066393739
32356533396134643366363538336534303535373538623736313538636134383565383634663630
38666431303234663233326239303538326233356463343464316166623033333833326564333463
62656662376235616531663636333634646461383435363034346235333733353362386363613765
37656263653330323134386235376531336437613738353133343834656336643238646336623563
35336361613432366539376136363434333732383031666166616532653838643939386131333830
39626437646464633535633861623431623034643235643934353464616265623433623230613765
64636561366663333964353563623230666565336433306438373239383862646635626636616362
64346339353664626261626339313035613961303534376135323134303066633737313364643332
35653339316336323261393065353538303266643062666230396330343963616165363739353233
35353965623966323033623935623439303237343530386666356332383063393733316134656363
39666164613162376663623765653261643931646465313333616230373935653336386530646261
32643237313662386339333066653036646265663933343261313833653662636132636339626336
61633665346237323231383262643238313466343335376330393562383363333932346133636165
34373530373338356466326632656234353464623663303538613732353463326138653537353631
34346631323363393337373764363938613137313830376661663362393466396461613139646630
63623462343532303061346233383863313032653863633038353230613439396430393831613965
33353763393666643937323136636635663766663737636232353034663966613133636438353831
66643732303666376566336634623435306463326535353838336133616331336239333335303765
62326334616630356235623638653431613265363038656466653865633466396162363837383737
65623532393632623164326635653461633337643962626634393438303130663238373034616232
38643837623639393337386566653936333133663937336231336166353163646161646231353532
65663735303832353537366336383865313236636537633265386532393639343930326637633236
37633032393533336432303039386166323763383062626366346363623262353733376539373766
61663363393261643433653034663238636431363635303535393039366163633738353862633166
35663534393962623765343738386362356266353539643636383339343130336636343166653863
66623535306566373937643739356439376432666463366236383532323033343736396130363131
63393162393033393539613061633634346439633330383061613137373238363166366566663464
65313465336633316334653161633032336639303632363661636135633163313635636661353739
30343262663163306631313030303436373165383664393064646530343864613638303538336134
61353236636362616537323361363630623237373435326263303138316637393231653739316564
64373339356437383339393438646566613332326630353732613266623135643139613864643639
36623133333533363866643139383564386664623832663333333332653636666530356337306532
66306566333463396535383637616332353261613833636537653438363031646237653431636134
63373535623863363833356238613362633036366435336465383534303163653331393439313734
39343632383066343565366162633766623435393431633839376431333138393330653830646165
66373239306239653233306563373738383466393038346532303332666630653730346266633062
66333164396133303965303830626461666437653230393634376332316430376634306462616235
38613335366531356536343066616330343537303462613335323034613838316163613838633965
39346266623566613364316633663535363231663936396139343939386633333663656562353464
34326134396631373733613639643066643463643139313231343531333361366463303861313634
39393832386432353532646265653161373532356139326337666632313838376633376561353831
33666162653862393433333739366363386362343431653933323838646263396535666363363662
30613039633434306466326634343064616331643631363639396463636131653035383431636431
30323437316438323064633735373238376630613966316336623634393362633963626233613431
64346661653462343036616664333663313332626638393638346637333136393166656362353431
37616639343139333066373962386265376135653462393064316334663030306635636230396362
33333538643135393835376366386633643466613937623639643132383130643765326633313366
37333738633335356433373837353138393538663539336463633161316363646531303130336233
64363366363733306364623330356630633363623836393964353133353338316335646463653331
33363939366234383661383739366162383734633566373462343634333065666430383432363537
34393932643431653761616164623161316337636466643566323130336333643030363437303036
33663362633830663735636638386334303638333961316634336333643034646365373161393561
66366565363863393661373565663732396466346430393533623564623661393634613764383262
34363530383635613563383533376330383433616134323334616333343438396664306362383864
64623463396234343432643261313164613065313961633465643063323830393230376637636138
35333737653132643639376137303338663733393465616633303463343539396635613166363565
61373737633466616364333632316338623865663734366339313365363134663563626362663233
63323866363133313832303465636562313164613534633163666161633864326266336136656162
37313838633766366333613735613331613235666531653064653664643631623732643065363462
30663033613437303466343563363466313261336663313732343361346665646638643662633561
64386432666630353731303162386635653735363062303736363264363438656331326164633634
35396463613333346333353836393032313931616330303866313031666434316362373061636231
65363133623366333234656239623036643230303262363336656638336362646463363335383536
35323832396536643831636532303562663838323737663966333166333865386339366230393436
31333635386337376365303333313265376130613039323266396464383434636535623862346234
36323063376264313839386536306231326262663337383435363236656435313238666262653837
33633263323331323966396435633462643033393233303162363933303461646235373634356333
31303639633761386165353035326263656236376161343066303730306334356637383561613931
33616566393236666138633665343434303436313539646333666662386165383834373835326665
33323261386465313031623631343063643664303464323838396430323862326438386439623231
37303366626231393431373561353830353961353733316536633062393634383864616266633731
38656665373363333337393131323363336534653962613637626233646465393736363037373263
32303034643432636264303139333530663530626234373963656532343932343735333564366530
61656435386133333737316564333437646634333931633862343138613433346635353466373235
30643162646231383161656564316663643063313463343833633435303630613732353433613338
35316638646635356536366539323138386237396230386563643537376664653531336566343136
65636338326435633633643264326436656563643836633834623336336465626564643435323433
65313932396232306537363364363965333866303639393436373663666430613765363866646666
38306638626166613837313238396339653564333734373132376666656161666436326531326634
63326133363835353331613265653264663634336165656563366230303464656339376635393434
34323931316530366133653030666264383431326638313531316563386534643864333837353161
31366436643665316162623838366135353034626539356664616534346137643938303730623434
63363431663635386530303138306335333739373937323330633430653466646537613838363065
37333665353137366533623932386635353861623235653834623637623964363335636330656238
37656433653639616361656238336639613332396238373364376362383231373438656464396630
36303034353935323362653364656335316638383038306237396166643663616362363963333632
39346338313532663239636261396466363162623031383736636464663434663739666562613334
63353135363461366535356538353138366232346136646666343065393235303537303465393764
65633536323962363534643463383130613831666137363132663862353361303163643063323338
62633865326231363965623665633661333966353333316163393032666135613534396630343335
30376436653363313139663564393635646162616338396431623134616634333338613965353531
36663466386239656332323062386665383239623566373730343038333032616136343936643334
62653637336635366463393532316166353161613835336635336532343037306466343165343366
64636230353234616264313462636262636462663631333966393762316236316335643332666466
36616435626461323362373632663830623631663734656364353861666536326662353064656239
39646636333235343966343064653466313137643738323339663331323531373062646361326562
30316261643231623564643335396334666439323636323238303337373537326165306262616337
35386162633937376331326437346236383361353066386531323233396266363035323835303336
34306235393536616430343937343163363635353037646434356436303265323936343264666637
63393632333837363833636534613561353263343637373335623538306539643261613336393633
36356431386532383866383433393132373466383462383163313634646232633563313939363338
36363764366461363538396436633662393666343761383033343632363763333065306537626236
65373565356535653863316563383962636365356134626332613835613536363432616164643666
32646137346231623531356137653562393035653938633961303834333365396131633763363238
61353231366333616533323330333565356266346435626432613438623130363564393935616433
64383233333038626165613966383032633232326539313134613631663339383036393530343265
62343232363838333561666464336166336661346563346531653531356461393635353364336432
32323738336463636631306538666339666566303161316264366432643737356366363266383031
35376165333832333231316565326332386135393438333132396463376664636164663263376631
61343230343137346462383232333864316234313962343936316464396565646136303931316437
36353233663632363666353738636465323263636638393335383139613065656363346130396562
66363435643735643663336163626334653733646365383634353664313532343662343031316138
63363364613637386162313961306162356634663461643435613232346264613432333563363234
66663132646466633961653630326238396662653239373764363566653331626132363039303262
65396164303537323938303266306663666339313938623664623864316665646631363635323564
39333435303164386533313965663930323736393437363261613332313132646362643338646637
66653231353939663832303830323438616232353962303535363938636331663663353338663238
34396131363637366330333137646666383235346166616162336434356234613466326264313233
62313435646363363835393063376432316366626233393431656638313337313635313232326632
34363436386264663930333736303236663466303833633534366262646633373061363332316439
33613965643735353064613730346632366263633663653832626630353661633939643832623337
62366661333064623135363662306632323232313665633762623166333235353561323063336137
34373830336562336661306332306165663161326337316634303938623735656334383461316135
65616566636537663034653461613539303533636536343238613735626431633961663331376239
38626635326138393065303363613764616437363935346165656564666236623636663635323931
64353766383337653265343932363862343566633832636365643134383832613732376237663535
31343566356462386132623632633865623433343435313431653231333739373135646465636562
63613330316635333032366131333566653439636331303735396435373063383139626434623831
30613638336263303030333031396634373262623035343633633633366664373164306331613534
37393766363034656263623233633439356133336232663962653632303337643139323262393635
30616362643663666566636439313264383030613435393465303434643861313934393834393234
31626339663063623962386665323737303262383237373266626138643733636632356139653733
33366233343164366330363139346664626364613936623236343838633663303366613439656539
61356561383238636634343837613437313966396163373338343636323735626637633165363832
65633237326431393266636139353536366132663161623762333538643162353833646564393035
30366365353463313166613464633932323066363230666230393564336430316664623064333362
37656364383861393439333531303934383731353132353532376233363564393933306430363564
61616636383233323731306665383438616335633537303664326131636132333964363931306639
35383135353533633065373463643463393639343634363963383163393630666666656235666632
62356139373437343962343766343538336230353362336332663062343666626536646131363833
35626466653364356134616362333534663235353661663166326434383838323130636561306537
33353234643665363032393865633365356338653164343733326631663365633632303330353463
33393638326634343539336535333631306137653830366637633337326666346532323363643836
63316130643264656434316663643732346230353638653962633663653337656432336630646236
30333363666162623463386237363731646333666638623634396261653734326230366365393836
32353839396264313438316430326531643961346464306365363136643565316465326630366563
61383439393133663836333963663766623362386639366333373332323534396235636130323264
37316331373266323731613436623037303037323636323139623661363439653633636465383530
62303637613935666331663036313230333934383936656663663339323139343362363564303962
66623264643863363132623530376662626266613434356466366638346532346162353864376662
36313838333063303732653937303830643965643264346163376133306434643462623337643436
37616431643130613536343933313163613234656163386231313839643437633961313931623362
31363563353636663938326239643332326335333365363562636466393866653066623030386236
31346434353031653462353631623264356531326430393938323233386236383737663139623261
31633133326165646338326439373562373661616662333861303565353235393932666466303665
35633034303334316161383131653932626638386632313630636561366531323562333538353063
34366164333565333130353963616232376336656439613832643966373334313563323036303136
34643265353432393762643666323036623361643262316234636638373161653863373636373137
65383639346665393064663732666131656162646265623366366536616664633263303934376266
31653937376562366533353039336335393661376361393630346233626132306163653436393539
35323565316232346530373537313066313739626163393932663634316636336266383339373636
61396534333733323631383565306137343338313962376333366333393431656539616435326264
66303366303333366334623963643334376264663338396366643739643265366236393535663366
36323831383464323038336433336366303530333666396134643134336435333762323561613531
61613665303938633063313063356464383132633232376233616535616533343162643561386533
39336363326336663134623238356438303632663437383063343836313865623234383238376663
65303437663137343032303932656364333032336339636437646161363264313664316432646662
35333662356265306639313033353465633864306665363565663963653761656534653538303065
63383435393234396262613233303466636662343033356131643765656334343861393463666539
65353232383866306532383230623361623263336231623162346131356532363933363965333933
66353036666165343233643864623566306536613666353563623166326232633531323438323536
33643635343766373334353338383035303565383137326230636331666665383035333066366630
31376664363339626632663235636361393430363832656639666530343263613562643561356166
65366261663164316636356330353931336262663735323131616366656435623638663465393231
33313137346135393865353362313931643564666563303035376264396661336635356238363139
62663036663766376530393134636662663361653331393863656463326164363037383337373161
34623831353730366661626666653438636365373433656163333839656438643935653266633765
30623036363266623962663233323666353631353838613335663863376162623834383530646534
39356662333239306332393365346338383631383531343537336630303231366237636466313463
36613061323330666638663137366361636532333066343330336164366566633230323465643237
30383136316336646264313438633462353731363838643563643963383935333930613363336638
33646462353062373965613730303066336332373763383638303966373337346538316264393238
38626334353764373137386161356564363339636236343136626462636261643038373865346238
37646265376464303165303938373762666332623036353538376261353138393366356236653233
30633862613332653939316638366263623063393461363465316665303332346337386334313237
66653933336630373831386563623063313033303365616131653562316461626430393962356333
36336562373335353737373536303139303766303435326133386532636465373039353332393631
37663732386634653063303937643133333466646362336662626131346661306638366333653932
36323064633436343939343163366437356262356664343531323434316165663364353031376434
36303161376163373766656637363835346662333238613866356665616130653965613262373534
64343939323464303135373937623832663863643435663261323336353137393966653737363565
34653731333161386464343762366337633566333765643831613631353965333732393764376339
65333330396464356233613531393833333964636239323236363139393138323934663839623138
30643938373531623761623830613665633135613637313037646235306562313763346233383833
33373036663132366535663838323037333465336664393037333262636464356135356633343266
36333131613966383435366562386564383830386137363932376361636436336133396536323966
36336363653036333333316538353631363933346666393336323462373236303461623762663366
36633635626563656366656336393034636136376438356134616133346165363937313938373239
32336363383263363331303066616434363063356466393331323938643937366237306162656333
32633739326463376631633963353536376636366261326164316339363139653465383563393037
64613639346333633038313830656565346630376163343639303139336663623762326233383139
33353239376437653332333861646465343631303030383634643836666638393034633539326263
62663166613433383132386461643034313731346461653936666365303364333563633466386166
62613932393538613562363361393363376332323536306631336136353539373639613535653566
37343936626535646538323832353232646636316130646163383137616535323362636631336237
30373762393863303934633739333234653233356430393138656239656138646330313039613339
62356134306631303863666338396539643766653938343837313564326461643632333031306363
65373461363663383233303737633633383363353763363138313264613765303834616266633366
62343264613439376234343763663834313031393232643433333066333465396565316238393962
32613563323638353665386162323463393861666639376230656166626464346433376236313862
39373635656134316535313965333431653832646233353535323061656361636532623938623363
32393263666236653665623533633538316437323234356262643532353734356538316461323566
37323163613033396430336332393233616338353765343538656665633365383565376638333033
36646261386331356335303763663134666261303835383934323365353630303833326531303164
30356164303330656334633339616662373765393638306634393439363939386339623835373461
38623136623638303233363830333134626261323238616164366664303134383865373438613731
35663837646563306436636638333935303166316236636638373264626138353837383431393736
38376237646638646264633264633666353534386130393537323535373666616333666264303266
33373065313331393133323136323662326132623332316432653132323934383264613736633236
35396432393731303433346133636565666332633734323536313664633138383330373138626330
62373532326336366266643064653730373032646263623661646130333864613562626164353363
38303938323531303663626630626663356532353238343637346666313439326232666366633165
61306661303134393732613537613234373566656633393263306130616137393663343966366236
37343431323832363962653039336164363230313634303439383936313237396664623766643361
62303032303931653838323465643431376365326333316632386466616536386461646631613231
33353865633635356464613263346431656564646332376237356334643466346330653630653031
61303339396137326535663765386631303437626133323661653434616137303734343334376439
37633932366564646134356535623466366436376537363735343764646465373739346261613433
31333465396536303764333433636630663330363433383330656439396338313264383130663333
62343839656637393539646363623635616130313663376330363936663035336365646335333961
36373630663063623764623238323636663936393365623035643166633462366139663039313831
30326462666437386134383232353735303630623533643335313233333437363236356363333766
64336438386238616532363532623162663661633239383631353035343465633961363434613132
62343161326638656133636266616638613566303665623334363433663636383430636238633830
63363433373832373435643932383931383139633365666662323862383733643136313732323532
36326533663532653635633564613033663034333862626266363536613634303734
