$ANSIBLE_VAULT;1.1;AES256
38373838633435316262616231653165316132316365353837366165383463333838633730383036
3962613831663330663566313464633066653133663435370a386339376637316365363563656430
63646461393963343535323938626666653830616130333361363935306130363937393530303039
6334393239643566360a386539656366663965306533323865333063376638396665313234653861
65363936366163393332646236376666336137306639343634323432343739343835306562383537
65346138316339373532373162336234643761643832636234623064663537393531343138663334
62306333323237363563353836353266626430373062613737363832303031393137323639366538
64393736383339306566653235633562643965343939643433666332376466363262656332353637
33353639333836623434313961393363366537386161373537626266626636393062356130393732
33313936643861653135626634393037663931643965323861346534633033343631336362353766
31373163356137333839646530643834636431663762313438376265653866393831346165386463
36343564326431316136633630383338653530646535626162366363356461643161313162303636
31616465393635323339366434613737336233623264343463356161366664393235633764386536
37363437366236376661636135633965636264613132653662316139383761313031623931653936
30646664663461396531653261376262383736666632623266326661376432643439353937386663
34343063626230653037313730646636353763363461303162646133323433303534626562653433
38366666633662303061303333363837623963613535353530623966666437613538346166363231
39633239623530343436666661316562346234306263323065353166663134666363386565623866
33363361303365353464613136393631613736363666613862396361643234366139663666643366
31616139303762333264373163353630323865323837366464363131326665373736353532643732
66356432333835346662623537363237366564656137623263323139316639306461333265613766
62343536373434356235616532323033306632363036373134633736623361383261626239666430
36363331626630393032343535323234643538616566353562623964373033326539643732306462
30316164613531353338316233633534333366346137326434633739663161303763646565326639
36383537353763323861336533383662306165336362353830353735396461613236616339643062
62613537303133316536303763386637626463396331343337376465636663616563373239316638
31656564613636623738666633653465303363373362666539616164353163653530383066383730
30343637373137306163336134303235666262646239333236353634306566623338323538316435
34653135333863666531623637333364616666656564613865313535306430343566343465616232
35376231363030366135313534356666313232393862306133616134356239623261343964636532
38343764353037306661663639633834346662303532633866333232333034623933303665623163
64643564373664343466653437326637376264636664373431613766303265666361346662376366
62333439636238656161393164303739373838303332396466386565373035633637386138323262
39626666666330306234363162393135373965646431303531363134633233316635663562303831
39356663396433353238383432646361323939623964626263323431303634333731306435653731
65333738383034393935393930333631396433383531613764633265396364396437623534336361
38656432336439656665366434343964633863366131393463616632616333343734373738303363
66663136303065666336303761373938383065663866343636393166643330313332323337616539
64663032336464306530666435646635393035323231336239636563363630303064623137383531
31323231633635643535643233306131376235623438666436373762343863643535663231363365
66336565623864306365623664343736326238633032393861303966653566316139393766346335
34363638633832663066366533613465313230376564333764336565366565633336636666383235
37393764316363363261646565363263373463373864303737366164316465636363653462346336
39306666363332383730653664316362396431653466313366373963373663343539323531623862
37343838623430653262316233346338616434336166306164633939323932616665326535313433
36623632363431346235616163323364333430336230333062386561626361373033306335653763
31663335333966633737616533616139303334393231626364623030613532633664633636613931
34353530633462663463343237666637373561656634386432343332313736303832343539613632
38356262363237666330383665393865396631346663626637333862353439366535303033396535
66323835326366333131653631613332646339376166383139653739376638343235343564346233
38373636633131373366623339656338373239343063356366393431333633396563613639313437
31613662663334333961363730343431653739623038303436316430343865363539363438333165
34306266333563303135343666386365343461326562663261613430333632383533316466333039
36353438306235616431623432613035616337653335666161363166323363303266373831376435
33346532356362353632383962663864313764386362373865623665623430613134333138633862
30613032383864666466616231303536666630643566393861646535313438343239336436393837
66613466363733313338643463613339633261646466336631303336623638616638303965653830
34376432336639353633363939636637303763316462316637313963383338663363313438393662
61313666666634613034613231393462383334303639636566336462633531353634386435346666
32653864303839386637333965393337623861393338643965326261646534306163643336623835
30356538626166646336633237313534343263303065653530306237386263316332363834313065
38616230343836653264653865633637643137376538363663666462386162643139653834333361
36613266633034366161336337303966326363386235343937373838323661313661386164663662
66636362303566613163646664616531656464363862366531356364383132353632343366646139
37363165383531333139323638363063356337306638343263353834636162623938366162633663
61663739336339343066626132396132353037373465373062353562616530633061353462656333
63653831393866393864626230653661653564633338643238616165333430343561323338623733
35313933396439623031666633313136336363356432393161336236343363323638393165393435
38396237613535653533323035326234343132316136313837366634343136346633346130376561
36393036396533643932356238323864366439663762353337653734646165633964316430323738
37346437623466393236616163613037346637326636333566303734376330663033616262666564
37376134376338336164343336396235626361383264613639326563303664316631383663663665
63653430366162643362326130303535383734636437383633386165623461363033393161323962
64373334613866633563323033663563643765373638626364303363356332666165306637626461
66653135396163656337633764306564343931366462333133636130323436636532366462383261
31643531343661356339303664613236383235323236383636663937663465366264613561393133
30383265393131386130326131383730656164623033666135393364366165663365656335616132
38666137343136303530353035363366363261393064376631363137326131386230643764633435
35613637663166643862323339653062613532633032393438303862636534396631653439393530
61343134643062353064643732666533383837383063653265643331613763613865613539343162
61303966653537353662623635613435663435653063613733643036323462656137303137316361
39663337373466323361383231613133656430623738636563356434313462303963643161346162
62636332613533393535646237333531363664306235663438363535666130663439343630373264
34633239333661633436656439303734333330353938316635323961313737313531393136343962
33356464303036656531623131323532316337363035363466343962393638653733656535333939
31633439356437636237643334323934313031303030636537353263313366336531393066373462
63333561653066373831343164626266626265336232643034306236653130616630653437393364
37373866613262393065653766653833666639393137323137646561643334366465663631653033
66623932303930663266633136643235653331366335366666333932323533623430633431363064
66316365626632383162386263303663646662363831306337643536626465613766323562356662
38336237623939306339333064383935383665646135633638383431653435653931326132643331
63613166626539313933613238666263323832343138346162343236343831633264316164363633
66313934393634653233323239396166623732326337633435646132663663626339363136633866
36336637636133333731356531396163353866323636633132376661363039636333363930633566
30623963666535396564353062333438623930653131386234306435616235333436623939633833
62656565383031666465343336376334643361303337653735616161333962613339363233373065
34613663336563663530633763663930666362313936303038653761323563343733626437366463
36663231663734373034303432386365323663613036353565613736316531666136643835373135
39623132663635653065396266646431353763633534313565636330633731663162336439373361
32383131336439306265626639326338336562353863373234333033393766616262353034626565
33666532366264313837656631383239623633366336633665666336373562356335323931663166
61323133653339643339613935633465646438643634623934616238643234323134623134633633
64666334376362656364326161626330643131373762336135383339653262366664663631366361
35663233343132333964653561306165303566313532623333313933383438343931343763633132
61353735306665643065346631353136653832396130393665303131613435373236376237653732
33383733363237623031383839633533383961303534666535356636623166633532393563396166
35366432626137626337666431366164316562393231306633636564353562393336343833373230
36626437393933623865323131336431653939336334663264656633373333346633653237313530
62393230336139343236666130363530366365346536666631666365303763343861626333646639
33373164346236623763326261636261623562623430653462313062386161383464643439353232
32376135633134393633383433393134363830363063323864656465356566353261666332363432
37663566303864383664616233666664373139326435313132303864366431653364373938346665
32643063616364663963353636356236363134333961303933316265336235393761363035633234
63663031386534636233373865653032363237346663663934653938656164323533313163386363
35303030356263376633643866383634643765326134303332653039343261636632343866356363
36313362626365663831373566336565623838623335363438613439363132636338646364626636
62373863306534666533353234613732623462336363306564326664323238646339656131313633
36663233303936623165363763353031656432353134636466356365323665323532326339663436
31376666316139353661346433303637326632623433373961346364353730666331663439363062
30633463653563623264343839623236343563616435353465623738343036653131656665396532
66396266363666306434643337376435663130333133613632616434663531356539386163666231
35653238336164376435613434386165313034646338386433363930653063316235353938633431
33393932353766613866663734393066343538366335333866346130653531363965653865613665
63316633626364303235343933623834656262633365363430323331653731623031333161616663
66656165613261336136353434613166376237333731363961383530343438616464383035323964
35643065323063613062353237353338646438656266653932343862346565616435393963303433
30643536343131356266616663616264313537666538366164396532303232366462316132373530
30643964393663373736303365363239303161653065303465343966643332643932313965656164
36666262303837316664313037313432343435393939303632363866323135663535623731666535
33373731383862396432363939653030613334396531356566373239353038626564653732383735
64373738303165363631343335333736646363653030613337393362313130326331303438393932
63626432386163386462633133323264336365386561326334376161653834333838336330386136
64363634343666363964383238303564353630376136323362303230643939613231363533336663
64353266663632356164316430623464663936306134316136316265333032343834356133663334
35613033343437353261396163626339376339623633396130353838363234386538336133383061
37336565663866366433353262626563616130633265663066383163613631393738623932313261
63313963373932343639613838336132313964643630343632316432343562613432363933346230
63313631383237353563383566623861613438613862383831643131353561376635333832376136
30313936636135623862363136643365663638353336363061343438356431353332343437336134
62393265386133393661376535326131363733313062363733316338336263333061613138313732
63353835653032646235373030356439366262333563613865316634313465646535343364626166
31366536646533666265653733343537306534373236303835353062383735353336656139633833
39613863343562303536633038393864633936393633383565623563643934346334393262346530
62396461373232663035633939393864386339656666663033313437363838363961626536646532
31396166393365613062363631376462373564383166383063323361343665333633623862356337
39313932623035386433656164353538616265306366396238633731373135373832303735666466
61393530613663366237633736313335376366373237356532643063316638643432323630383430
65396264366338623762633837316331303931663930626466653334646436363866366336356339
62646432623766393435383031396534626630346135336266653865353338366332346538306136
33313166613337336230623630313535313864383533326665653936633832636133613761373863
32343862306664333039336263636639393733303233376633303263643264326531636237393063
34336566353038363135663432373939303662653335373435393939616334386365633836383666
36663636356638616663353035343738333230363338303233373661626638626633333832643230
38646363643138386233363635353861323362636132333533346330653133653865306164383161
33323037303566323164333434356663343337303930653833303738643864643865356436363966
39616662323939303737363261366136666437333932383235316239663938356165323930303131
39373437636131366635633433373434303631306431393133393765373831306134666463333035
65623439356134376663643537343330313939623138386339663535646165346462323431643166
33306435383061333432656464613865386134636136656462386465303239383836313433653337
32316336616130623838656462316264306332643935643236336431666463386563366435623933
64313666396164333465636262636461656263656264356336326130343165383066383261373266
35373462623732303531333435663164383935666165303133633332306462313537663637623532
34313765333634653937393630623430303731323239623833613333376462393436393765393966
32663638613739643539346137333331613031633433633737663164333764366234663638383931
36303561343333636564343261363533633435333166646362646138633531356638653234343032
32356133323464353865626335643531373436386238656464666139373966313731393230363662
61333937303832666538623235623264316438643433616565616464393132393862303937323632
61373466393866663232396430313631323231653263633138653639643333636436643538633163
62666435333437653962333333616133366434356161306662366231356137356138393733383532
37643730656536346231356632306331333864636161393637623036363539363936633735376633
34643465306663326432646261653538393931393864306433353133316138646237306534386632
36373837636532613932396466626561623365343734623739613837653339366230643531353033
34386566306235613263663739653963303832633863356636306631386535396566363565613037
61666139343630366439626136646135373333356634343764666335636133333164313564303030
31313866336238333131653737366361393033373437666664313931366264326139663035346531
38353232656534613030623462373036663035386432346133356532353530373239323861616665
35393234633237313434363332383530306639353631373834336138376639363539343062333837
35376438386233363463366539346361373931366438303738656665336665666361663336656535
64393933623437653463623161346465383538656532346533376165316432333939666363313030
36653735343662383661636438653230373763666464326264326634636562626463393235663564
37653464653831636565386565666363663766616334323638396434313239373638666637633135
38616134326232633862626364636566623966323061613839346532626534666337373765616438
35313763313335376233316633363030343134626237643138643233393530333765613038303232
32613535363139373437353133626537343766323535623930633933363265303434336536613330
65666433346230363830623639656139333762343234343137663461333837333435343435363362
30393035386534306464646131393332323532313138613166653963346430326533383765643534
65336464623262363031316137336666613563343961306335306161663339363830623762376163
65333561353262623237313238363234623236323765303538663033333236376338663839306231
33656166613139353266386638366264303431346438386239653361613535626631323061616634
31663434633930666539303630663363313363636464356161663161326433333732633866313738
31663464613032396434633031346636393863353230313961363936656538363832376135666637
38336533633265313730313238333665306234303039646566666637306531633137353130643932
32366338356136656432353061653330656366353534303766633435373330613437323132333566
31333032353164616638633535666364653966653039613039323765383466313664376636333034
63646164663964613364383738303562633362363732353837333231323336386432386336313933
65396164336338666366333834343837323036383430356162366137363137393431316366363435
63383838326231623137396565656263336565636632646465643462646163336366613030313430
63623334643439643933323933643030353830653334333335633935393438373037386165666139
30393363383434616562353665316166356431393733663134373534623536393161336230653262
39626430393366613464303034323964306432366234633636316633653932646231623134633039
66316564346136326531313265613961663330613362376631373838663335653263323533323235
38626434633061306137656438663537313230393338376230393563306139346639366437643261
33323665646232373839626364363462343161383738636665633234376366333665346162386265
61303937396231383963396130633931643739616136636264396231343234363633636361306239
32623239323766613766313331636530313831373163336632353964633536303064633462323935
63616664336338323031306432396332313665363265343731613061623063626363663633323335
36653363656363366237656231313237366462316638633434343039623065313863336138656539
36643330626238666334363934383539643930663635333139353338376261313835646336666439
62343731356264666137383264386663376436323162643362363233653035353836323866316561
62343036366637363862636233656365303030303238633365313463366633656162326335383236
65313636623465623461376137353361316135663236613364386463393162376663356166363939
63366364613865663338343163383263656334613539616263633161303834343036666433383764
61326665343164343631656663653136643538333237396261383463346634336163306634316466
33613235636536326133613464336361333938376338626139623533373862613830343665306439
34313837313335366532353733656235333661393132303230336265636262616364376233383564
38633837326462306631333439393436343937376634383630303463643165633539356537336461
32306139663966643030663930613064633933316434303336616338306331613466613736656434
33353864306164626566353232646439633833636463373237653234343237666233386365656434
39666562393635613964393635333062303137363164393633613166636566376366656633313331
38643838663235303865623165373730656664663334656164396533343536656233636366633665
66333462393764616338653937396338366636636530333933313865613062333130313236646166
32656138353761383035623733383533313461323033633534633464393239643362376366323337
66613865353563336633316261333339333661373733376362306139386439616264383162383865
63356566313363396563626336373636303061313033366163336130646261346433623037646665
38343061356166636166323931616231393561613166353063303861323862623538396537303938
32643166356334336430363330666135336230636562353130313537306530306663306664326264
61666233383638633138633036356532323930393964333830646330333536636339353061313030
63633431333166396365636434383036303336653634353532636165333463653961643264363465
61356233613139613731666464633433326331376664333737323663343736663064646138346662
37356532303863366166623634373735393266346138393934323661333832356563653637393366
62643563653934663732343261646362646137306666646135383662303663353731333439336639
32643531393233386330373330623836666332323461633137653133393663626437353832373830
31383764393062663633356531666536636636663264393632316661396632306162356336366432
63396233636134636531613266356235336164323365613836366662336363653633613833336236
37366363646539346131373763333936633933373734303063323834333663633864663661613164
34323838356134323862353731656337383062656235633165383165393962366565653137623238
33303763363165313664656664343665386165663165306561333632613033656235656466373732
66373737316636646331323239383730333363313061666564316439363164356561343762663165
65616132616530616663356131613634376661356332623238656537623564313764343137656532
64616662303138306537633138303562653137313466663930636332376636353135613666313166
33393863386134333433373834383032366263363933633133373861663032373666643031376465
63663631333335323030303133313132656633363035313035623137323632613038663230636233
33386139613938386139626533316236396332373732636334316137633530623466383566623566
61643838363136383838363862376131646230666366376133366632653135306238656436353531
35346234306465613162313838373565616138333265383730393865366632353063353662356162
61363439653836346335383535303336626338613163373136633536313166383136333239653333
39373730346662363666326536643531363334623762343765373638393061653932643330373363
31323965633262313939353836363832346261326332323532613232366635626562336630396137
36643162396162326235313133653064666134613534383863616333333463626466666237623838
64313533313762353930656535643833376433386531376435313431336330636536383562393331
66656163336233353038396637343735316137646432386235393264656238346631666166623665
63646230386531386363393537326563313537333933353338336530373930326561333232626432
35373564323164623234613266376339653631646438343862326230316539656264336534636365
30623834343431323732383538383933343833383439333631386265656537306233333064383330
33373330653663373839616561363961346332663036323866323261386462333933316364366638
34303334346638393464396437643463643038326263616238626563323538636634626237656464
65663931306138663966626334366139333862613734396365386231653665393063393062306536
38393933383735623833363934643530663064356430376363373564303738303237653238333339
65646434633837653835616163343665393064303430386239346533313565333263326662333665
36316537626137373461313938323737643232666539303935313835653632333838373434333436
38326334346431343565346238323034663633333036393433346264393462646634323830363430
63613530653531656163366535643031393064613731303439333061653862646664653335313233
35653961396136353734326264656136633663663064303562343263616162613533633736343839
37653031306238663561666665383835316231366263643461393634626635313061343636323762
39376634666566356530326466656630663266343964636538366565303833623131663234383265
63636336633161303637376539396265386363653634343364623538633566653462363238323032
35393835636637626165336334343133373937386633393137613662353763393531663732663961
32396364386338396232623338316134303265613965643634393139353538366362616166643230
65383931353236653263633433313330333236343765393061613136623338346461373938333766
61303639626666616266653434613235366536303065623836386439303934383435666261656232
61656563386637636162323366306332373632653363366439396137396361646331626265656438
39653935393766373463373937386135616232386561353831373038623433363939316438646263
35653631353733326435636238333661653935343963623363303235363763333762313463613265
30333039346564386233366239656661373330303364323064646232666333323263633861376462
36303733366161353233356364373663653363303063343561353136376137353736393530366130
34373765343766363862356234346235343463333237613565366431326630343534376363633339
36393065626338336235656531626333303037306233363866333230363666626239353633326437
65343233393131313630383533393965346532363830323165333565613333336437393639643930
61653162393730366133313665363036366362353639643338323437616438356566646264333337
63356164323861666264363031323430343434653963616432356466343437643166366164326131
34633332373563613436373534313536326135303064373232653834336634636632656431623237
37656633616630366264633461626164353231313334666231363630623164616631666262646333
30396664666139306262653932646637346138613464306264333062353861353532326631646131
39343834626564376464383637613230303430393439356334333537373531323137373935663739
30313766303031383463636130343733393933643230626132323736326133336264313538373733
66323761633164666133373432336534373563343164313739343637613535613235366630343234
34653336303732613932316563393836393234353531306333356664616331343164333838336339
35326237626134313236383362623738633233353266333937356134326562353136343838353563
61653466646162306630663139616439323635323236383831616535373262336136373737383437
33393038623161636535613630363761353538303537653832326437353033653163346535333435
65613537336538353732643132373231366131646362633338393634306365633064323437313039
33386137633338386562616465396361633939393962346363313635663862303264633566613530
61356339323130633838373636363934346662666564393032613432356531356335303532323466
36303066313461363237333666333036356332653661396139323636346162333939616330363164
32356439333436386264396335326336336234393163366439393335666566643362323336316639
65323239636363303265316232393939643535393764366462646630373531333561333139633561
66653432656138613134613866653265663062663037343736313835343535623531376633396336
31343337623838336463383062343861366637646636656231303264333531353861616336323337
32633164303838376434633763396634316133633930353165343837303938343662363464386434
63346132663335396661376462386639323732343966663135656338626238623631363633613337
61313337383362646365666238376131346430643261303863386266346532303561616436323837
33663430346662373934393033306664656432346464363838646439303762333061306139326432
35353332336163313462313738633831343939636132353835666536326331303238393933306235
30613133356632616164363839303063363635356664313931643662303030386363633030333236
33663261313031353536653938316463363833373765316534393532306665653165303634353537
35323030323938653538663632303661396562653630343233366233666561333764616465663063
37633038633430323062393966343139653063376134333937303831666335303463316362396136
65643766656362333066323936363361323661646536623263353564666162663130633661633934
31643130393963333264653836316237356264336531653463303935633037663435666563316132
64363966323164656633323130666563396162643034396332393038323135323435393733353132
63653539383665643562326163326662306565373232646637616463323634636162326230313364
63636366313434326431356337336566343034363661383135306363343630366135326362333230
32383763336665333137393534383638316465373136386666333365326263663261303935323533
66656661366235373635366135336136356435616363396163303333343531393933383235633232
63393735623236656133373166353963313539623831633666393166303930316136643230663662
36666132343237353265323461313565313537323262316565336632333764383035363130643338
30396332656431633366303432396637316566303933613231646437666234353536346134383135
33333836303263396637366336336362333538633538303739663231306463623663393964303138
37376431356137346564353031653966643130333737343166313164383732333366396438663238
35646137646363393662313066353435633665626538366436336632663138313332353664393561
63386138663964323366663435383232646364343163393430643530303731313231656663313130
62353733383164353632363835303662366461333738353163326330636335303431356663623030
33343331343631623434316534333237316663326365653931373638393931363830383366326366
37316635343939383066363966326132656365353065373936393432616662303639373234633830
63666362663336376134656239376437363766343666326334336136346262323432616264363330
37323539323130616134393362623338366337386339643766626332316663306432316538653062
30393465313263653431356363306239333736376161656535363732656335376130643761393162
34326530636231633135336637333239333133653839313863393964633433383161626233656164
66356432663165343732333132633831323361643531336135343138646539313130393134663134
38316239346235613836323764353363373633656434613439303863353566653731376630333831
63323438333561336333303833613262333431623739313966393432373634613735643038643831
30333737346131656561323461626664323265303138343737306662613166656266353164306536
65353032336133356539303534306363333736646666303166653637343638343237313564353835
32333733636464623364363732323662336437393464396635336465366333613961363639613831
32336235656234623334636436666533653932383662363131623135633033336262303130646337
64643266396466616339396365316237353536396239646361306361623838306166633432353539
65656537383531663833613363323032326236323562653963363762373564353464326264353136
30623434306433386138643335316237656630393033333139313164376564333565376237613561
65313962306630396465376662363433616136353961373535393232663564616366356566343539
38316231393265333239333636616634313765346134383532333638626639393535323263323264
31316139646662383035336230363036353731636366356665643438643134373765626465656430
35313634386537373034376165313933333662313064386366313261383038333330303838633262
38616534633265356136656361396236353665396331386137343631613039623964366663353766
63323531323731393965626434316438323836633064343336626336386630626365656630326131
39663239346333343665373434653961616464303535346139343239666466333464666664353061
37653662653433373630326261323833383032306135363837613763616562326136383637616633
30653734643965643531613761336432663864393135376165623631353263646663303736336534
39623435356566663136313164636565383635323262313332636138373932303639616635353766
63356630353363313234346435303634633134323938616334316466653765623035353862663337
35353964353333326137373633356565336339633337376536626239643961373263356366346133
62636361353236303166326139623837633930326632623431616264326533383032366132396663
66343762306161333932616539393930663331383864373966353662643365656536633535393836
62313763303631663564623065343063663639633631643462646364633464376662343864336636
36353535373766623032616465326638336539643530303636626266313833646264633330616635
65383433386339333536623434336166396464633731616633363334353537316630303439666532
35623838653935343466663961306331393165353665326139643030646365353932663139313337
35353038653062326233636230336533616265623838663361633238303631633235613261643336
36303266346266663738373462346561343531306361363233613063333062643938643630613033
31643566363734636666383734633235356330623233366165636533393563313665653030636534
36643465663263326638353535623864336437336161323561653236326564366139663332613862
39373031386362326661366165333763643261383337666462356337306539653237323431303038
36323935663261643838393861303232366139326537623764333137346366626337613933313664
36626461636530306163356131346439666433386432393636343763353535643830346162616334
30643730623565366438663966626338356433323036663663643635373836373037353036666232
30643065383135393632396336366261316664303936613532353630396633643166643237646663
30623062376365613539626265306366326663373136383130616136303861613230636331653563
63303532313565303266383666323233386533333265393266666463646530303035323631373736
39666637623662303664653138363837666234393963626331613765363432363336646536643261
64626131366531316663393237613464303034626561316637363433393561663039633764626166
38376431613236343163306334363939386431623531353935363934353062353939333238306162
32366536323530356437663832626661323634616263633230343331633030613137346330396336
31626431666634646333366234343739393933373938383865663139663632643932303133616137
62656561646531346633376630383864316435303363633765336331623663373839316563663230
36376366326137303339313030333366303434623533356165316437643937316137373065306133
62646566656338343330623833343032623034306337316564643364316533636234636365363666
62383738356162656535363434316235383831663963346264346562343361363464303138616236
39626431386633613364643238363032353964383536303535656261323031373737643734383235
61353334393331653032353065353435323764613035396335353538376232393665366635306363
39363837303530306533353933663464333431323636376339353639643633626636333332353261
66383438396434613264306666346435633333353838303833646665386261353834613938323133
34326334393561313439653832323263363633353766653536393934306132316439646262643437
63313662653462643165343932373934663832613539343866323234336165323732626432653165
63356664313365323831313865633530313035373066303266376165383934323338373630633038
63623766343365363362366264376437373138396430363033396662346330656462633066376436
64656366356566366365623761663166653432343230646630326538623731366433356666633265
32323161323538323239353565653039626238303237643239376134646236636339313161336532
64653238343336633061626535303962313532626263626534323633386465353561336461663761
35356630313632656634313065663162653338373038316237666561383064656635623531353837
38383566616262663130663039373363303831323261353038356661333134643562376366363761
64313665663233336331383536626330636431316261376261386233323264623662626534373039
32306634663366633764306239393364646561623936373235353731383662666635323165613133
31636331353233306363376663313337376533613833623835653364636232383130666236393539
37373639373933373663663230633763663138366138396563643539623132643564323433306537
63323734313633373966376632323165333463313732353261343565396237393831656336393236
36363462366362303431333035383731393964643138366439373063303131343165623133396632
33316333346238643962613135393032663737373431613534393561306239636139373834326539
35393231643636336433333536383063613236666561356337633138373034383131636439343232
38663132303365613639323639623937376232373333313766363537636430306562613735326264
34336634373539323839303937613133356337323136396330623730363436396464363964643961
66616564636562373665636632633063343438303036346366313734633263626239333466343834
39323538313138666338373762613235613861336565623035623631353735646437303664613761
30333531643230396661643666363038393535386630643061643033613034633639373436313339
39396464313830363731326561646438363430393465663330623731363736376166653264393930
36386336643838626364383435356336393533333036623964636266653632353861653866353265
61633335663035663564653433643233366661366164386532623734383630336263383066383965
65613064393562373430663566376439323264303166633366303361626561336437663432323862
65353032613063643737356364613234343161396162376335303835333064343562616232393231
36383061376535366666333231363063333066306435333238356466383038313630323233383231
34373165373666386436373330343534336436346330393261353662316666373734666663353735
31656161343234626137373536633861356136663832313565393665643835653733326565366531
32656434386634393762653035313035623634623361356334333439303832383332613765376139
62393734633563366631663630343233663139653562653638393938656636326235623832393733
37353964316362373032646537386131366439353262306339633365383564383162613463616130
33383865666666356163646235666234613761663335626236646537346339326131623464383935
35663939653765623036303831366262346261363936626430643265343764343835656665626435
32656631633365616366373931333133336337643133376436613339363237303639306130336431
62386466383935383231623538333763613937343563333963366663303965663231613265336664
66303233323930386362376666643662633931656239626638613131323964383037613037383364
32623236663361306265336533336165623864663761653166333730316539393034353638396137
37643037626564326464323431363737633330643161366361656135316661313532383263333963
64373237663139313761386532353135366331323830363361356463663831316632636331313762
35333566656365333132646636353066323435636335316564663839393336396266356535383537
38613761383139306133623366626236383937363130636437303039666661643062633832396439
32623565666562303030386365326438363431373164333366613534313039346535366235386335
64636465663939623134396536363136303164623435613965366362646536333337393262343238
61616165633539646138616130373363326135353039326533626565306464373935353261393638
31383232313237646637643339653539326633356163636631306463306662306438633561623138
35366264653663373834386162343039323232316137373963626231346436323363373664343366
34376338653831626136656266326466333133393465366231323731623736663663323066333961
38383634303633636666396165623663653533653265316237356565653565353564383134353834
30626537646430376265383439383035396161386238346431306434376661663835616233666461
66333730333431663630623336656265633362303765306362353736653230323265356532306331
36383831653138316135303933333334656665646338303065363266643730363161623036326335
30353962356438616466343933623637646264316461616363363066366663663265623432313862
62376138663563633861313134346534383861386164353538666262326562636134613666303330
37383463386639653736366632643035326234383136313364313765383538333938333965613437
36313039336261633366633361643762613261623835346132353832376530613535356233666565
30366133363761393137663239333732666139376536376363383039386638376634343363313639
66646466306436383839366663613333373434313266376263613731313863653732643438623066
35313631623330383964393535336563393531623864393331663062326336656131346435623733
63323166663732323436623933303337636462656262613161363737386165636463346666626562
65616430643133366230343761633439623964306261336435383563383566363633376262363961
33363239336364316365333330313164653031313664333262666339643532353065633830306164
36313561356461343662356662393362326431613033393634616231306335383837363963356464
38343161336364343535633838346338363230653633333136313331303932623538383366303834
32653130366131306339613937393830393964666161653461663662353136363234666462386262
31306334326437666465393031653631646265616333613666323333393239303264613734613961
34393039393135373235613366646439343066613831643264656464663035383966383865626238
38386636353537613136366634386666626162383133336230613661336664663233616562663430
37636533643466636565623764366639656336646563326166343734663531323664333235626237
39623866613862386465373866363965356534633866356637616663333464383738336166663434
66393334353537656564303637336331353633643064326639366536383632336634373932336238
64316534643534316561616138336266616534316531393731393438383730393262623731353534
63386639323163363439623633313533383339366664346437303934616164363737336438333266
38646131663565663562333232323365363266633563326235656665343561353736323832386135
66363664313639363864663162373261373636633430646134383330343836366364623164326361
33313937643264623966363963636432666434343565376231613533326138643436613335613436
62376561643162626538616335613734623061663362326462663539653364653363366635336137
38396661316161303361663162656238383235343163386637616333633066306530373265383663
62383262646634393761356663326261623434616139383539613166636338616666666363653632
34653430333565346136353037353331303362653634346566326338396364323564326164376266
34343032356462386361656432663366383264303833313439333365386537633830623762373061
37366637643032376163386138396464346139326264353661326436663665376263393435373166
33623164396634303639306136616661653431626331643665643462303566666330333532346330
33396162396664303461353034663538653937303062636264346630353061366261623961373430
64613831363632363934613337346631616363613665363237356637666266346134363037383237
33306235663930343961326138363265396335363133666364616666343063333834333063313938
31356232646461396534333433653037373864313262316235316137396232616233303930353537
66353437636637656661656535343433373036616562383261623237666439383934323065366230
61623061376466636265333932643331313437623434396464383335396566613431393461653737
35316235373362336261306664316633663732636336633636343033303638383361623536316161
64623936333961346564303330623435353131393935623131306136356431396165613762623961
65333963316334636539626139636362363563343432623234313835303363323036356562323430
66343834303034383438623338663832636437316165323436316538623433666638373935396336
38666235643239316365393132396239613337386432376332366165363864663532636166353236
65353837303063656666663535303137343634623831313365643736353065353332303539333963
31356261613734353930636564396563393731306437396133353938373030303033366466643564
38623365643264386137633430663230636637383731643331666563343433613936396263613235
63333730313962623565353633303736363436326530323739356134336265623530376166613262
37643938656434663735633436323764333733653031396637356232353634653138616437656630
64666432626365353537616134333335666164323863616635343536316634346433303831636665
62646437386532336535633734346464633932333463373632333338353538646665613264326663
38313534663266383563366637353733333661623432613861366264323639313564623432386265
38666364303433613662376265643161613231396264353231313939316634353764336132343438
65323432613032633331636231323730343863346634393761653737333263663964333131336463
37313331396362356239653863353533393230323334303932653039646461333836323535366466
37383032346466316134313636346433333536643836656630313365373361363261303766306665
61356635623964316161313261623964313338333436646166313136653961316564613131653661
64333363386137323936623463653935346433613065313839376564623636393136383665366462
65373639336432383038633666386530653366383037336431386634643034386435323233303232
65336435633938343539343530333434633138636233666530366662363734663439376130396233
34386262323063613530306562303632633233613434666263366635383365346233663735383533
38663765373461643130356435636264643038653337633866333065346631336362646132633535
31313832396566333366616565616332653963373563633364613832383739393961313834633861
38306365333839633237343435363761343261336632373961613763636338323230313661383264
34346465366637633233656530346338643263303362623266316539636637613230363061613934
32383839616634303866646532383265616535306538626133616266376664343530653165633235
39646362663737626630326635396138323761356663636232633235383638343366376537353632
32623732646362663236393736626233633530306436643132323835653730366161316636643963
66626231323838343936656466323865353434313061376265303130353464303663646566646139
63306266316338326161633332333734343665303766323634316465383662653638633432643831
37363963323439303065353133613265336337353630323539306266623537613938653166303031
62313164653533353062656335643335356262656535303038653837383462633866663230366636
62306661316535623533346565343062386130616134376437376632356230653233656639636165
64643630386331613835326231626433383437306136356336666538653135333834316362393031
39333462636464333566356464623862616361653139646332346234393835376664623565316439
31313839656538633965396263333066336332633332633964336539333834626338663033353334
36393362623063356436626239373533326437356163333731326237623533616336356634646334
64386365613431666238653561316166613539653238333539313563633063336331343830643632
36613134303965663566353933636132353831626332356532396466366133623462303763326631
32353434653965666166356264636231656335613837643837386161663039626239353230346330
32393731636463343963646331343735366235666231373035656665316634386431373166393137
65626136363661643364663064646433346165646665336465663137656539313732306532386632
65376430623962656231623861643562336462653630366265623934376134393162336433333963
36326534623838303732613263393664636663613239316661336365373437383733633834646266
65656237646636643833306266623461336538623061386230666163306263633935313038393131
35633633336232353465316466396364303564303234663932616539623431373866663565393630
37656332393634666165373836613233353565353865376236306634623238316232363538643339
64366661373038313131336135386230306130373037616536663733613763316437663930376263
30613237646661653964613438376139356135643533376237353666346633383936303466613161
61333938643432316339363262366233363163393263633838653938313533333034303963343832
30643033646564366131636163383636323661323333303237363035633035626632313130386362
62366232386437316530316535623861636562303033366231373361663538333763333636346639
36323333326239366465343830313935323061636130313531636164383233346434303831643630
32306337376338646665623333326338316461386164643831323434666565623465633135383965
64356133336539636432323437396430636336373230373331623765386538383230333335343936
65316637343236623336643833623163643234356663393264313439336338363964626131386536
30656666396665353030663764346336613331326239643434383034363562353435623737636336
39326431383836313933386466643261373863646366636530626539383166343133363437663832
62356532303037323637653934633263376531363861316563366262663361353734636438353930
30313566613835626230303739353238633764353731653961653734663735326330366636656566
63363738636131376532633836616261323634363638303731633362336336343235333035663736
63393961613731313365336433383365373166396361386630306237643865623663326333623363
33313366633863393566383336373136346333613963343263383635663265663233366237333136
34343762643539383939353266303563386335393065636562346438353032623865326566386664
66333763333935346332653238643666333331616336386338663665623363303639363665306330
39303063643964316233393264326334633164623335633030643931363766363665396632323737
32663062333831666632383862333539363134323336393634383631616262646639346339313462
39623864623635386165333661343664666663616238623535613635623365363533356134386263
39323065343432303863633665623130623238653237303336353139303364323536633431346132
38333637363265333466623938383938616366653732396531623061643936336335363564663134
35393461666663343631323263346562383466326234303938336538396266326535636132363764
37623564643132663130633838633762323065383131366439386133333236616165646163616532
31353866326232313833616266323234343839393030323033376335616236333763326233633364
30323931393664383666303538366166623965393262393636393361623530356564356564356666
32313836656265646131303936646339343166383030393835383138313736376434306530323134
62643262356165376631393339396234383132653435346637303531656337303233653936616136
32393862383863643239653638316238646135643137626565663936656365386634636332656638
63613935623331653632313938393337383864373064303766643962353337626534373132303064
62336339383830353362646632616638303266336331613566303934643136313939663130666230
37626261326564653831656131353561656537633662663464616234333430613537323338333562
35616539626465343131363834383833663530333536366466383938316639386332333966653262
64346338633462383063383534663336366233653437633861336234616564353232313737346239
30396339326461336533363863326239633563643633383063306339623961353061653334643365
39316361323139646437313430653039663961363965353166646530613831363261373534626239
31336533373830663434393863356365636638373766316338383465353162303630616637323866
64323561386230343164636231613163626639333136633537326339656332616235393732366239
63343830323561303635346430333032616237656332356336633732613231303731366535326563
34656438633539646361346461626532616135393536393336393237303233353932303765366265
36383436623633626434656331306335333465306164323437666533623133633365313762323161
31333563376564343166383863663662626463396162366264393038616365616531303164386462
64373365376533623964653833393933323734646339303337643465666139636365333933663562
31346331373734666365653138616136393239323436376634323261353539396139613561376336
30613961663064383663336630363834643631313537363231396536393664343165313462316237
35363030613864626532393265353833373936373061376233393066316263353166626136353830
37393638343332333762653130306332386137646139306235336339666538636436623565653737
61343735396630363033326430633438346565636635343733323861623866303234303231323333
33646461353635303666646337616636343536663562353932343535366436636330366466613561
64326231356664326332353339373763653936666330393733353866623566363738653731653566
32666539383732636165386636383238653036323261666532366439303531643835643661363631
35643962316338333238303035363830373234303630326364623663663030613665643838613362
34613430623464666537663137306338643063623235336430313239313439626435623634373634
31373466626666353965356138623861363662626531663739616263333239343135396464653262
66333564353366336632636364346633393931356536623663343931373130376435643462323039
30383338343434326133393430386237373431626536656661646538626233316236343636373461
35316165393033383932396438326366613735633037643365663364616566316266383061383333
34663262383934366365376637616131663936366438303066323436646236643336623130363465
38346232373761366433336535633939306161653564616633653332383030353964336164623936
30643837393334303361343337626133663066363838626135373565313037326136383566646530
62343539343666653335643466613337366163333261346662333463356466613534326461373634
31633934386466393432646663333131326636653066663764653935626463336436356363303830
37343064353338623562333464393265323961326266643964373030303735313831326363326364
62626364663432366561623162646232396266383430623338643133323838356463353164316462
38633830666436313639363365336332356631346331316337383534396666343839343866376263
61663462666364613030663936653936656265663762613237343534396361653738316239633236
63346664653662386635383564313266663939366431303331626438643435336235333163303139
31376336353739373236663335306334373233363761666636623831643566613338393938393038
37623032343062353338643136663932313564633065663663323964623734383238343537313365
34643161363639313962373737366438336263663261663336643031323635316162356434643931
63363362393530323031366264353062653938316631323562623635356538336439643630666433
64633732646461643634376239333535333331383136303130666465333064363463313631626238
32323464613166653132316164636563356665633533313339616566653065383634306163393261
32653332303031643136313138616434316465656237303534663333336633396437353230383334
31623634643630333837316539623830643064333832633462353765376262333938353634613033
34336136663861316266616235303966356137396463643537343939626462333137316461653936
66386332343134353466333235386135336466626133303066623436373636646336376137333465
61343039663331386165363465633939366365366562326237333536323466613733363339353961
63636634396236633735346264313231333530313732393036366335373436626230343761626564
32616364626565353439643732306635616633386138396330626436313530663136386562303630
39663763366435633835336231616238616537386265386234396463376536393937636234313233
34323134653336663335383532346539643262323666306264386465623063306439646233353135
35393830613535396466396261363463626638316432636237363862626166396235666432363738
36643661303836633533393730326435616534643165383962666462393130346239343631373962
39353231663438346131373062323163613830613165326338643663656264643962366464636335
32323232363236306263383464353332306163633538373038613138636165653437616430623461
65373666663638396139626239623639613662376331303936386230383364663263316566396236
36613435653939336464353736373737383034306135333166356133313830623463306137363830
61306232376132326262333365386135346334313433653561376336653865323934383361666533
37333731343233313537306538646534656635666430326230653531616233356133346266653137
38323765313739346432303136623837626364613762643134653236323463626231366635313363
61656463353066626162353838386364366438653230613463316366623132386132336432623739
37393737646437306136303865626633333161646431633730666161386565386334623034656330
61396337393731386161366139646235623261326637386539343935323964393232323762636362
61356138383839663133343838333933306439316566646332336263666162626132613465346462
33643863346466326538376230383863643466633330316664326165323433393832366335386634
38323736383863643363316431303934663565346164623734663361323532663531353963313938
34396134353039663465326662383333636266333662343135353763616334353662653362393365
39383530323830393939326631363733316439613239373639613835646166626361363830386564
34376639363864366435343634366238616235643065613865383061323436303936643033346466
31633363363132303639333435663936373530313535393832326436653635663962653562393439
31663539633934663039373264333235636435613431363066653831336432356234333630346138
61646334346333393966366433386664643861333434623938643333353130306134653535303835
38396538643337396237323463323764653264323133346536366234363230316332393133623537
39303361343766303061393963316539343731323431623339613163643630643861303664353934
31316462623463386331346539633930393134326632366137366162316131646433636630343437
33653334313831323535303135323832633135623936626539643137353764623231346664653233
39393432343139333731363466333137643435353334303436613064343133383238366566393632
39303763366263393131616432643937656464386364303836303733386665306530366531343234
39356137386232333438666536323864623761383234353931373033306465646361666139333233
39353062643930313562623536346432343435326232653435376535323131383736613830643539
38666337656665643564383730396539623330366363353166663461363736633238646535326333
32313766376661656362306663373738326236316632613132623033386564326364363735383231
38376437396636333239363437363236306636356330323366363732633761643237343464633439
31383538356563656262656530383266393561383365366536326265646464306236383262323335
30633434383432656637383063343032613234373264653332636130336633663061663064386363
38363566666636336661356165306265633831333030613932323163613930366662663633363737
34303564646332656134626233333466346531646139636535633066306337366638626332366634
32326535306130623165373430626631336661303237363062653266326164653436306237623463
36626437643539316531353233613038643532653136353832616362653062643935306635373530
62343563336664336264666635326631396330386162663035613463363366643566393933663665
39643837383066613661313764663162366334363931373662323939643034626338343363656331
39313236313533626162616639383662336136616531613038303634386262353638623635313961
31636434653965326431663339653532356339363239363464306535653739346662376462656335
36356263373661353331643333653661616636343137343161623537373062336538363637356437
31366533316539333862633564363333626164363030363231313365633365303536323635313737
65363836646364623931333337363266333332373032656537323437323139336434663631653630
37663436363635633938346263646134336331386632643066343865653930313064353938626236
61343635616439353236396236623236646666346239313737653630303330393464646639343339
65313934373662303163343965653062643761623765633134316434326535616535643865346530
63663061646264616534666235323836626330626565663835326266323634363464303235663366
35656465373532386637316563346138616137343038636531666539633131613233636361373466
62333733393738316630313034393837363136636134346665663032363634393035303236663631
35666663626565656632633231383839643637393437663361386332396237646437353133336630
61383064373934663265643864633262663738386563323933303263306235313463623137306163
32636534343035306265386366333038323365353465393831303638363465323434346630326339
35306464346633666530366438323133396133386463353435613664303138626631383236356337
35323661363638383833343036363261636361383638376262653739646235323834663233323463
61373161383531376133343437613863653061363163363961646437653531353232656536623361
61346664306230373536366665656262373533613463396435643061656638613231343765633335
33313139653138313438663833313530336234333662663938376565313236656638383634316239
62396136353564356162303466613634616662353831656630333433646466346463363835653537
33316637643332613235363361306338386633666536323138373431366661666664326365353236
33366264363337373632613032383864336636623665343338353631343966303334653561653961
35623336376633643263393061333364353365643139323738663531323566376533343763613330
30366166333364346330636534373261373766313436633633333536613632626538333262383736
66623634363530636638653935383339643362376666396438336163366465393538323832323633
62313435626562313365303630623263373966356531623561633532303366393239646239396232
39306366376662356164373033646233323965373432333339303566623539643166343230616664
63363065306535356139336165646639656561616130303837303736383162333065373062313231
32346636363735636430376531316239306231633261643437316263633332336662623833656432
61666638643163366335663431386665363363336362396631346464346639316636643238393463
39393566663537626266303031363137396463656330653435616336366134343765653438666666
32613861303434343638306432313835336531613366666366363663323366363762396164633932
61636662326532366363636264346335633139646630303636393264373530356261376536623038
36346636326332633063363532393366323966636461396532653363306562616661343539663135
37333538366630333161336138303735303432316330323862383739663135373661313930386664
64643563313432656664326165633036373031666139363831396664363262653264363233373536
31636139306531383334376262323937373366393736313230616230623133376162346232323837
32353263643761343462346334316639613034356233313966363731313766643661393663386330
39633066306665656232343935306131316336346230336463643263353938613934646664396134
66656161373639616264333762366131636463343736666163643235343166616537363432363337
31646266616362653030356334363838376130656162373763643233343338623130366661383534
33316232346663643565613633623036623538646565363561663362663466326135663138626136
64633632346361653638626635353337343533646462303233643639373238313334353837663562
30346433653766383035393734396133643861343861643862323464333731363539356138366266
65316235656638333966303837613366616138373061303538643232303261383933316231356234
64313765313830653237633534393365396666636330366262373661356238313831613839396664
61383336316531636634353631346461383761346264303637656561663162656230383963656339
37356233313739343831373961353033323332303765333231353737623130376335366237336337
63633631613737326536333962663963636533353664313731363838383935666362373735343766
35623165613563313837333065326436386533333064633466383165643064313065613663356135
63326163383731376538383730656365323732343864386666323933666634313364366362646135
65666566653433383936333766366362616466633837653036643766323632313062633733363031
63333164356137303430323064393338643361613533303463626330633566666661313961643064
61333361623336393533356331333161643662333933356435613936363737656165313962616365
34313763616136383864356635336236363965383931323430316439393664383837346433386163
39626661633739643065306330316364303565663439393636616361613230653737663335623862
34363639356432623136633236623830356434383636303835613164646465646430653231353232
39663063336637393937393132343362306235666166393263623235373962623738313764626161
61626665613061616137376330663036663036306530316566613836636632633736316539323535
35663837373735663239373263656334346531323539343634626638376137393861656534383339
35626663353332366437636236303566663266396234333963346630303430393439346165313662
63306365663033633938336239303335356339313831643332346132336164376238646137613265
66663964383236303161383663643666333838346339306566353330316630316363353263333532
66393230336539356531316534363135373438346538613232303265613833353436363037383433
65626365366665626665373830363233623936343262383464336162653263643431643263346365
33373965333232653363373431353565353033633439313036633363643461666230633664373836
35653330346261363835303337363739353237346239626439366166373633346239643932343061
34646665323133323834643837633836316330386630303638376464396434633839623632643265
62396662653265363966656562646633343364633365333961653036613731393033303634326364
32333933623636343930373935383962663134336565386330323338356332386663653933646235
34323938303834393934613364643336333637646164373264343435373139306566336335646531
37353736613761373739363265633766626434346637316232333138616230623638653831653938
64336432316533353762396466323531663036323063373166656239343361313639613362663831
35333565316565363966333331333930353432306339626566346436383534653661346138396539
62323131306234643639663034656362646564653336346266613837383630356532323563353537
66363966653738613235643964316461666438343830646264333938393237386266386236316238
33613464646330353734323063356135306432386630346131373931363031626330383461373563
30646131306538316466393265386236656664643539383764386132633364333463373131333137
30323966346336363931666165636534346566303139653130356436623164356235316539663633
64636463346331343037393761376333346565633137623730613139623465656561613933333662
65313733383363383164313435356238326131366238643333313832373537373138646636623662
39636135643231653731323230616463383231633930313237333637366666333437343236653539
64343739646638653638333938646136643265306436303934393439653933633638383961323831
65336131393966386232363231313065333561666630353165653366313732393262303164393032
63356163343135363237363464613530373732646565633431356435396536643132303761666434
31353830386230353336333835346439653162623434643435636530323130636266303337346262
38393361663139326561623962343662626161303664343631626230363434643130653162346235
38336231343230623563336435363462666533626335383230323563663932386665326266323231
30633636623962323538653635373638323061626264303065316232663235373032376432653535
31306436663038626439356239666662323139643135663636343865383262346536663336626633
37633533386435353565323333346535666436636336326636653863356334353930366532306163
37326362376664343830313732666530333635356435356634663465313138366338643833653934
35343462363534386534663035373536656530623237353865323462663365363838316436383863
64306131306539393630343835303939333135633935333134303765333537373761333165333566
30386235626537636135616238323434663564613538383863636132396531306637353135383032
66383435666232353232353263386239653965343661623136343736393931343231313532663637
63613963313439363238336664313162333535643662653536323764393965346163343761636134
32353638393236613738353337663066343437346635343038646264346436323335333338613639
64386337316435383130323863353162656333356131386564366531666332636239643162363364
39643235366565333165306339383735643962346335383230333839633163613233613765653666
32656166636337373638313562336433343933633432313538323239393236366237363434626261
61663166663238366430353466363138613934666333383937323734383532373364323333316636
62363532343162626537303738316130356636383466316133656636353431373336356230373265
65383038663239393564383063343661663964353162373964353036663032663933333437353363
61653762316634623130633866633832643361643131356638303836613531653763626465376164
39626430336561373663373864666534636231386334343762623164333765653365616238313164
34613935643166353931666563623565353032353565383031393162366536393235633734393866
31633163613036653866636666343030646165363464363936653662323339646331633265643561
34633038353233616263613832373361623039613966356239303534386138393666646236323731
37643637396130333165373263643765363036393763643561623536646333653437383465326664
64613364616234386566373739306364316265623136343938643230636339303066636136356665
33346333633764626530386437353336383562303466346332343861323930653063623430316530
32633333313038366566623433303063343162646230323462386431313438613932343833363536
37313435666631353334396661336165323739363861346135373666626163373263343434613837
37613834343861343064663432393930313137363631316663363634636563616235353939653630
66343666616561343164613562623230643338633865653930646634613039653237623839643635
36633033306438343265336264643939656437376230626330316563636364333332333962386664
66363361323862343133643631666564396231613034653637646333336538343732393333316138
63333966353061343736356130633864616530633066313664666135386332323636663533316662
63646633306635643339373135336462663365623331636261376262326231343133373762353362
31633131366262636564303361386239653066353132393939343462626434313036363863313934
39353632633262373563393764666239333338633734366363336331356164326236653463386537
30663136666462333734336666653762383334616538613434383735653163613333636466643265
31633564386538623262623730333235383264333938313933303766303138303033333635353030
38613932666534303835333530656638636234303330623731393161313764366231623438326435
35336461663531373136363465663930633030623334353363346264343631656431303131653130
36303763346161393332333663376565653964323564383935303831396231373536393737633164
32376166383233313864646532326239653839393865316561383361616132623232633034383737
36336335643663356135373262663531346566653831303337623465363066333561376665613033
39656532633438616636313234633431343530333931626331636639353130366435616163646563
63343862313936376630636532633633323165363334656139393664396666353165393863653539
33396334356635366165643565336635346465316564366339626566303264653664313639626339
64653831323633353332623166386663366366326137346634353962393237303565613335353131
39316335646432653362313530376639313564366236666464306638353161653063653633613464
38656633373034306664316538316463373865626437343136346430333931316535373433333635
37303062653238353165333731373962613761393732376532623932323635633538353431373431
61383634653236323638303533313164653766393263336164323361353631393962333866373465
35643239313264613836663139363362373432336137356236613162333538366437313030303262
37353231623338393635643138383230636638313936386635643130383232653039643431633333
39636536366665663633323432356266373635303366353330326165303935343534363030326232
39386333323566383437346662376531623434313338613331316364623361613631666537616365
33666330383038396231333834366661323963643035633935663064633465393465633861393165
36613334306332643136393639633236653238366562303365396566316432653563396439373136
32653564363930306132616163306130343634316435643830373230323838643966303965326263
39313361303965636661623737356336313939616233356538626265316234313462613764363864
38653239373931346163376636643134656238363539643130666636313839386165313330643866
63393036646132313236646539666231323934363135333937346139323234616230383363643363
61656562636232623666306262306437633536363633373734323232616166663937653063343636
64376530643562663038626331353635663337313363356665393936323438653339626262613236
34353534353165636137383533663732316462303938373039306565653064396332666164323866
32306333376437626162363963303861663335663963316663323561646566636663653734613831
34323934626135643734386135376632336265336166353264656237643364636434616639386635
39626536356631653662346566613564323163353564376239396136326633663037386330353836
38623839623232383134646166333932663961396463396538366361323562656231646365646232
38666138376564303235633730643661303531636639636530633964666533356238623032383638
39626362626131373864336262336334663062303530366532626633643337383132613433316633
32323936356431376234633736623135643766326538323934636266343762653861323332373063
66313132323063653666366530316336376236316165633736633538366164636464326530373839
61626432663033363865366666643237643861353732356338353765376635643734396439626135
31383333373765613536303966333865346361323562393338323261376233653035353563376663
38393434656664616237366434306263383263633063653431636161323432303738643263383266
36613031303266356432346233643432363232663734393733663432373765653632303433373733
33643661393331613061623434356264383937346535303736383533353639383031323139303038
32363039613566616337336530373762616530633664343266363231613365633864393135626430
63666438313238376330326539396631376163613664326432376432653031363136663230313066
36633364666534336236666533653737343230333035323139396333346330336333353735343930
30653861376664306438633530383531653865376662363461373833643963653261313665343836
34396665356131316162643337356430626436613764353236343564386339666262316533646461
34626331343339376234643766303638333665303734623932383666636263326136396430393264
66363739316339353132333134653038353464383735373934393330633930376332356565353563
30643135363430313936333731363133386562336266626436383436336166343639396339303361
33643563633164313736396535623633363036343439343365633166666334373535366338346362
37663739316638336336356531643365353239306332356331323636323364386566636231663036
30306162333637653033366231373130616630323633626531353536323131393166333137333633
61346331383035373561396230336562343366306363383530333163363333666663326238653236
36636266373935333661343366366434646430383363363361316132646237326230303836316366
39663836396236303138376137656138623166313234653931636232616639636635326233646632
64613832313831326565323263633063383733663066656432346464333536396431343234643164
36353166656239303262313064643262353362303539313137383637393864396333356635393733
36356533393062353636376262323061323163636436363435353137646533643333393034646162
36343436386462653939666264393435303037366336353833623832366565656263353332376265
32363564383965303630643534373265343030653737346636363331373464316238616631333733
33303666353333663939343430346137313636323966383539626435623330653630663861353064
31336364326264383264393734393666633938383339396138376339376265643366346638613263
65646231666135656437383664313061653330343361626362653235626235646263626134656638
36633237383863663136663066376238656237333261373739616239383062323534396432633132
66313133633039613765623664306635333761623735623033356566626333363331343132643633
30313861303731633364663936636530323163386165393365626532323364626561333662626263
35666531333538343463656661636633626132666538396635623431636136326436623033316133
33373537376535643135313638613863303539643231343965326333643366343566346261326333
39383565383166336633643161323764636632313938326661633262663731393361646565656634
66643338363839613761383962393061643731313835376439616161383538666233323836346234
30376536643838633465356134656135336637373062383638313735366532613639613961383564
37363766383136643164373731356536653462386264363365303833616338356139383432646265
33653637643465633365336136336433333134663839353333653134663561323735643564386530
35393235313831343935366230306262613763323737616666633863613132346362666631613164
30383635653133656665626366613934653162363030366538613264643939343939643030326361
66343733353966613765383630396461316461303761333563636433333439623139616637363038
35666635306265363831643466393432393361346362346633326531663234343736313265616563
65643766366238356461333536333333346264346539616530666130666336363730313334663933
64386561366331306238303535633733316333333734356362316438636133323236326336363837
34353137303833383463323633306161363938643739353432333063303361633666663730323634
66653035333335376164663031333366366236363962353561303139653331643561306366343536
36336438383832336130303762663961613034313762343632393135643765303263353835626138
36633037643966366166323765386561356166623964323732326661373162313435636462383361
38633139323362366264303961303863336537346237636632386338383538653565633735393535
38333931383137666464333039313462376465383261653635376436303833383466353339653231
31303437623738613739626565643537343661323865633861386662653164383733313866353531
36626430316131383165373133333635663437363561306437396665643037313931646566643136
36346339313438336332666531373034373833383130366633663837646637326464313330363663
65313966646532396639633432363438343165386264303633633935363935316232613939613132
63663234623232663964336333313734643661653161373234373939633831353435313734643964
61363034313435366337623064653736343863383465343034666534613636653661306666333564
65343537666634366366643832393661633135613063613130333036633663383339363035623232
34353037333463663835386334326534393037623339326463303839633434396366383931333963
32616135343334623337356131613466366566326134346334313035393661613432383064383964
35323333386237393166313164306661303835306365363538623561386266303632316466363665
63313437623866313634383365303132353762643137353736386239626534646163343637376336
64323565386632366138386131326236643132396332333233383036353830346330663165383138
38616164643534653363386264356163623738656361623164386132343861303837373734383066
65396166636465666637323331656430363561616437383534643064393261363136373536626239
33303231313461646436336637653062643461636664303932333932656632326130333839643837
61313031303464316165316664316661383362656566333934623965326232653133353733303339
32323863313338396530323161303063623731366666316463633835653739333838366336346232
31646461323837623735323465316538383533656339393563326261633066353237356462613534
62323665303365306136646165303966663536396338626436643735633762306665316237373462
63326563623939373238376664623763643833313531613665393262323536393234396166613262
37366139653434316530343033613861616632623931306236336164613039396165373965663630
64356131663239313033333764383364353164393230653733326666313938663636373036356431
33346530646639363336363461303361333733356432366165346432343938346230396462343831
30313237363331333732396237376137333865383962643438306566646236623239353162656633
31363235663335636638656331313131333965653132333839633734343865636630373364646334
65306636313637623339376337363538653363393138626336653062353862383032346434386139
62306636663665306130353738323332663432306331363631386562356361343663313933656132
36666230653565393437336135313735396535656565343138336566383565356265313865653630
33623337636238316135316465643865363932386638363164343635343238303736643664613063
36336365383832376633643837653862363561323439346264613935613738303230333966643837
64613964306135613265343266353633616161373535383732393031363363323038613566633539
35353538336332316638353332343061356138343665323131653866363735643162356233653933
64363633396439346235373635306634623838643763323930626261613137636361643836373735
65643734336435653938383463343333386566636237666332663363656664333539306632383732
66323766646537333036623031353966663434343938343439653661636336303662333432363938
33363566653062393335623761326234653333316639366166383935623434366636306632616532
33616134393461343661313631656633393661316531633038666161396138336133353765343836
64323564346262656464666563383662353931393663643237363539636439656639656465383163
38373661333063616631373436623431646531333965363261646133343538656534316164323763
30313339323831643230373338303630616535396437666534363261316330333139616264646635
33323937333663626565386530333334393536303832366136336333363435336364653733366430
34613030373532373132323262366636376638643865363737363962306238616238333266613732
35386631613333313934663862373038383630636261373436663966353865316539616366663533
64356439656362373430316664373834613731326464653033333266326538356431636664303764
30666537666163353133313266356537346462653633613861356661336137386435663834303764
31373363616239386631613233653530323334653537613439373330313363336235343936623265
31393136313739643934363935366333636166346431636330343338363539633161316437623833
64656335306337303462336561323931313763653962383561396262373538393530373931336162
31366435363239306431383866613637623932396362626664646261626539383437336433356531
33373665656161373334303230623831626337633336613964613835616134626465653239353331
63633366623431313538346362376461396539633965633831653739356132373833613063383262
33313730333261383065313230333465303239623230663661613232363338343263306133396561
62616635643338353364623038343030333139353331633130663763353730393666653939656335
39366466623464313436643033373731623566333365623163653336356234653335393139613030
66363935303865346333616433366362616464656131303730353137623638386565633638306533
35666139663931653239393366306561646261396136623738333832373231343437393434353766
34366366646432326337633061373631373938653831653366386339616666656234333766616661
32656661396461643336616335623063303866376336643765313934633931626564653232653638
36303861353734336365623337323534323963366131383665623931333634373032313963323030
65656133646161333735376131623937313666303364336134386639316565366538366534343239
63613838366236393664306362303964333335613136663733356638313938626163666636303163
30316466323132353563336138326237303839623038366164303534306662386263343137343861
35643838333037663838653438393539613565323337636434363535626437353532306133393662
62633233393431306333386131316532313261343564306137356330333330616663653030343537
35663265666139636338643235633264396330646635623439376234323034613835343437653062
35636464366638306230373039356336366163336662623532613961343866333631643766313263
39356132646261323961663135383366353737393063356233626661396536616136313137373336
38313133363137336665393735626630303365366537626563333034313535323238323136613663
36346539656637646564633539663761373532353761323162623962316333353630616264363666
35303464663936326532326565336464306565643333653736306134643130616439633330363461
30323333646263636636343637353634396631333234306337653939616635646364316162376535
34323339643461363032386139643361323932663663366139313462663037653730313665393962
35336332646235303636303563613361366633343965646139336533613731613532313539633761
39653939653038323838333233346330306137636534646532333334333438323139636631626231
39626434386535326265323263383164303035386665663038663331343662323438313432643662
62373736336266363430356237633334376535623630303863663663633962373935356232666565
33316138636533623461373266653732326436373635313134366434663137303131363966646631
39396339643931343530373766646366366532666336666138633130623031333162633137626463
35663564653262663865643864373766373831356665396161366166333836633538663733386337
30666332383434373837346235313366666136636263643762333863316561303264643038653965
62396165646363373639383465653734363562663630396265656435383964353433356461663366
32663931313030626465323166613262323034343039316466323034636264393165386166653235
62393964643236323938373162353463376263653161663664383536646134303664356261383235
65663736346564333931303539333163316366346162303932626562633139336564303131636330
65623636646166643266663062386638613064613435326334313834376430353963356336653566
64346634666336353034613239613462303762626238313339356661653435653962313630353461
34623239663031336435376233386466386235366235636238313633363632663030383736396332
35646164366230613633616639383132313339623461303034353164613835393033373866393433
36323631333937663532653763623936346131316430623038393963613836303561633762616339
35333762323461356361613433376134633030396464373437326337316336323538663133346261
33383935663639653365336335346563323736393235623038366437353737653736646632636333
64346337393833353337326361336263653461363737386530363237633639353265626630356139
35323666313261386363386665396566346232356465613666373061303662626366316138616432
30383239393364316263623366303938666235303233356565303430326237343433376434316435
39666166383264313131303265663064623362623033316634636630323639646361626636653937
66346330643164366462646366386363653636373266316231386565663030323439323434306263
34363363306139666163323534643264383139613330383635633332316436326661663562356363
30336166653366386232653733653832373861383262396635316332323166336165323162653837
65326234626135626130316338356566383965323063336133363839666333333261313765656462
39313331666139623438353832656263313234336139646161363236396539636665353339343232
32626236343264316461616338323665663365366434353862613632613661643966336338323937
35353635646432666333633230306566343433343031626563343962306436616164623330353334
39376433616362333864316366663464613666636131376130393136383139393562323731643434
63316239613639393434656533343739353433366533396338306332366138396163353737303230
65363837623962646661363333333733653537343065303264613339303063613034326235356637
64396439633965343432363830623837636566343935376639656637663166336164323331653561
39393732303539313432363265353931363065363566306162666162653132666434373830626662
39646663383530393466373364623433636336343930333438633363323438333334663239353865
39626564326638316165626434633133636133623236656139633138383165363338626461396665
65336563316138353161363666343630376432393664313933383234636366386338303937363338
38326635363563356236313830373730646530626364333665393662653336363066626333653639
33396366343664346136343266616633636363353536343930313835366538626666343131633764
62616634643963616438643365333633623630373263633735633665653135623736316638323530
33316362633337653939656164353232353232303165666433383864646362653035363738396661
37343766303138346333636263386635343139666262626164666262643865333139623361336336
61303532396233363462663331386663363565393633653466353236616534643034613231323163
62333231656231643964363365353531376661373537376262386563396431383765343333353631
36306533636239303234323161356665653838623865303938623533346161653765653330366264
62336462616430643962623063616634666430356466663061636634393530353838303139313037
37646639376539363365323635646162326630386631626335613931626137383664653364636161
38333735656564653064353937666630636132336138346261323865623733656466326361333033
65383534643036383361663137626333666465346166656263633130303663303233626439323965
36366639303038626562643364346566613030373164363436636230653732326634623764666438
31383338363165313435393439393261366430353763336136356330323733323535343733373462
61383134376631373766646435326632386533356633353236653036343264626539393864306132
39663336623565333563643463333335613262663438343533353931326536656166656464383265
30333330623831383933623436366332303731646230383234373063303264613233303534333133
32353331326230333233663339363166303632646461653131653931393365616562343463353931
63613961373236316535333134623132656563326265643436306564356134646264633866653431
34613761646335613262653461343633303438346336323062386430646562653934373265313336
34613533343462303464653832626437616437383966633632333363333631643134666136643830
35383562653761626661323837646135323634316633616138326662306364663830613638303363
33333166393763653061386639343363336231633036613435303163633735633365356164376166
35343037666664363339313863613364663264643836363435663665306636383531363064353638
61383661646337393563633438316432316666663938636564613664313535373539363931303562
63316238636161353335666335343562366163383061353263383235613161633763346231383734
66373966663164396230343530353835366561323136303066653134396433393135626663303136
64326538623834356539653461393761386562333732633861396464343037356437386332326436
36316131326330303233623665613561633235336166346461383864623338616236633135656437
61663566326433373964323361333064333332346330393462343733646663633838636238616166
36353939373238363532663131663738363263313133363736363964623964646663616237326265
66623534643361393534376265393066313063323036663031666533393837356333633338303365
64376364303932333030323662366266396664653264313432666338633361636430313365626237
30366437613435646566316265363232343464313564373236356636393633623138383862353937
38626437663666653764316433656664666665326235306632623737346266353464666331633138
35623132633635623963363631643633623937306134663435326330373062616566326666373662
36323638363861376535373564363035666464386338623332346366383630653832336463306564
66396264373264303961383262636536613934336263363638663935376264633737663962316465
62633237613566666363373339333961636539323432363033623631643333616165313234386237
32346566353033383166666334313132333539316265323264653964363635396364333430316362
64353533646232306165383263353464353635383237366461643862383837616662336337656166
34663833323161343635646164396365666633363936313064353438386338383937326433646434
33393837306265386634313631323339636537336230306237366665333036363161613630396466
36303766316231333461343732376435616530636339386431343530373031303634303339613132
65363062396463303735336339303034326563333665363331333932613931343564306261656638
65356163626465616163656132626438323333363437306364613963393461356564626464643762
30663161353135626334376164353632616633363635633264306364313833313562663631313239
64383037376430303063376433326639396437376534643261313464363335643736356631336331
34313636303934373232616436663130366139663031646463613037633364623938303939323636
64656131376364643964383863363733626266376234356533326630303561396538383663393530
62643865613665646138396533303864633463343632356439313237396437616531363739616463
31653166666364393832636331633661323535336234313132653037663362633833393661613838
36383939303961383038363132343463393561393439303962303031613362393135376532393835
61343032313330326336303662666333393431316362626362366433666461326633363064396462
66373834306630363432656139343937303066613132373931663431333134363662663237363964
62303062616433663064313738336436643965306430306364636134333563636464336665373963
63616135393164353630656639306665373164303237666431636132643437623735623132326262
61336561343364336163626438396436396661313437326534393937356538306466346233303831
38373036643630623930633539653764393764666136666565346530323062326437326661313533
66376632393239643631663230636434663634396665633763663266346164376564323037643032
36313934386263656236616430376136623039393434313965616165653362333234616538643531
30396663333035353435396563303636363935323664646632313962313536636565323635343437
38396131626430306237313736386333393463626165373131383034373166643566333438383035
39646262623833656439343266303463323439303763663962653733323661653234313730626365
38376233646665333634663162336662313131393166623636623166393639636266636133643033
38363561633762333265346363666264383338336637386537343834613732613237656431656336
31363636366537356330383966353139666638393765656533376532653835383631636238343534
66393537313835366436323631316333323766653933383666303432346432323030396266646135
32633034653262313361303931366435393662366333323033343062396163633838613337323262
31313737386338383935383561336566326563393831316131666239313862303134656635383130
66303234616266643138633432646462306466643435656437326637326362643662333039613134
34396130353333323632643839656465363731663435346266333537366333316166363330343362
61363339373435313838613539323632333132623364376336343965313666663637363665396337
30623934313166323731393339316335393565353135366266373137336164626663316561613831
36666138626235623933353261613236336239633539323636313137323830396264636466323731
66303738323436636462336431663035653163346163333830303863353164316533333933346138
37646564316331353965646666333633616238396237306333316263303064346531306234313537
39373964366137313062376138646462326535346339373064663733386137363131373066636634
62613235353636653762343865313163643033636263343966336331306332653937643336663439
37616365616331303932633835623731393738633562616237366537376262643935653566326562
34343866636563356338313034646361326263616536343936343461373863343863313466313236
62376361316634363632633730383330393033346439396630646363336339613932303264613465
35643332376333313234393064326635303738323732393731336564613264653536353731616336
36333030353965346665363635396162363262343438306266303331326137386634626233663036
63396330393039646235643830306161623230623361663961313737393336316237636365626663
63376165366531396431343136386166313963346430636563633664626332616639663036336261
31356430393930613535626231326234653630623464316439333033303634306466623332636335
31363230393534306366373837363335333266386561653538656139623333323262643430636331
30396363326137633966393766323439343637333638343830336364353464636339373939616365
31646236656164613965336333393438353433613561343765353633666565303765396362356533
66663065636562653433633461643638333963656662343536636562653330646132663461663763
62643731356562303163306638323761343164366137363733346438383438306265346364386565
35353332666264663834646364303734363037346166663739373031366166393434383964623532
66396131366339646430346532373637666233303138653632326265363131373633363866626635
31303166643934396630653062383131363161396536363662356536376534333463356437316236
30663731373039336263363338623333373332333231386533656138623730326631303236363165
32666136366533633234666666353961366139376436313262646439333438343734653764313562
38306431666233643362306664666361626438343132356234343134326530343530303065313739
31333965343735333365393230383136373634356562643236376361646633306432663330653338
62653230303730636233346664633439306430363139376537363861323635666563376632373435
65396662393864336538373866326162396531663330303162396236613437666339646462366336
63303663666266313638356430643764326265666234643938393939376535396131376535323666
66383735393764386537646461626338626363663335616335376139336433393964663939663366
38663136356161363431363463346231613063343363326234306539376534656162366230656637
34366131336666623134336438363333613037656262623530363036363764646362646136343561
38653234643263623063306235323663303764363534333836303164313638333062333261663032
62343336653734613034366465353832336133383832343436653064663363656639633761363635
66386265653365646363323966366333613532636465323630653937353736636630303763653333
36666363613636646630383333646436306464656131383535666333303634393434383239653336
38633463633134633532643062613337633536306638333730663538663233646632653262653135
66653738333135353637643933363965373033666462616138656631336361616134353239616264
64316234643563646537316432363633373339356239646134626231373866323366633836366639
61343761313333613235383730376561323638396431363230336564383934613933313864366435
33653665616666396266613436326638336463313139383433653738613663356632303537373263
36666161633333313838393237353961396462633865306566303064326539653839383432643631
61643831616564663034306135613261326536363361656130653330653866663365616364383438
33356439393132356633636339666233613362363432323439313137326238646239376263356236
62643761653765396333303062306163383231366563303632393864643036373165626466616238
32316362656539323037353638373234353462366237383332653561313166633138323336393164
35316164623936666334346261306335623061663062343634613839613365653339643864613334
38323632613530666536346364313234393261643632346265666262346230383235303830316339
30316435343063656564623333346662333666643533363361383836343438346439396161323239
34343566373930326466333739356463373138643031313631663964346337363261386464383864
62323761653232376131323962363764356531333536393938656564633963623339353462303030
34616564306636346163396365626435616130323335653832346566386535353034653334373665
33643137343436303461313363626133616534393836383239316531613139643366313133326164
34386565346439376132653035333064393135333565326335303237333263663435303434343366
39323136383034303061376236643834343833646136346635653462373465663736613536666365
62623635646236666164316432643162393230613435323466393339303961363165373935643362
64343830366235613332373834613132623231323631373037363435666433336137646666363932
30313839393938633037626530393737393262363636313032616238343634396433373933653461
64333162663337353063653466313534323035613233363763626435383635656333623230653565
35646561383137393230323132363565303630623437363333663061323263356361356261623832
35383731653664313031643136336335383363616666353462313963623632326538646564663065
66633162613339663762626239663739613361303432653166343761326364303461346335386633
31356161373233303136326466643337613336306330653231376438376330613339333562643865
30663434646130366338303363653963393236646132383732333436383736623265616237643937
38393165666464393533663166343062333033373831303036373064306266613932313032306639
61353365663239623435313930653363383037396635396333633936363632653665633830356566
61333565343135626165343466663732646665323838653662653437363864636433393036376265
34663461303531373465396666326133636230326334623737336338613266313639316561303833
32363764326332633861303365396330373638306633626366383764373765646437633437633966
64633839303239316135343930643665623261346163656561313631316566303231653461623531
31616235303731333061366663353962626461363362613336353539346135663034396433636236
66383761643162363232383663373566383730303539356265383533373339623433346137656162
35653838363766383130663535373465653935346131666130386437313531323231373961663864
66393735626534316238636465383539313134323230656132393438356333653364353138343135
30323931663836313634346632376365373932373466303839636435346335323834616564326136
39313133333232386538343965616231373230636265346365303933363134646162376262316463
34316364363563376435316633623134656533393534303035303761373536396135346330636530
62373336613361646439643263306638333635313165343262626363353036313062343161333062
34613139383261663362623435616564643736656465616161613764383738633731636363623233
61346230633634646537656631333864653666666130386261353037636363396534333466376233
36623139613833336163396335643164626436363230353835323738303763663663326236616361
62336165356563663734303630323366336630386539383064653964666439663939316262373065
34323533383632333236653265613538663831323865373832343763316539346162646335363364
34323866646462343262323039346532336633373961653734346463666162633432363239326463
61333338326261366132333035303965313865623766333239666536636261373762383036663839
30376431666231643939346634643830633561303532356435356338363437633861376463663764
65653035626161643536343532336431343164386561323262383261623564656231643530623633
30633764323038306563376131663835613661626566383563646664393263333731633135663262
39356663323731303466353032626531386533613863303461656237336332626139386431373234
37363166326238343131306466313432643263623238323137336436353263336464633465653737
62343166356339343566646664396537353338313637353939343139316364666533636365393639
33633338613839303865396432306537323161623635653063616435316266333435613864336661
30393436643339393365313562333161383835353632346338343936626131616364623166623361
61343935386232396661373536653063616333343534343862633438666438393063336434346534
63326665326261363838663835653364653639633839333632613937313365336635636236373462
66666333663439353639613638613262383964666539316631303864313936663163383331303038
34343233633233383661646232366564306335323036363963323362306339323663623139326466
37376232393535393634313930333164313836323631326438393062326630633039633433373632
34626432373665633038636238636139386235313739356534306436663365376334663439613430
38326663373936616663666361363635623433643238653639313963616639626238633537656530
66393030643130396330636663663962613864373164653430386162356439633537626462646535
36333237353334363064353730626662316165316665613132336635396332326562373134653339
63396530663739306233393030323635336538616430633031366661313036656433626436656237
36306338373863633438316633333964613362396333303265343332343762376631646335313535
33343333376163326565386162373764326633646435616262393535356239316130306630393566
65333135373361366163363334633334643238623036633733373166346434333332623164663338
31633533363062336261336339373562646238303931316333346262396261363266626266306438
31303736353638633661393731393435643930363765636134303066343136626561613733313430
64303430353835313431323164333530613637333766666230623930316635633539336138343936
32346139636431336466666236396666313161336239626639363236303433333033326362383731
62376239383030383638623034373038333561383339363663383230373765666131303930633036
31323862333565646235383933646534613861393062656639666664623063326438353638313662
61333039313230346237666364383831366634303235653133613839636238646564373964376134
39386230663731323064656533343230626466386663373536333730333866636461353438653131
33613131656233303430636136323935336535663832383261313931613365373661383937303962
63346130626462366262306366303263346266373330633230383266666535613233653632353337
37356135653566656635306166373039633736636663326132343563633263653431313835353062
62353332643030393335616539656266626639616333333961333837656431623938316334316435
36306230306230626535343036663461363863643865366634336130306230313665653862623239
64373731646561353564636164343736353965616231373264646662386361653034383433356137
65373365613934366639373165363861336262333035633939343033613033373563376132346438
38396338396165313937313861616465313466653537373735646165316534656638363363353938
30356665666161373432343863313538336361616665363530643437653632623162663434373035
30336238373933633637306166643239333933306165316565376261623862306536393339636535
63656330366664616232343831343333626265333233666531323337366233646630383535386435
65626433643363663935376365613731313561356331613366393230373639343165353438373432
6236623162396265333361313837356462623236303663313261
