$ANSIBLE_VAULT;1.1;AES256
34613432356630386638633034623962316464383837343033393238386630653637663263643565
6633653362386437396236373937626134613638643335310a626231643233396232623436376261
64303537633632336163303333346134636633333164306535326633363963626434653532376231
6636333763626633640a663964346661303739343961363365346664623235646162353066346135
34643865633232623838303032333165396131373539323836623831636661383538663839613830
61616534383532656435613034643664616231643564323433656136353235666237316638326363
63363834653564373233643933323963663732373064336237326234656430306363333331656166
39363634386633616662393939396132383964303436646361623936346363346464663839333431
63633061306635636539346532333838623036613563623834386438613432323566653264623064
61646432333766656430323562643933346466323533626131363733343536353336353761383164
37316431373630613939353865623235396363383239376265353133386464623531343632396132
34316336633438623664616263336366316661373266616135633139643439626137663063666232
64616630303938383236636266623133326464613964353433646431626432373635663437303936
34346363326665623566386233353039363337333733323839656261663634303135343531383435
30646330663732373634333037343664316461613436313466323661636233643763646332353630
37353133323332666138343265333362633463623135393938626461623032383262633165633966
35353164373739636239366263336661336433363338333439303966633939646161633662613735
61633938313231643039343535623238613866343465323037333332326661383030383232393339
65393736373061646330643635623762373235386436373665393262313336306462373139663362
66343136646233316636613165326136303539646531306136363031303233386461633135323865
38626466653061366165383938303362643938643965383833353732376464306631646637613439
30333963363465366530646433316130633136636139623633353764663235353538613830343234
38343938653736303136636433636336613739326561313938333238313039376630653934343634
36343761643930323532623637303734383838353336333632646262373362333662386338356461
33383834353163376137343331346462656131383161333031373833643239303665396234343964
65666564356330656464613061613961343562383535393934343966313031383032373433653266
64663834376565356532613664373239373938333431373733663534333335353034376561323637
64303931333231633732633031343863613164616533326334306565346665626632626131393231
31323061373363623833613137663230356561633734323766616132623736383365666261363464
63633131656263363835353636633137353438393732356466666333376462636661343033343836
34373163383465663132383532666531303637333433626431633535316466393365616565303630
36313731646333313839313962613931663231656363356136343435656632623131626366346464
31653665383962626335313062613635306438363033386462303638353566663766353437393837
61333030313962336562383866303361326436356138313561326461383633643135386539656661
62383961643339663430363837613830373830323564653761366539666565666162653231366363
39633165363661626339623665663064366336356430633066396134323339373533323334626165
39393334663734306430316362633633303261316564636362643463353535336132653263336333
66613762616437646161646232643339633535306337626231396264656461613166336636373930
31653431643965663363626363323337396639626431383639396566346233646532393839343234
37666430373535623239653831323832393330633933366538643362653965346463356233373061
62633436303665646239326164663438316564376333303362336164363366363938306539316436
36613833666339313539646265653166663862333036646133656633636365353539636337306632
32343931323964323638326337366334313238333737333637666534323735346434346635386231
30636438313639353435613833376433663365323338336662363666636434613339306464623063
33383633316665623865316536376136333335303939343365366439313036393437303436376134
64383031646238646332343865643130323762383134616136336531666232353038666336616134
30626563646161616364353266333065346635623537363439343539376330303035366331633331
36396230613932306135333965663239616135383862386565363835363238636163326466636532
61623235643361646361386466616436626132656265303263343364306465303237383439616434
62356138326364633763363933313866303164376637343062313364626332616438396461303562
33653433616131356630326430643835313563646631363736636563646233646565353966623637
65626435386462393835643862633835343736613261623632386134393737313862626162393536
36363562373566623933366262323032303237346162393263336134326639643161393537343132
37373032643665656666643330383861623166626236303363623063346433323162633065343163
32613234353338356632616533323766343431623863356435383564653561373833363337316133
33383062353136303839376633343937363331643962643233393066373833323465643635316534
31323463613637663164626661353830323565386364323636353964663764346438653039336531
35666662363836643465323238313136326133373239633164646234623636343039336230373862
34346439653536376366656634616266323233316365353438643639323830326463316435626233
64363634323338343133663964373264623862393766363634323737303166613365663666336330
37653564383836373934393331353431386231363131633461633166613133363631326663373661
33383765663836616334323563613032623265623035343466333631386464636533613062363834
61313735306135623636316139343162346431393266633636353264616637323134666464393366
66363437333566646131386637653739353232353934363334643630363766356434663333316664
65356238336664633935613764303533623832306635386236333365313666646234323165653962
35653638366237353439373161323030346564643331393632646436303664626563656431306539
64643137366365343966613639626462306437353466336661336566663734386637376661623266
61643861366539613637306233336461653263393535333963316165656130636635393430626631
36633834336266393135373262316135666539653338626534343663356230373435623538363836
64393530623232633165623339326335313265333861303935613434323061396236613836656531
35653663343565626236313765363332343636303361366666313430376361623232383164316236
64396432366438343061373731363034393836396663393164613938346135343564623538393966
64346466303862663365613532636666386130363464323634326534333536323431633062303132
36643935643065356564306664396361666130373230353662313338333934353561326166353033
32303834636164636337633635383862393433316534356364323237656337623862636161373065
65613931343531313933363166393934383964376632386561376366373135613532383037326631
32353438616464663365356338303239313962636430343832613363326134616632366265396464
31383538346338336263613563353664363935333137656463376132643432613162386261616634
35363735383737333835633532303066366232313466623638636131633930323165663236666338
36343365306164363131343731363163316566306463323833346666333535613862353331323739
65303238363361356139383439313865323431646435623566346565336466626161343838346439
34653766363839316564643563396336383330383963343639356164623965633533363461366439
35663663353831643930633032333736623930636464346164643239623238386634656432656539
32643835393965326563323863633536626430356461303632643965336563393537623635386266
63366630333763373961393934346134636330633839346466656238393835353061313066346261
65376561643462643865386533383834303931333138363435386433303435623830353330326338
36356137633836383735326565303338396561363565363633376166316665636331633030626566
64303864313064313435333634313931326537636361393864393830366163653135373335363866
36386466633934373632653461393663393934653863303234386566303631343936323362306461
35386534316633623739623236343730373434333935646438343439316637336236336465373631
32323930393835303463666162323734396632626366643661343634306433616238373763333064
38373766636561346630373534393732353464356661636438616438323337613464633835356338
30316661633835313961366565343564383135386432393763323832323365336232313930353039
63366636353463663563366261633766646232613666306466356232636338373431653066616638
30313037613463323437343264393964623131643030346139313663626336643036653163656638
39663139646663656337383663643762306531353636373264383732336134613437303038366239
33666561323530313939653933363431356430313232666530616637363431316264623835316265
63626564383335653366393434623136633030333433653663313566383132633666303633383865
32363164393962366265366236313063656633333830313335613335386166376164633736323237
39313438363836623139643434333361356530316566373830646263303032646533343261346134
35386336386237393333326264626533353732343265356334666138646161353030633536396564
35666532316536343137623834613763626163326662333566653964643234656234636562643865
33613133643030653532303131373964623165653037663738646231663562303864386635326261
39393138616261336231316336663539666230346366313663393766323665386265313362646139
33306565366431626134653364363932393039663565383933666665313464376238373533386631
62356366613430333238646561363063643535616330353131383530393735376666353936646331
61626639636364356562303063313063613362353463393265313566663561386366663635646333
33653064396666396566333961346630313836396136336563623365383066393230316137653436
38653762336539346563316538336638373734363232376135343361356262613664383137353761
64306330646233656431623137626332383134366162366263393433386131313436313237616639
62663435646335363161356335663662396662636262303336626336343965386162313161633636
35346531623666373765323034336237306562336638666437393433623864356533346534336466
64373638363363653061346564346462613030333936376463363731303433643737353535333832
39323839373731653365303666656631393537616632353834383862613838373863623337363835
35386362303633666361653533323262383535323764383832373530633665313730353838356462
65383430336166363162373664343930313631373962353434386464386236633632373935643462
39343033366532646339373933336632323433613234383166343935336261653335383630313431
66323539323635386439656239343736386361393462333435393636626231376430656337326365
30373332326431363361313961326234373130663230323632383237386233373733373535326233
64316634623936613334386330343064613566346131633132653639383564396331646137393637
33366338636265396133323364336338383333333430616163616264366530336330313635613530
66663032643735343264366531666633323938653334343339653735313063363832643434663162
35616461333861626234393035616662306530623937306538323436323064633132633066613661
31393363306161666636353931653030643161616461306137336264346235366436383833323661
30616637373861326130323662353066653262333136383030373664343664653265303331666438
63326439376439653764306139646537363732666162343662346466303563663861303937613661
66363032633463353339643238356432303464363362326462653666346439386461623737653265
37656661313063663366333137343632656231313363346534316563343866636265353934666362
64346164633638346365633930353565376362393235333535303930393365313731643861363632
36323163336335663837373134623533613265666533323233366535326265373832623661353863
65623730363564386665613134346130343566643761636165343862613061356462303639656163
30386661636433303835663862636230656132373532646566343465613163336564356630376265
32306430366362366337313231623263616631323330353639356535653631373733613534323936
64373361393234306235303765366135356131346632666339316562356536633564646630303734
65616165313034666330353963366335366361643466306437623638623965623733623064303636
32666363306536333430626431313038383937346530396364356664396464336539613832633066
32393362373735626538316335356530396639636264343233663464316537346335656166376435
65666333356638343062666235663234626634303835356663633934646633383335623165353139
30313437623962393436353461653633633939316262643936643463383964396437356130666165
62353961333735633866356130383263383963333330376164383436333161366161366138333235
31323933343964313662363465303165623935313864396464616135633265616337323434363337
64663562373461336638326237313932623532356639376133353838313039303135653839303739
37346334363666653661343566313964356635393530363335303566383130303535653830363865
66303233663131353566373366336530313233613534653538343337643533323035313834306332
39323932613238316164646137353434356362653762373364663164323235393064303632303162
34376266376264646331326331653335666564383733366538623436636163616264333135623966
35363464376634623934376264636564623434323732346132633635626664346435346230623935
62356461316237656631326132323736333930313437306630653431373631323466316664653434
61316136333635393166366233316337363963616463643036326536663931356564663334386536
32356638346632373564636563663764656364626236386430393232333333333236626534343266
61306435643664666638653062373430386138333138333365313234313035356362326134636232
33396636643439343163383463333031396232663531323434383936373532336361383735346139
38643239383937343038333431316439336266323632376631323966626564306630333930303161
35613131343230633266346534376434366237663730353936326135666331303335316635383232
62356535383831306439336530636536363366636262343663633333383164313463346239613732
30316339373564396237626537376430663337356135623461613538303262666633396139646165
62393137633565633338326637323537663935383034336636373131663934633431623038626163
36663933333637313464306530393662323934663938646338386366336236386364313137396331
38633436313239616537363962383966643035626234396438346137663262313163623839333339
33313536353433386235653532653134653432303734613833353736666139663533303964643666
34653033363131643866313735626239336232356438366237366230363136363866626564643934
63386635643864323064633533363334616264616365636265366664643438336537396135633432
30363464383161623232316137383739333635303461666139306236653165333830363336386334
31323836306137626366313838656266633033363830383137636133616565383466313731333331
62623833613965363638383866336466616339643936393063363439663035643832303330623438
36343162366239303736376433376431633461356638633364643035333032396233353736326561
64343336353765396639666137366165623666323163363764313130373566306539313564376535
66303562623239373735393034636433376337383230336565663466666233326539383763623162
62303163356462383231636632616338663232323037356335346136396635656535343363313837
31316334626565363866343365636361363965333466626438313462393039363037353337663865
34353437313439623538656530666137653830373062343739343136316166626336653361616263
35376433343662663133333938316565366637633339666236623533383132646463633534356162
35353831363833646533386538346636376438643636396434666132393461616333633039396439
35346335363635313537623633353663393662336365343862386132643636663665306632623639
39353731366232343165323734663338643964666432386461303264613262613139656263393562
66303536636433623461303239663562303765383733643138636262616262366663393166373431
39613530346631303466333765366638393134333366616262636366613266336365363732363563
39663561396335653430303165646337623639333038643564653630376230656631653534656639
35633262336165613264613266366663663266653236333330336366316463313438663738613036
36373464663534616630306534616138316634376637393538353837373965303134633763626161
34303833383964613833303762633133323863353765313532356234306237303232366665356562
37363466663561393965336265353231363637613265633132643032613837646237356365363461
36396263376564386164306161323161623665396534656537323963306636613035623432343034
65646635343536343531366261383132383030353064346166316230363935643633353561646233
33393061363434306636383732626663666234376163633866626561353062376563363261323565
35653939313361333635353632653039306435666266396430336232363065316661316361383030
32316463323463373232616339346665316232643838396535313862323434613234393433343561
63366563326663386664316366363531356639356137626634343532383238666564306331323966
64653539336331373337653231663739353631383563616165363031363139306633656338313762
36613430316231346433636135336365613266633862316330623936353464326236623530376161
32343530643164303433633432653365313431346663356163643363373332623331393466643934
36616666336461376361343936303463333732336466396563303462653734356134303065373938
65616131356161333635643537346462663061613236633539343533363438623637643535316531
62323334656563633666366562633461646662643731616431323661303432393538646133646337
38313339343430666436346539393134333531623938666136383839393935663862663038313336
34386432616237353834333762313432653564326637663164386264383162633131633839363835
35303031386366313234323737626661366434353830353734393936393464356263353932633533
36633039366461626665336530323261316135653763613264613237393535646337323362376234
37633936373362623562633733333163613233313863313361646431623436393366366361313966
32663936306466663461363839386430393361333061333063373739616336333231633565613863
65363163623861303763343266663433383531633238623232663533356532613761356637316265
66623133313532616231373231356238666633303931623435313530663865636238343162393837
33613331353064653131383839363361616136653832626637376431613262313764323138613533
64386664323161316630363361343162326363623665353161363965633565616632616534396535
65303836656635306564643565366166363763303838616230663866323131363837323938666535
34333930393865643661316566663539363939386164336330626662616138346562333331303937
38663439366135323730653037393763353732333135313630636133386632303765633263336664
34356237303935313462613134303332643533613461356665316439366537666235656539326238
65323666306136323331356336623932663765393235303865393866656564313430336261626433
37303337313538393632376666613366316666623664373231643433663639633431653365346532
66303866393563646262623838376664383666326263643136666662316430666664396162366664
32383465373061633563616132633538373534383735396635396538383961313962623838333963
39613065306366636639303961356539316533646530316334336166393531636362653134383736
65376135396432303464643566653435323562373439646430356336326536306237383632643136
31383930356437646438376639396364633366346139613761303931356564666464656663323234
37366330386663323535326364653662346531646636353162346339666238326437663431666238
65613037303535663339633134366632333437363363663036383937626362333538336437616161
34333866333030616331326334353562393435626538343164643039386366373861376438636562
66613161343934353565653231613237373530306661386431616665663333316662383266363438
62363565323761306466326136356261666632643761643061323630666430636236333661343237
36303332303738313938326164663732646236393730623933363565653634353066623239353538
38393564333262613461636537383835656365363462333335353266656636663332643163633837
33346532306237663563613638626365393037343566336263393033326639343664373032656638
38353264326232643539316661623962653661643237386530343534326139323439356530343564
38356437633134643564373236326435366530393231646164373435333933656662373463643765
33313031633464333832666665336165346636643266326233323062663562623566653562633830
61666135356637366462343737306563333665616563323265313430343838303565373234663963
34396330623764393765343665303130353439363166346363663962363963653937656237373436
36336231333631343038366563386362316431393935366565633231653430383233383039353233
66623464333134323966366364663839393137663134343733326130323866336637646436356138
66656433336463636262626532303537383537646530373465313730623664376362386562626363
30643466353336383830666432333436623739656239333666333031613633393532363537346164
63633961393636393666373034623433393538326139613965353166343963326166373464623732
61653431646465653662623933663965323832373236356133623334623236613132393063316265
33643132353132653665633265393830343364356238396666633637353330363335346166386165
35336236346132353630663064363337393164373432396238353134663035363937366166626638
62643166363561613734643837396333313964663939623438376232656238386265636663313837
38393831373465353832353733666333383934363335643765386236373437646165383339643162
35666462373266643537343436303663303039323961653162323664393033633034363665353236
63366436343965303534313138316332653635383362343834333562306462616664363662653666
63623731326537643839303464306133343637333036313464643062303266376234386339346432
38633439323065313537633361333862343637396166313633303730353836633234313764353731
65376366333330663163333532636233386236333435383766323161313934346139306263326630
38396163333330313634613835643837343962303665393662353832663730663066306436323466
63303230633832613437363534346236393664343331623632363530643062353438623630653438
38336631663864393063383963653861626536643630333366663462636237356331613236623266
63343037373963316362393561653362663066366461646266386261633937626137303438383465
61643733663330636664303963376338343132623633353537343264393634666132623663326566
64316338356137633338336633363638373538353066313466333761643533343332666237373432
32376166316239373365613535303765326338386139373931343834386439316363616530343330
66333636633931613064363939616166313366373632636538636630373033333632323838653733
64613837333064626466323062373839633865633334303130376136346264633064353135636337
35383066323535386333306466373064376262383037376131643632633931313666396439353435
34353633303463333239333865393735663262393436366638346639366236666135396462623130
65363034363466306431393261653539373666636365636366346363383561333162316630636363
37363738633163306561616633313435386464333333616639633766663336616664613836643239
32366437626637396436356234333631666639376663613439356238346138613138646462396162
61646131376235323133333161383031313937376633376138366530633864633939316633333664
39663638626562356636373762643539623161386537356431346466303536366365616264316233
63323135623461616135353062633439366335653861303132666361343736333030323062623866
39326538363962653635633062393162343135643433393232643161353964666362613964656264
33323033373239303731666538626332303338613537363936643663653434623633363633383633
33386466666165323663653339373762336566343063633939386530646166633762396565643038
62623634363361373965326561336437363830316561346261323635633935306238333532343463
34383231323838643430346631343362646264666530313533393431303738323563626438313130
62333036633831626464663663383761663139333834356339356238663362366233306366393966
39643531653736343338363262663432353666636666386339326338363165363065663330316535
30313338306633373832626566616332383031316161303836643231363338616336313764613463
36616562313431346138633666363031353361666538386430363063343365633833346136653262
38643563343336656635643964653735653163323262313038343266353032663933633430363764
61353662373964303262656433306663656536616438376337353531653563646436326434643430
66663761623731346461666136633666323331643765363038613264343566363764306239633233
64666337393361623934323437623539346434363065636132653536383065313239396433623437
65333636623231643962653432623231653336313130306364346161646266326665343761396136
66643632373839313337666537313734666134393262326639386466313536646234366239633166
35303135323535323162666631666431393562383962643939316538646664396130653030666337
39386662343039333937383232303862306163373237663562303238633963653731323532633036
63646362383933316264326563653337313361383566636463333662383161346130323864613861
36323239346564393336353435316162303735373436396665383662346338316435366137623432
30396432323938393065376233306138363363386466353362396337623362613765373564343562
35306130613431613133353263633532383763623536303934643664656638393063373736393066
35653762623466333931333962333363363362386361663266323366653636666330313737326633
33653432343831663638303165633536323732643439303035663465326163613734363738313833
64623431663762333033333031356437383034346133643565653635313639326466396666336563
38316233323138373632316263633764326237316533653462383633656663643262646463646238
36366465333462356235636430396438613464633533383565376431663231343834376231383134
38333139323763343861616436343763373362376639366437616561336531343436636462383934
36346535316565373936313834383163656536343037306337363961373964393238656530313335
61316230653231313061323236646634373634633838326336633761353539653633623135356335
63363733383131356138393831313135366162323039376166363938316332643664663938333033
34323438343830393639643334636465663635623637366265326261313164613530643934343433
37386366343366313131376337303366346436373861316564613133373166633765313637393761
62663234303339363732353930366530383766373263366531373331656439336630323534356266
65303530613035326338373065383136363435376165396464643734363336386334663433333538
61353134396465373435666264346330396630323537396639363333316538313063646463383339
34393331616661656266616661663365633364363062626363383938316132323363636464343634
66656439636133613966386562633833666232343064656366613833613265616534383161636138
37643034366338623434383939333462663636313333633938363438333538613262386232623133
37313832393561346339343038613538366664346437306163383263633233366537386366353032
39613564663333393437313339356537386466626237383737363732383739613639623038383133
66336332366231626466623362333734653965626262636162616362643264396135386237666635
37353762356535373132363939643738626533663931643663366366616265316564643032613561
38313863616562313131663339306665306431636563363536323765343539306662333538323061
32323165336164346438633637383236646464333032646438363933346236323231383434373561
64663233363762613430396537336666306330323234613835613134366331323234646264323733
32386564633739393339343238306430663663363333373138616162343633623134656236376262
39376537303566393438326335633834333561663430313235316235656237313230666361383438
63646239636432653235353132653261303138633838623937643439383665333434323264373563
62313837613136353538643534333061343439316331323834643963323433666363303064643665
34363933373338643535653838383737363466666532303936643539373038623262313035306630
66316132343931303639613833646438303266636363666534323833633138663032343032393633
33336131323466326361613163656630656533343132656535623532386265303364356165356266
31356364333763653431366439613239616239613031353539336561623562663439303630396533
39303663393031353532353439333537666631633037333861323234353366663963343638393665
62306466333330663432356531366639656338656262396266356462303266633939343339363730
31613035343033626564313436636633393963636633333635666238303663643966346530616261
30336162336365663633333432363737663935326630303239663433313938366635366365636263
62336430626164623638623735383834393634373237623033646666653335663830653265363864
65656566353366366330656466343266396266313433643733326464656337633630363430333638
37373463653565346533326434636239376434656435356564376631663430306633626466383133
39666133653161333666386532303734623463316439336162356633326363303865383337363633
65316239303266346137303234376664303663636635393165393063393932353933653034653937
32313539386434323866313137323931383661323536663535656336376565306237373930666438
66313533336131656464643939356266643264363231623532306330623563393535343061383036
37333036376536393930653233653735396261343135613563303263356239393433663664383261
63316336353661393230393531396535313261336337343866346165363137313131643933383334
65323135336636623534306430613263353737366364643933393063663232303861653331326635
64396436643866393365346134633335646430646637343238323762303662643934643064356630
31623863383834323362303062373733373933393435323231626365626262346531393034383935
63633736336239363063323330333638313638623961626637353436353264356565616334656262
30313538343962666230626432336238346339306334633437663963336439343238393032643164
35656230613066613264626537306564383765616163303665363235653630633838313366323463
32373461386638626235313438363233313634313232333664356137396363326435323030396566
32393062613839333665626636336565366538613933363561656139373733306139303632346261
37343330396363346665663230643464636331366361353530303563336130633238303735393838
36313862326333363830353432333137363562366261383234326637643938353765656638643061
36393935663631373839613161643335326563343164393538653234346638643966656565303532
30383437396131363561636338626663613937313938356666623034333936326339653935383935
39383132323965656537346131326339616330383965323436356439343531343730623232666163
30363162333364353665616536343534393634663533366234333765383164626134383130343666
32626430656434366333366665623531656236636462353264646361323161316264653666396266
62653366653535323562343361373965393338323839323535646661363835333965383661303438
61363465313739656562383435383738636334306436633033623837343963636239326439613061
61663632303533306565633932623037636364343165663135653636646262346266363264363937
63636261323238366164616337663935333963313931633333633731653133343962303337396638
31636436633934393038373739383930306666626536613761303362623739383733346666633231
32653133316562363834356635323339656231626562636536396230646437343762623365336335
39366634306166366561646163323266356530363032386434396130366330303837323930376131
39653838356630373837306564346637393937346333653439306162623131366133303564663063
66313036613139383564316434663539353564393761316365643936393539623736363935363732
32303137383561333566666338363366633737663139346432643531326137343134633031626365
36303465356138306663306335363861336635303464353838363665386663623836326665353239
63616235373839383533373937666635393831343335656164396565383965636233633163386366
36393736636638613135343430386665353262366161663931656338383063646564626530666164
39373830666130386363363332393436616664663232653939616364613737663563383661386332
65356235626366373866623830383732376539623539656465393030363466623561613365666132
34343463663363336432306263613861353936386462356237356462343963636662636163623039
34333536353937616162313138633936323065323833626662393864663934393637616266303231
63366265316630633534316566376664376138376135346136616136363162323161333534613261
65663432333837363866306630386230333865653866346635656162653330306138306230376138
64666362383563323034656131393038343834623163346262653964343265653763313234333430
37623536373965306336616534663233376332346533383338626131383235363566303434666564
35306431326365356264636361393666306538396232646539313561616465383430656233316266
62653631373365323761383138613634646361303539313763313663353338643130343261333737
66633539613834643938346463613762396535613431313336323332366334396632633866336337
35336165643165376661663734373662623331663763313036396137303765646134306133323536
34613535303433346130616565366661343464363863336136366434333966333032303838646532
61386266353039666430343333656430623264353539663230366238643037666162666333323137
32333333316138616165356230333736343361633362386430373838613664353432396530373430
37303630313838643230616361623435396162386164313936336363373431373463633361346663
38663038373166303439653236656538396164316163323963303734396437316431363438386439
66636535346433353763336531396532366162306165303631633062623935366532643561316532
61353534333335396462326664373330356465643064663639663335316637623134313933663135
33306562613761313538303237363539313434653361643834613637396438333164346266366465
32643733613738373630363866323433663338633535653063346435663338316462306561343330
39323563653965383631643339373665613030653235356335646131633235633033663532316532
36373162643533626532663134336265623734306366316138343933623361666435313863343037
64386138383637623863326435666439626138663130643938656238663831653736383633383363
37363562326236633235616631363236663338396237363265623332636236306164326531393562
31353162383231623134653633653334373638636361636138616139353534323939656666363261
65643331363239323763313431303132623734643936363631663130333263343533316534373439
35623438613064303031343464363263373462613532323565646136633963393930626430626637
35663432366434653236386639323432643262633631393466643638366234626239333431316663
66613962666462373333323438366332316334356266336439313665303031346466303432656161
61643364663238333565393334373931343165613931633030316238326366343235343536653336
39373566303833396637666330373536656139326264343834633831653865353837316139666361
34633564636564303938323831623465646235366362633137303730613532376261326539323165
61343363346532336434303830353638663632666635396664303833386264306230386563313361
33636563616233613362383233646232643136343437616266356535313165343739306535323932
63326639363635633232386439663631643433613837396438333735613062383032636264323437
33303432373535663431346233616564316562353736653563396138333732323738353835353033
61376561326535663263343366316234333237323963363963346536363232326632306331663231
31316235613465383739336534366131393763343638336637646331623032353061623565306331
31303538663230303431623531366633343839386132336562336330313763633334613837383664
37333030383638333435376161333535326162303662313433316662663231343663643066303062
64363439333666386462613338633534633661626533366431393861626235366662643561343133
32316332653532633430623863653663376564343062616634343734343561373536306363356532
61326464633665306534366635346133613733323430623132363063613064633663643363616634
63646335353863633437393434343530316465646131333935306130393839656561636230396366
61376237633664383061613134306534393730386137613066366532376638316664326263323031
37323863333165343139346364326431633238333530306633333538316331646337356266656137
39643033353334383661313231373339663637663064643138376139613062336333333533386332
38343666306633646439343239636365313965623135373063663234653964633630303365336464
30363939363165386462363462353035613366323564306338323038356331666230353236333136
65663730336533373866336264653031616165316633656233626237646333623330623063373763
35323032353265386130623036656436343734313166643333303062396262383234393637646265
61313332393436623732363262336366356461366534656237636464353437333566383637336663
30646133326263316637373365633462626361653237653165333339663834356132316232653663
63353161376365656131653561396230393833336265666365343164343034326265383263313236
30646331386139346132373638373837323464393136363265613233356664346337323738643166
62313438383537646161653433306432386639346639343835303461616634383832393065626331
65346532353330626461666633393330653066363332653031303333353934323162386232653062
63346662333639353339653665376533373435633933333630613862333531663930663763313536
63396134613732623632303465306230626465386261663732343333396266626136653338396332
32633333366564323030653031386539626539653130326433623265353538653166303037613062
31646364306363643339643234323235636239313837613631646262633836373835633236366633
62653837306537656466313566346635343330393638663530356232363530313532323635336637
34306462393432623866623333366265653366646330343162353338393161356365663737633531
64633539313665623331666432303163323833643039613930356431343261363632646635333333
65613361396466656431633062313664323061356236636230383463656330393265386239636636
32316565373933376235363734633566393365323465373436656330316338383430353337366631
61666530383462323432636436363063336230663035333436633565303565373833303532363764
39323463313237356562323762656464303739666461633330633639313163383966653232323664
34646131613530323236616632336538316335346633383536663436633034613330333866306532
65376537366539386461646263633339303130643366303263363563396461376136373266366361
31383864373536313439363135633064646634643533376339323332633938396339623264383566
30656135333639323032326238376437623636316334326539666432303937326539316238313265
32663034636234303266333339356264323866376266623332356532393038376635306432663937
63663434646531363734613161313564386638346239653033336430306262303437383036396566
64313939373665303031633262643535353339623739386662343134636466636436643365343638
37386361393762306635643735303361616664666430643833333866303331383539343534353931
62393461666466373039353237313437343935336166333138373038306333386231633432646165
65383738656638343530323838373866326566383463343031323333343061646166646564626134
30316634373736633163666237653339613131303839653232663635376532363331343736373833
35623734366333396130323961336236396164643036633731653935383637373736323130306434
63346663616564316637663066666436313731313733616361636666326133643662313839313937
36306638373861646131316532303365366630653739353033636338386231323861353131616662
65616563613236356165396230373833646465313761636137326334653861393836653363363163
66623636303362376432356166303538643662356361653634316263363434376464623832376539
39336631346163306531306561616134303631366238326531323731666164333931633733643735
32386261663134613831386261663438626164333536616462333262663638646230613531363135
65313831313230646666663539656135633739326162366262646564613964376261643661353066
36343237336564626464643463353361653266393739633464323866363137386139633436353565
39633836656630373937303866333765303965386462393736653163323062373038386333643862
32303465336531336562653266643062636432653930393661386630376465386436343966666638
61363531383761306163663538326634373733356364663538396633643935353363343837616365
39616335653962316338346333643361626561363262376232363233626530326335623165316138
30616532323630383338666161303562353264626465666362313034323261323332343539393261
39373166323831663530353432323537366161373536393738313361393763313865353532623561
65303433666263326438393738346262633337376239306162373461323639356334383731636566
61343631353066633963326163393561623933366230613736616565663661363562653937633734
37646563373933653135386137356337646232396230656466623932363836306637383734633131
62383039653732303232616263383562663762393138313435666237373036616362363639336232
31343338303736363339356539393832376538336164316161303162306230363139356133666131
36323163313830313763333330323763306638373732666162663539343237353431623238326335
37653635393866316566356637323461356332656462633962343637353166643461323166356361
33306139333061653639653830633332663266376131333938396363396432656130636235623561
65346333636231363630356236623466383736626231623234353033303066373764313839386232
64363431363964393762393863616162643961316663616634336465383932343932383266356132
61623132383161393762346630616430383761326237363130393831303734393032343030356637
66353632326363663937646366346366306465616336373234666339383930346263636532383531
38343466353930666464333434386438313564643539376332373230333930353862663534373864
36633531643063303335353031343965343362303233313864613365616364633433303531663764
38363235636237623739356162623135626536613730376163363136356135373864323339323932
65316536386635356330303463663635613134636432333034353030616438623661346139366266
38363231616435313231383132653961613262376132373933363435346330376463613166323561
32373166663532326535393633623834626365313162613766613131366563646436343735346666
32616336663736363433656235396530336566333530323037393134303161336437373037363265
61666634303764373035653838323434643934386637383935333532316165656338653032346433
65323261646235303039393837643239663165343964666231393765386138666238373333336230
63663137663239313538663538616139376566666363646530386634363665633331663838386263
36333365396636666265623132633532386137323331643830623063626635386135666534356534
34636366663862633561653861326632623964636564663733363136366533633564613134353335
63353862346363323433356562373738346434616664616336313439663566306137303139613433
65623333643264363730663834663032646638323634656365646566653336393435616232363836
65393935363961343466313663363065653439326463363633393266643434393938326435643535
64363562306535383762366662316566626361383134393435383065343030626335656638313130
35346534656530343961663636336165643764363832356233656230376535626535333630313831
39363332653964383261646461376235323632333737663239323262343666633737636563306339
32343062383263376431386134363762366662646134613735376132393262373030313662383661
64333231396437333137383938333063356136613736623535343435373561303333373664613462
36646333653132333966303364343530353732376565316637356165626365613663386464353163
39363162333436643336353430666330653063613561366538346361353239333063343632656435
34383562393434623963393265316136626563643961373932363561623737636364613738353134
35626564346436393965313463386633616364653833643633653235333366353335323738313237
63393663613139313438633034303032356237613231653838636161656239333833333732303531
36656535653834633166333562383164356339316433643034383839323939633730336464626537
39313666613261386133363733346332316162336336326230346236336263623733663637643234
34333363626561643538333562336138393562313432663864653466376537656236346131333762
30323866663862666233636336353365643765636637386533626361386632343939393839636536
65333236343037626164343433373865303266323537373166326533333535393531666161353934
35663861323337633666356134646463653038613131636161393635613165343862336130623862
37666534616364333431613538353832316533313161353464346535333861643365373333313033
35633732396238383633613038616166633733653236386462353339316365393666396637653935
66626230393762636666366431353135666465383430386535303533363430373935303131623064
30303964336231636538633438373965353137376430346434636435653337613964336430363635
30396662313833303639396366326233343830393165393637333437663337626164396635353563
64303366653139396536363634353866376338616661613864326230333533373634306431313535
35393663636663623733613032326339363262346630326566616432636262643432666330373530
62393265326563396365363331323236366163366164383365353837663234396536666163663834
31356636623362636362336361373333656236353666326433323932373463366330373463616538
62343462393334316330663230366636333837646565343362663131646236343261383037613539
62373837633361323436643030363766383031393534343436613963333261663464376639663731
35383531636433393565306666353536626261313765313435623535623938663636346164383236
33616366653736326462323630393361623430393036363639363736663532373332333338643861
65383262633362353265373562396336393038393032383033663766396264383134633430663035
65313363316532376137666233623463356334356233646564653132623866633462636431353165
64626161646161666539326337656633303331303936366137623363653539646263616637636463
32613138616332386461393964363334333262633837343431366333663237363462393235643461
34656538366332323433393966373763323933613838396235373639333338333165663434353964
33306531646363356630643439373461626434393330663664356237623834343162336631316437
36633832376134303335373730303362653639366536336464306464363239643461376563656438
34333636386232633337656335616363333363376637653030623733616262633530643038316138
31383462633064626666323235393835633938373039616236656563643966653032343265623466
36626161326337316536386164313565393636653232346130346331323562396332323238623937
61366162333964386534306661323933646466626262326636383263626136336165363964306665
33643463303731643563323962623166323430303530663463323563633734643739646165393362
36386335653634656431376361376265376336663365666233643033616439333937343965356134
39643136643831343031653564323039393738323363316130326366383034386638333936636665
32366231363634646632343332613564313138326563323536303234643130653466356266393537
37346331393533663364346437333966313738383335366538623661656564373164326138326633
38316431656139646538663334626239643334383238326261326239663633343431306431633735
31383266623730623130616336396164356534396638656561366432363337643037393664386637
64353233373737393836383430353866626636316136663030663064366438313839326537373536
34336335393861636130326530353138383832663163363530353761393763356231383863343563
34623839666534303639656661623864393431353533623561376563363836376262323635633238
65313661303937343831336231393831373861623862393462396162313731633138616164303261
36613563313766613136306435636361636465666338396136306237613431613563323439323862
31313561666433366165393239393433643731363264396366356137313230663664653132643266
33346535613265373831333239643937353133366231313963326265373032313336303936643134
34623161636133323862353433313238653731336236363364383462306530613365623036613364
32326565343233653939303765323935376636616261363937383934316432643239393462333864
32376662633232333730636131383961643961376161303234656536626230336238383135316135
30386434616437376134653134326264363263653639323363346637313764363764316662613934
65616136313066356337356334336539393437376230383633663735653530363065613062303532
65633630306566373664663733616661653665626538376563376662383532333062663661353138
32356465313065633631396164626230613165616564393432383438386438333566303238663031
62323661616264653930376430613936323433616165303730336338346131666465613431343032
39353338656362366162333439643730373733663834343738383636316361373166383531313939
31373161626465376432313738663230643965386465346237306438306634336235633161393764
35363436643564303738316461323130653266313933336331373736333962353361323535313561
38613465383236353732356438376165663030393535363835323331323161393136656632336564
66316338663632396632313934316438643038396163643963333665343264313430326437316437
35366534653134373137333438363266393337373864613861346635306435343732303762346432
37306138663035383866623339343936643364363731613139633835373538663362663434323165
31343434666463376632643762643234643833656136343763396437323639633363653062353530
66313930313836626666353866333966383866623766616136313039376533343061653033396666
62383531326239613636626365323930313930623235343334323164333361353661306235656466
62653338656131346438313633376636666338383263646537613830363739663533653132386338
39356662623339663530396335396461353866663738336436633935356463303030636533313332
31323639643562666361336466393865663630363466333734383161613736653966313239636663
66333733363361373162646234656265326139303362646262323162663763303630613332633866
32393463396134333235313831653635396135643035353631336463663362366634333439373739
30326437316331396231313561376462613934643963373739323539323232303633376535653864
37313361393266636265356435646461616132363734313335383737313461363138303931336563
36383633356238633339386461373066343437326332653737386333393762663962643562316263
37336331313962393062356438383838623562386161356235633731643031666663346161653932
65323765633166393265613362343034316539323639383936393733643231373931323534623331
62376662376263313166383133373731316461313834336662643034356236383638646539363434
38363136353835663664343837333234613933376661663130643832616639333136333137656434
62636466666633383432613936653637363436663734353030316261343932313164623030313833
66386161623330363562646135653962343836666564613731623065653763306663353936303231
32303864633534393462326431636664333439323238396264373431336365376363616266353266
63653566316263363738373434613535373337616637396466346635656138326333363835326538
34613236366630613638353637303433663139313964393937333433663235303132366661623263
31343266643133383137353362363334353839373138646238623532653362663830623766653830
35333533396364643166303663663434306232363237303234656537333535303931353135316231
65373230376233346563316437663330306636316266323438623238343232306135633232383337
31346232663962636561626365386639613134636464653562353139353237306664383235343634
33316662633237306133303634323338386366356333393164613265643630653535623463623165
37623737393364306565363931623934663933316633336264663732663831663932623439653332
32613265626239613363613233646534323465643932616362613535376166323263633436643837
39363538303837636630373035353638626538656233376562656637343932613036343332616335
34636663333231353837646635303339653035613534363139323537356365353231386436666162
31663132373865636136333662343230393930353239303066346661393236323966633266643937
31646534366335386532613363616663653933383561383330643139333664343964386231653431
35613666363236333963623536353265353539386631343739643930303534306662636465373464
31616564663334346337623738653730663238626439333831303633633135633435613061616332
32393863373630626332323461626135616364633532333731663231336431306333636165643963
64306636353563613766653637336462356232353530333663343332383036356463366162346535
66373061643366666366653634333966613765373933646362313837636362646363356134333862
66646539336563636332386534666630383064643732333831333564613962626330396634393163
62626431623462303039353539376266643631646463346538323265616634396636383831356565
65646665623162386335376261653137303461363364396130616131356435626230316434666633
35323730613534333866623662303463653663386565363330633065313164636364333631323763
65363061613735356666313931633539306262383638373731323135653863386433383663373063
37643133393433316132623139346131323037633061613134393836646263616238653966666134
66623266393434316135626230393931393835343632303561396434376532343639306235613263
34363164393536653932373036396431366439363034333235336135336232353037633961623165
65353832363163646438343163616363316630303633366137613531326263316262383630386230
61353063323262666262303262663162396539333134396138393839373635326266343162633163
30323761336338356262633636323863396165633038316330613935633463376362363737633533
31303166326663326438643935303838626632336132336535336662656536353633333134626563
61376463623063376136373466633837313931346233306536333965393335356230613136383636
35616336663734313436333635626362353963346564383462326265663731313766336566313963
35376333643363313837313636303435613933663562393866306333313932343764626663353964
61393039343030396263616433393239313166633336333762393562353137396565333739333338
66323164366432613764303564343864663431663162386436383539396362386461306263613064
35383861346332363235656661366264623066303239646464363232633033643137336436393738
65366136353338633164306338623563326562626366616563653031633166643239663330373832
62626438623066306266656462613964376636633733303038313039336635393333353339643164
64393731396165373431386432306132643234613261613262393536633866323163616366633332
63383839303339613164316234306237313261633463353639383637623835353265343135626538
35383633323137386634363266343462613834333962666338336339363039323461393336623137
39386162363931663233636565663332363162313366616434333239373339646230333237636239
66663233613330666264313266383166663063373766616164633031613139363562326263326530
61333864306166623665363636656135376139356433346465316335613837373939653936336565
62663733313663303135356462393732336630333135656438373330336138336331613536303666
63643066646663626361346130346236623237623535316439366235613132313232366664323534
34643438656433643562313631343661343663313932623334653762636438653934326137663736
64366663326639663666633439636365376231363731303430303233323036383262633430323766
33363363636237666439623034383433363162353066313839633631653836306332653033303131
36353362346539653035343636336263333432366636383734363839373864613736646337316465
37616362646230653161363833393937376263326435663432393937376266343631346132623735
31646139643931636534393639666462663765643663393832386433343664653935643438366136
62356137316364623035666434323133313065646662646534633435306539366666623063663661
39386639313437303132336132363462366463663336313364333262663931353034646332633030
66333534623938313738306430306131613465363765333762323937623564353064353032613561
34396237313636626661333162353735366531633135616262336561663762383632653836663339
66663466326631653037366530316632393631383636666235636132663161376364373132646461
61643330323438666232363962636465313039396262336432666334306238663836636639383931
39373466666534616630396437316564303039613836626435333931373764326631313436366333
34666239646363656665323430333163333136306335623462613066373761366531383866303832
38353064393439353861323331666633666362363134633663333730366238323063376236363536
38646535376664323232616236376234633165303134376364643363656334363966633730393765
30333336353932373730656164623339313336333466653539393330306535336436333339303032
32356464616665663163643436656139323663303337303338623934353665353934393533386631
65343430393331636635363731313937336533303362353231326566393435356339346131663534
35353035353761646336383838303538343366326137656536396361646533366231616137376337
38643736336461333836616639353536646566356136323633386364383834663830303466613634
31396331653733376230643261643837353566653936383864633339306335623738646266366235
32303864643637313261326230663165616230616433633232383330336330643437343438376634
39353164353435393161666163383866333738626264353530396338656532333137336533333263
35376233656361326137353130623635343364663265313563323937643932303932323130306637
62633531386464653761353230346338306261613431366339343461323634353039373831366531
32626661366636623438653739366135653235366136353264303366633735666266383835376166
38623836613637643637306334353733343636666533303837343133306234626231396131393762
34303662643632633634343164343836336530356236376434386136376333656133383962623863
66333362313634383930633532653363343961343632366138636233363038393865633437653565
65633365646437353562366462373231633463313235393561313962653435323661656662613966
33623466336464363434626532646236366362353762316235343666356533623935383132336331
30613539353431333563376538616164393562623265666438313466616631633964343761396563
39623366663066373266336264663363353765343930363466386461393539636261343737396535
38633135393232656639666565396263326439616161623963646362666263646461376331623561
64343366656132313735633334653435366361366633666435363766303231363530323235316431
31616437303437366166326364613839656335333531366664316162336537353338313562646334
36653564646166323861333062343832623137636137633130623864383066663833353038343466
39643431386162386535643463373730316530353838303533363962336330353537313862346133
33623430316437363032363532366262353063633935393930306162316662353530373963386161
34313130376636353038393736363439646231333861383061616166306533383639356430386661
62303635333135393262333539363165323165316339316235663535353862636266353637353832
62343033613961383831656536303061303930666561623939313835643263616664613533356137
64366536343338616438636437303839616233333862366166343562393037663836626263376434
62393230353362663838656634326135333630333231656365383465616631633834616461626661
66656161313561343336353164646661643661623234376164633130363365393263336134316461
66383938666132376232393830306535633065613839366464373732383536336533626366383038
38363338376131313334376634333734323630643662623866393731663636333363646437666537
35333065393937386536323931313833616132313063383237656265303436393361383764346561
39373664643962386231623835333437346162346131643934666634633537303939386336366361
35653333376263616366326539663631313965383332343431643866393363366330316536333330
37633331323164646135663931373832316432653532306534303934356231306634636365653538
37323162353832366561393435616566666438366135393539376330643265643734396530393063
61643735343437346261313037396563613230623935636237653638386162613566653130633831
63326662396265653636363765326331633963383830313235653330386239396432656562396536
32656638613861613831396435353734396636306365323835613431393137383039616631646266
63356337623336393138653630373032393132613563306661616539346431383066663431323137
36663933336566333031636238313034323532303033626134313634363264396533346261396166
36666339316537323331626437666230623665343434366661343064326561383739636239316365
30356136343761323835313865383966383631363732353533373766306263346234366561366234
31333665333237653030653562326639376437393165366535373333303134343137653862623331
37343036373764313630646162303264373237383062326430373737633736326462333232633165
32636166623439396434336134376664316333633537343964393739373330303030366364316634
62653162646630396562376661616135383731656331386132313331663732333733363037343230
34396632346231323635313834313038646631343037383838386636383033376666316431353530
30333339363137633334396564356237366565663763393136323337346463343363643166646431
39393435396631366134323132383732383833616135336566646462323261353030666238613263
65303031623566303831613837323933613236376537363366366162393533613838323530666439
62323435663135633764363863383061323131656436643965613363326435343338633435613736
34383530383230666462333964323762393038346631383661316265346432353661383966623130
66333330633937633132353032333437306264336133663261376434613335663036636234363964
62373138366239346633393763366137313431373364653137626664613738656138633365376237
32376631353961396662353832303233666639343035356363376134343532613334366236383435
63333133663332326133643962643866616238663430346666353037343539306164373863383238
65306365313561626436393166623837383032626135353363376538313264623761306235386639
64626364356435353062623664393865643665616362353364383132653635666265623635653035
63626138653461623266613032376262303261626166323464323032366164343562653065643230
33323034643138316662373964373239363538616531356237313738346136653063656431646638
37656261646265663939643534613662336538653961613738306631343536323830303963636438
38633030356661346434373538643735366666346332316262393437626435373563313466366137
30363535333333393432333935333131333137613362383537323436383437646137613265303637
63383233353865343138326333376462643137653932653062663535383438333739363839623638
39366330313066353733623936333639623764663036373837623465653535616435393835626634
61373636346135323165653632303834383462313436636636326237376234376134633236636533
32626634373764353639623734396536323461393262613438316631313661616162396232383631
38646131643635626239346130666366623933313462313462363434626632323463383139336133
63366636303137393839333230386633343562376266623631346439376532326562393766653466
32353339643864303232613236313564626363633835396461306666373262383736333636616635
62303764626237646132666536326532653064623332616633643064373762383930336162373230
61326262366339623938306432373332383261636438626165646364626365636262643462386330
36656266303233383330656633326464646130366630663732633531396133363136376239386430
39333466326231633262336665623865336233626433346236613638346131613561663031336135
65326236643966653139656333666265636666393034363165396131393734373433346662643939
37343539303265376332343261366232306665663632313365396266613763376537333733373838
33316133306563343334353037646539663536613463333364373536326431326464326435616164
30653763623865313333323861316365636233346630626339383731633232373338633235323164
35396533376233616163646263303765333963303562633263343734393737396638346432333165
30353363313761376433363438353262663531376430636263643733616534613366313363643663
37613163323136643261346130666332323337356662393634363139343239616236393739623733
34316134303961363533336632353466313233333232333365373762623666323337376464316263
66323764313833326433386635313732613333383330643939306138343531366231393262363832
34386462306135613364356562353631363063323532656639396464323433666339373165623964
66653930353737343465366266613830626366393632633832323533333335336233653535326133
66656139333264613666663066623737323138633761363334386632663632656237626633643162
32323331663335633161663038303163333333643039353238316538613635353231393039303066
31656636363934613438663865323331323761633633336436666336643230366561623038653263
66616334313766383163363534333433633833626165343336353132646364323939306366646236
61353261383834636432353965333738326262383361623664366561643632373261376133393835
64393639393566323539656336316164306635323064323738636138393763373863623736333962
31336430653331363565353565613638346132623239626261333366393833386364663364396161
35623932393136306430343930383533376163333039623764643230366137303535643838366633
64633361393935326331333137643536333665323262656336303465333230303530616263346436
39313464303333336236303337366230613534323866663334643334316265613338616162666631
62363730383235323237363066333733333364343734313834363939383832333533636636303961
64353664353434623463643135376666643532373938633137623935323265346430643065626139
30613130666562373864313137333961653832333633323437653463323835613635356264346362
64633834303062326432343364396639653861613664613161613332383965363030643837613136
61663464663430316639343730646466346564396437356263383963666462376465656432363266
62383335373337613636626530633138633732313434643631653032303130323733376635613564
38396532323866376632383637313865626238653238303533613763333738396238613834303966
65663063316461343334333133353033653461653162353335343533646433656635666532393138
31393562383764653539316165633631633563303135616665663233333364323064383433336632
32323530346337386566333265333862666635653639373263376437363437323435363130313765
61633432393032323136656136393665636239616264326639353831353636343961656161386434
63333534623339623831316466376336376663646462623536326438323933323661663364343666
30323237663935333861663766643666323733366635666639656230623063386630363233626635
33633661383566643765376432663766633663666531326339366133656366303561356365616334
30366434343363376366363138613435306239333964653762646338616566316636383930353064
64636361643137393735653365353434366266386336396163656532653830636331636535666435
65616635336232336466316539333064313831633564353061303861643661626561383564356664
62376633323233363530663266663136636330376333383761366164343532396438623962353836
35643334353462393838396463626336663230636564326439653731656236396264363534363733
62393236636565663638653736356630316230663030613765316538363461363635373731356262
65316137346661383731346539363536313830353737626630366164363837363764663635663065
32656165376132373365326264333764326234316539663433323262616264303765333736623830
34353633616164343137646637396265313532336630646262653165323161616664386630633838
34633332653433336265633538353337376166353034356361616562346131636439336465383762
30636536353034613230303866393663326463643461316561633535303230613666363564333162
65303961626139663739623438353833306139393265363230383835656337386165376464613236
62646131306531353732356239646165313861616137306135393134343661303432616164396533
64613634386633656435353836663264343563336130613537613638643730663761336239643930
37373237333034626466636237656332643566333538633462363938346434356538346535333066
32643133383066656562353961326366613161616331313235343739323234386437643665386465
64396536386337316561616130396463313061386462623336316161333631376631313133653837
62306232316664643934393465633561373837623933653438383136363630336630646236313638
62616632646535303539656635376437623836386238376233313861616561626562383266646134
38653064333438366266666231383638313035326563303362343461623437613431343261636565
61316363643861363662643436393235303734646364383866396266356336383736356564323561
37303435626133396665366131653831356134316261623731653761346164333230396264383566
62313139653737326464376365376665633434653935373664303639323066313163373930356164
32383638393964386461383434393733336162623035613863316134343834383136373066646435
65333762663532326361356661656664623432326330363265323363316161313036653535613834
37373765393939313338646262653035343466353537346436653335333663393631333965313037
61623831353662663466373539326439643165613939643638343063623835303866376265323131
64323961336536393365666238313632643166646536663866626431363136393339633333306162
33643639363665643431643733336365326464336538613432623838643934313764313633376265
63306162613166623237356665383765386631656639656533616137656635376464346338336634
34313131383664336565383562613334383234303231383139373662303837333933323837303366
65643932326437306263626432643363346638303630333362353061613830323531363633323263
64366138626531306361646534643238626663393930346333396530386339653931653266323839
31653934313130306666383833326239383730303363633162646665366661343339366634363465
31383364303238333864636135313837333164393161616231613736616136343330386437623362
32353239666432653164393439303461636135323431316439383361653566663362393434643632
38393036393234656663663933663330366566373739343764613438356165636264623731363537
34336534616439386636323533633464663235303365353437303732373261616130653265356630
38663730656665653661323438366637336637613432663265343935373061643731353634666131
31353638363933623633653632363166333038306636616432626164363661613030353430376436
35633034366530653033373731346662623735356335346534316663663337373536376364616137
64373465323661613634363138306531326432336161653535376330326139373234356632393164
64393932393263363235663862353339303163313365643434303662383731636531316261666632
35353933316362363961363537333963366137323263333532323032353061366561356335393432
30373164323063353733353334386266663532326134633866623131366533623436633061306638
62313138613463333539623835336335643639386436366162633636386139663366393735363234
33383834376331313539326532393365373565343065383163353137356464396433313466343466
63323463613163303037623632653631643138366462376663346566633632346662333131663237
62313837663939343638383133643766356335626434306439363666326138383432313431353031
32333961366665646433366361623939643232643333393235376266353139313032643163306232
32643563363262633834393134363562643264613539666638326336646236663230376365383466
65393436636362343333343065343332363762383232306137663539393562313739316633613064
33616335353632623764643632376466636639363732333064663236356230616639613232323931
30366462333761323932623764623932373763363965363030623933663138313434373466643432
61666530383463626535636564633264373137383263343830666564613764383232656331376436
62666535393961363630396431623438383565386337656430306536393439313632633065376161
39623830653439356134306662653337326332353936663134653236633937643930323265643934
62353065356137316263396365383934303864383364366333373439396261356136656633303265
37363465623539623166393339383838663836393665363465636161336632346333353239343632
32326237336432346266336638393664393636316666363436363539316437303430393331356631
34343362313835636331303539643065336562333036333339663063633362633532636264383632
62313430316437633237333066373037393663353239396461376136376535636163373730366264
36343939303961383532306162633635333831633931353461386432623538333561346535626336
66333737373432303962313734663038623830316330386566653165623839646337393830613533
35636336613536386535393132346537633132643934643231373639326339353963363332666265
63313439613936653137333035653366386636666565333431373966393331343763343330306338
38666663383466666239383731656231393763346563613733353532353339323930633964656566
38653563643734376264626631333136623836326630326262656333663638613063633066613366
39313939343130623336613263393630363933343630363561396462646332633133363262383861
37313934623331383330646264636634633563663132376630306135353139663731616335663566
30623963643531396661313535353038373066356664363064656562373262636234646334373531
65386433386235343138633138333030653835346633646363393738373763306339323036666538
31653735326538633635343136663733636262396530336132613934323166643437623732363734
35623130336532636334343532356437383463643437363166623966623464623165643434353965
62363330373965386331616535643965616536656639663532383961363166383432316234333032
30303330353365636364633364356565336432356439363061333266323762633237373232663966
64663334366431363366313230343932643961643866323233643065386362326363643832623135
63623730633931633964326663376261626539663266306263393165366530333932613261303033
30366336613162356334333731633032636461393335336134383930323261353965643964666464
61323634636163643136386636373034336337653137353966663162616330616239316166363738
38623437646532386164316139333466633834613463666233373264306263396539393837613533
35613136326566356136636630653863333862383361636263363332343939646561326164636430
39636233346563323234623635653361613339323663636263363664353865346631353732386532
38333838393330336130356435306339333433633561316264383762646436393766643864366364
33396133626635383963306264623663646237306130656634646536356336633565323932636665
37656337646639623762633734323463363335643165313137303665316131303764666536643930
64353361623333316438653034376336336132393735653031303633396465306663313037656139
61653034613238613765363032623432653432663633636635336262346235653734653963623930
32363836386236396663386239386237636362353264313336623336306163353435643164653631
31326566343931333831306561303430393634356131623236343038343638663739646538653962
65373665656565643535393730643066646466323334376138633166663836303564346362656330
62636338636537633436633934653038386664376364303865383530393633396433633339633036
66326266643333663532643966613431343635636639646463623264663563393336623966353038
65346539333364613337373238656463633432316136333736336661306464373932333237356666
39333833353564656630393531386331386533333962653463636566626138636638636434316162
61386335643864623361643033353731393837646463386232663133306563303130643762646534
34666261393136636337353263343634393334363834333230396139333934663035636630663766
38353136343735613632326434343232616231643234323039336130313266326538333533643633
61666439633763356230663961373232613863366230626635386331616366663134343165613836
32366633303336623663343061656430313861646630633931626130653433376466386135343261
38363235616632653238666333656564643833353939376233353464623038303065323065353061
34646539333039376438626436356161363237306161636232376430343264643039653937633465
61356364666132643963663639346236663336663731323931373466623264313338333966623235
65666366623964386362636262363864303562336539326538336665623835666533656636356364
64383535636433373566396262313438366436616663313961663362393761323563353735323363
32363735316133393130396635336635333865353537646436313266653237616365383535343363
35376132663465366535303435646238303061616133393138613238363133333865373436663162
64366332653031643332373865626639373933623831396639336130643430376639363535303134
32333661383934323939346437383863616634653963333066343630303236656466316433633465
63663162626134663733366666613835393233353361336638653361633663623736636535343463
62626566363364383934633764646531313235313231336631616361656536383138643261623932
30363931653839653763306565336130393865306162633938303231373330343664316561383061
61353634356331636330663036623766396135653632666139303735373739323735333134383539
32383866636135663631333166643237613361613637656464376431636563363434643234336431
35346537343666396635383233383865636165656233636437333462333339303561393464366331
37663965393638653463366636613834343634646461303061626565306334373538396532666461
36356336343432626466313232366265616531376139346532666230366465613531376163636465
31386536333662653433356263376161336430306633643838316661393761323636636538643862
63393835373239656162623735623935633238336633303132303964333836383133363838363238
32653434303065393035383937666164313934303531613632366561336265653533326239643936
32316364356430356166353831363762633433363437656532646638383335613238306561383038
35383633386634386338343933633632396132633064313530623738313931643062373866383732
37393133336236356536356661373565646161383162323538646536396139346563376664383835
66363935636265313361326566333762613032303434303334363532363266363031303531363330
34636632316230323436303264643638353962313964643736626161346265663162373835656561
33333365346463323836663464333237383163313038313431373333663634613335626133653865
63303665626562303731396632333631626166643764663162656236313633363764343935326238
30303138396361323431343437323034656461333036613066313436373061326136326535616330
61646363316432643638393164396638333662663964333962616532376438656263303134633735
31326237353431663532313631323231316534646639656133393666323035646366353838353332
65383831316433346136313565636365383333363266626266613566343338646364303239623164
63343366636637653839326139383265643832306362613134656230633433646435376464383965
64313830623837363362313462343432343132326432346535393430303631313233663634656264
63643665366164653835336262383565663564613039353634373364656330346135303765633539
31376633373066323762623333323361643737656532333736633335363264663364656664313230
36343830646363383032656632356130303565366261323031373531336331643839376131356164
64346631613936333166363839616466383664373930383436633838306661343436613031633137
38303234343630393536313065623462313732373339636661363561656638626337326233326631
64376661656136623238363335616339316438356363316439333136366435333638323933643130
66333464663235663337646334643961613263653930633837633939653837366633623861656135
65396161323431323662613061613764653734323761623932653865363935623031636166303962
36336533633237323732393562633566313566396161303065366434653136333861353535613864
61303033633863663562383533666232326164323061653933643563626236653931373733303833
33616332363230353833623630366634306366396461373830316332306462666265303462373931
63616438373437653166316238636537653430383233333332656135386263363832623339343431
31343237626164646533346333666438393934633139353130303836313139316662323531396231
63626238393761636135366564363762333434366266343161323738663331653632343232366430
33646430386531346630376633353335376632306465623262393531366130636665333838643839
34633033336261666166313239633731623164363062613039336466623836613963326161313133
63393339363334323338613334623434383262616430326137646639636663396138303565323332
37643337366632373833313633333337663635353733643532303632613139326632363433643632
63366362303732623937306665363534626265323166643266343331646462316638653534646162
32646165643361613037646164373631356636393730313566656435343362343837636365343039
32323461363031613638663239653032663962653534636461656338653461646462613061613439
63633933653963643835326330303166356466366365323637343836613131663964373033666266
32636535393537303536643666346130313162356231336265383232353162333332386630643564
35623630376435656433613864636634346336663232663733393762393164326635616561373565
63376531653464663830616531396437653732326561306230386466373839303438386531393431
62343033666432626365623731613035376131363839323939393765633533623866656433343533
34363630613463363436653938363863613831613963343735643730326130633166383537303363
61653938313838613731613230366663643064653261373531326238313863613330303565616231
35643430376532636339343736666137643633623866666565393532393631393665373763363063
38303838626365323635613033323635366262363865373836663831353864303837646565336231
62636365386137363235616239613535333933653738643935396632333433653065353665643234
65386132353736303633343935313565313531623861363837626239306164313837326461303362
64333962316638643061376539656561323839643839383364363234663136616631333732623764
61626663663336623263323635383737333934636166366438333938336663663863326263626535
38376635656462653461333538393235643663363133393333633462616338346237313336373531
62663733333262383536346161393965333464646631613763303535633334393030353036663435
63626238643336653333373365396666633664376338343461626338363765636364333339336166
65613731303666373439333331666131386337376463306262363038623430303335333739306162
36663565313737633662376434623231613361363766386463383436663433346633633239373139
39663864336338356664396539643666313866346337303038323766376633383566666263626365
33626261303831306439616434353665383361626332396533316530326536616336386639386130
30353938356261376631653139626637323735663734636332653937626338353939303334636637
36346236623830653936613265613136633961363166646434663464346339313461663430333264
63346132653366363535323735343135623463303466316337316137336431376366346265323065
34303433616239633838316131356336626565336434663961343238313738343466316538613165
34313332636433376636383732653162393333363830393031633039303536366364386139633439
30316431393438626635653533343535373166373066656365343734366339333536376631623465
61393363343265353135636533623337616333633039633038316536373535623462386131376662
65323831303363373738623832373062366230333534316365393637393261316230383365326663
38343136366639646332646131646436653464626238636433656238353864313338616464316634
35643437316535613237646332393239313361316362316238666233666265393662303836663962
66323635633965363138623038383733326533643633663434326536343231653063616164326165
37366630306437373637396665646130386563306637623032326234356438353430363963343833
33343932363165376563346464376563313830336563626638353863663735353631366262346564
61396166373334646432626239333530336462643930643565306334356632373835353536343761
61383061633461663961303337303031326531666166626138343966386466383737633733653138
32623232363433306436613463643336316462306661643766613865393164363935656361353264
37363461386633363436336266373031356231336439393066653030646165393438623632353964
39356666393331653036633565616530353939376136353266653632353065336361303363333830
63396539626662613938366536393064613434643531613866636134653833333563653564343130
62383261663966343239383436613565653966396663643938303666323033366231353130623938
62666362333633653934653831323537633166656136313138313363653462323134353666656632
64333162373262633737646533366232396234663134383833383435636439333434306364373266
65373363636262323432303561323538616162353632653235346338343939346536303338653235
61386134343737366530373937656231663561626535313461376631656562646438656164613239
38373738313362303635613036353161633636313930383266386634363239616162643262306461
65636435653963653332643139636138393538393036393339613337303039383239316330616332
36323965613139316136316433653764626136623866353237326263383538383734643733316461
38396363376637306465633034396365663461623639363835393334313638333831353562666433
63313937343932653066323766326566373136356437316533663430396430363366313838396333
36373236626630633066396339666636646562616363363435373464363834313130663466313634
39613537316234373630326162353235656639653262316339326262343761663137313931326165
30386637326162346532623136323265623538326462646337333636313434633461623137336436
35623162653839303130663430616431313939346563336430373733626534316239303561313939
30303061646265323033373631356164346263656561336435623436383738386164373836646534
38353137336238383965633035666662393939366162323165623563623433323132636532343037
63363036613533306236356531303735623934316536663430363466363561656366343232373339
34303461633433346535353037383831656361613832643733336633343166373630386530316264
63376233326531663566626135343166323232313161623332623139316466633137356637653662
37303739393462383630353265353539323838363862303639653862393939313239303335663735
32666438303530323935616562633366623234623338306432383339643062653837343131343066
66393435303131623763633861653434346437313037313163616437396664666462613133316634
39333430313738373638396537623738326632326261626262343963303739353836373738306538
30376562646437613334653337303930366365623364653432646263363430666263303838346463
37623930343737383130616335373135616630653034313764376561393065616337613266666234
37303333653531323562303832626133623734383035653039333063633463653937633637643266
64316663333930326630643433306661643764333961316431366535306331633136626331303634
64383234323036646363663233376231376164656364626334303937303364636535333262356530
38626663323532623438653561333864363131316461373237313665346333643536366533663565
32336132626631653634633433313235646136303535383330326531616239623433363634383539
30363965336461656635613737363762643166383831346631373237363863626532613536356339
36303431623336323163616137373633366163343435353635643030663263383764393136346665
31353764313731366465306332653839356433356639376137343566316163303764373636333035
31613931356137303365313236643732326434366135343934386261363064333365623535653836
37333162346262646330616136613037393565636438356561383135393062323032616165613833
62653965396534323539663965383138326566313561656137356566656237643865646538656634
33313465656364376630333765316465653230336263323363613038393263646363373035393037
30623230356638633733353733643639333532396138353139363933376633623231373735313366
66666265343532626461393032643961656335333038393265383364653239393163373233393136
65363632633939646532616332386165333737363932383366643732303131663431373733313737
64376230363732363565353932623965346163333230376666616365356437386132663364633138
62643030313633616232633636643932323834376534663137396533353538643637326662316436
33383134666162656136626435303939396639326534646630303136333233343931326132323963
37666265383332306563613738666339623837653438353834636536326532316633336334653339
63373834313462323264396330326262316261313162323764636336623530393962663963303530
33383938316266646439636666663237313061326434666163303635323332353839316131656530
32326333636636643765636539623239616532613435643039323661316333353836386537343330
34356531613532326234333738643139633538656238643763316363633231663737656537393563
32306264346262343337626563613565613262653235636465376135636330323731623064656462
33386561336233626334306365376433653739663262383162353738623162323265626430613337
65643636383433636164373531363463383332343461343238666236623439326330333936333165
34356333393862613636663961303863343430636565396165386435333763376232643437376364
35303338363930613138643830363362356261383435346132363530343739616164316230643332
62636136666431323862633030303561313965636163353763373138623464656132326362666137
34383465326462333637363936626534343336313738366538343130646533303962316130656464
63323237616338303438633965303636656538326264336532363062333136323032393738326364
66326165376664396234663062626232623631613539393566663531653533373738623637626462
31376162343635336163623566353761393065653135323063366562313639623834323561666636
34373130393061323135353734303335653361616330616165663039626136623461633561653339
35653931393132396261656435353935316432656538386562326531656432663638663933313538
37393738663564346331633330396364376238393063613063623963653464383062323732393861
36396539333161623638316439623534323936373164366234343264383139623162363364656165
37633632336136613935653665653664383838643233616336396637633263613463616631386533
62353561326236333536386532623138323363346533356332306464363337363064336264363936
33393866663766333134323133646338373531346131393963653266656664303239616262376233
35326365396164356136303535376364373731376635666134626464643432333365373861613437
39616334313732626233383938393430323335323635303662616562353261356637306535383239
33643663383763356665326463316432653539663032316234643139353834616133396638656639
33353935363838383734643464656339613735623630623865643561363463653931303237323236
33356630663538303561616534653761613337643432316163613932343637633865373239623762
39643731343862616536666664656264653331613766306435346137666563356635663432666133
37656239306664343032383638363633356336396332663138666532336438663062666434333730
31343165336264346561323930616365383635326234376665313739353934633339386334623637
33663433383363363033343936666163643537373665303132636463393735373461376463383439
36613737633465323164646665663735353965323938656337663138396266326563623562333736
36626638663865343031646364313261323737633561373936663938616136626139363036346635
30313266393536346262636361666666633931393831646334383535653066303162303537376139
30306231373932346431363035323432333137663732626334643730316233303338396339626332
34393565346532386535613336373261313835313035616461643664336538343463656438396661
65386138343738383636373436383935633563396363396337633965396633656239323730336539
39363966346138656462663565356434353736613233653464613738633930643631323331303333
32633161613630633430323432366562623033353665343966613334373866663963636539633365
65396664613965666636353036356163313537373064306434316334366166646631323062646265
36663033393235313966336462666431393233623638633264613830383161656335613836316337
65336433386534626235613864353262313962653262633432663561323365376661333237346265
31353465366631373264356165323637356163343063333733386465383262353230643366356433
65666666626139343133356638616339356134646266303534613437313932643763346163663739
34646335336635396239306333303834346166633739396166386262383263623432643837623932
34386439653862343337333836343336383162356535323536336265623736666366363964363036
62333866653230346239326231306131383561613865383464626464313663363038633863326566
63356665633634646636623766663735653863313334353838326537386431346230346434363332
63323862373564306662623661616463623561356130636533363037633866613830336637666361
37363134656131646363323130643838306464626465666538303064386461666562383066343062
35653736373138636135643362336534396531353566346634363739653362353138336162356230
30363465366663383462636263613837656462323866396231353734666630393332363236346565
34313334373365393962653739343961663762613164353861303632663535376630303735626638
66616431353231323662376433656137303832633939666131383335316632616266383735386333
32303733373232653330393637326633346137313366346664373566666634383061353361666339
65363831616437306539323365626434613539306533326537616538303133636636343330363830
35373964306634633533356634366338366166626164656564643564643564613834646566316638
30313263333362313864316435343462653434366365666432373336356164613539313532386630
38373261633533363863643530383331663836356631623838303131663630303364336230383830
65393364333234666539303061343234386264323934333136666361396262366565663132343133
66636265656566333633313839363830343463376633393937643135663364616563373064623263
30333730663535383761393730613636613633303563336664303737656662383461613030303037
32303263643630346534333065303861633037376333623830303963323664633264356238353766
34393163343238353261643764323066323839306564663738633034336463356439633839353434
62633836373537346333653732633730663438613436336339363432343163373366623239396430
61383962623238323564336364343635396332316331343239323336623333303438313762323834
31653866636237363436376239333164383533316663333466363465393465663238323933336138
34383233303733666538393338623233633665356165323466343739653165373339313066346631
31636536323430306133613537613962643032613032396134613932373539383664353435303939
64613838616230326565333330336137356331313638393937393965356439303630356132653836
30636365623930613563656533663733336432663363646230383638376436613932376462636264
30396665336237383162323562643336363235383265326630306139316535306165653563623537
36663761363461376330653131363538653761343439306231633538636532316261653165303639
38653731636463626266376362373632643166636635323839376361323165366364386366303261
64613064333238383364623066373939366235353532663266303265326635353035313434663565
34376435343437646461633933303133613738343938326630653165353661613932373064353337
61386431376138616130643466646239303639316134386637393132326330393838613665633066
37386663366234346430313636383630613139336462323665623066363637613138333764626661
32316563373439666666376561376234666562393135366165303532363466323535336366616133
66363232646536343932633331323631326366343838333663663034653736626164313866343636
63663336383963663262633131643762643338643139313563343365633836343032386564633431
33626136613536393734656163653332306561393632353234626535393231366435306237323364
31623863636335653238653932633865346164636130356366343831396663613632663462623061
37306234643037623861336635356664313334356465323265313030373764353532346134343335
65373334646235663361333862363232643734313261613965616566643661376235633763656232
61303238346130306430346336303361396435323933656663633936313031333435366637626636
31363630323138613330306333343032313634383763306433613363616666316537613136376166
35343062613832623031376366333965623132636563386666636664323432633234636637626361
34376666633164353230326464363830373433313931343764396436613733643163623663386433
61626434316635616462316237626631623031313735366437353633653030643766306230633964
35353639636466363632313461666465393735306564333766656165613937303031313632343235
38356137393266653264333961306466613337633630666566303763633863323539313837396331
65343563393831623638326439313166313862323565653237636330303031626132386164666331
61646630306635373139643563393135613864376238643130636563336637623432386530313230
38333466383364383336643339663461373232643337343161323739633537376161373864646130
38363265646533323037333136366434386462396434333734383163323334626663346332363563
66323631636235643161393664646363313130346539613431633738623437336234316139346530
61313261333831393830663962646364646466303936306239626433376566373934353762363365
64306332623930303939633233356237353237393133383133633137393362363566646635363532
30626437346530653633346337333436356563336366323239393838353336666565313362323233
66373530306465363565323331343766313164653963386430346165326262336532613366623239
36356262663466383439336231383534336439383431363837306466623165623635303065373737
36376365366639323733633065643831306366303138623966316338633631303464343535393765
65663930353765316664346531373137333933303364616565373165363538316663643536653631
37653830353933353731663166663162366363353435623639306433373536373865346132383831
35623766653762643164363066396564393037333332653432623131393631613938326265336634
61643930643163353964303435373161313061656239646239643366323637353232313965366465
31623933323638363161353539393837306138303536343763663635653634373138373830633265
65663638383562343632663834326237616132623335343064326666323164626335353061303235
39633932376436313038366666626231336364386463663364313437333665313664613336326333
35393366626562633636323638373533356437653730656633303430666533306337623130363234
66333035336461386135386261616435636261363032626137613734633165326261353938643030
37313931653463643332356464333236376364653433353866633563346532323436633866373639
33383163346163383262626239656161376539363865666566653063646632343230646438336564
37303766373661653233316433613235393535383335303962653236643261646565616366316161
62303434353531363461363733333965303237343132616232333736386464393061616532333532
31386130323261343863666131303766623534326462623865623530363138663563646463356361
31303730313061363731663939303364636637343536666163636334396462303937643731386337
35353533636462663734306335396662616166363633343135333535643362656537343337353337
62396363373737383435623536613133303536383035636665333836346530626262653161313535
65653033646261336535303637613361336630313731643630613232626533616533656262636565
31346663633766616666346333363261326231616130356336613832623865373039303233636466
34393631313261643333646466386664643764303061646136386166343766343466326137363438
31366335626631353038393439383239393663383134313830303062356162656263306233343036
61353638303664366466386566656337326637356262323033313964363232303862353433326633
32613166366537373136366232323030323365633565303738623263373262303935363938393530
38393736393131643537316362653238366161663437393638653861376464313766363132663864
65626263613965663734306436623834353132643931613964303137623465386461373033643639
38386433333830366563633735333336643365653064613536343362306665353836326431346639
65656330303464373961326436306662316133663138303139613734323932636437646332613164
32343965636663396432303262636232323236393230353531393039643438343234343037663930
31623235646663363739373232383236386637323964346433383235306433383865303136346533
38613435643966326539313865636535643761386430363534663466383938653438346531313538
33313132343537323336653562666163646434616265636339353466373632326130613336356464
38656137363466626330386565613561393966323234646332396139363131306236313066346563
37363532366339633963623636343539646663326135346439316439323164616662316337386466
33396335666335313531626264656131373662663965393562313633363861373236323739326565
35366133316530376233313836653630646161623434313964386532353032393236353439333364
31393337323136616137333162656263346332643632323663666366313162343334376331643461
36656532363463303238633235396231323037353134666562316533643331653563316332393063
37633063613063656532646433326139663736353739343934333938383463633562313035656532
32356333613531316163636334663531353739333564646134343135623462323737313637623331
61306332333538333464393765363038366562623963313064333732626635653335306130623161
62346131333761643931656635353532393937373733333165643739333833336236316539633938
38653837633161363362303165663435353361346439343535373664346233653731633666313530
38306666646536636366623730653433633431356237363764323132393266623633653935653330
64653431646537616135376332346238396534323061656363616363623336316338343035653163
39323865393031656239386362623834333035343137646534306539326433373033393564323232
32336662393265613765313163653864653034666361626130343937353863333030393666653032
34366238616166383362643332383837333063653862303539363636373738326361346630346463
37366466376666616265336562333338643366626564636636383165613761303064393062373463
31656535386235346431303664636466353232623761313430646636653565336531336665666532
61346663356635363439626536663163336165353138616533313132393033383263613539386235
61653231323036353532343466643435663462393233666536326362376630636631663334333432
39306132323862633565303161343635613562386434343562643266633961663739633730383138
38646166643636373961663765656234666263373963626435663263616339393531396536376330
62373636393139343537383035326635373537636235373839363735636161313236663433363731
36343734626664653530613466663332353536396638633462633565336266393038323065393962
35313936363236663163316636303033393738353838386437656565303731396539323137383630
65643438666339306534633363636562326235626564396236616165386264623461383330656233
35363536303833623265623037303862366233623462616266366132383639376364633434633966
38643264393935653037333937316431313361393238663337396663363236663538393335646366
35306636656663643331653039386432373730326537386430633231353933323930336263306538
63316665356135313736313735396564306338613536303139623036303339396530366532366431
30393032393865313436383663303033626438636339323731636534363562323731333339396363
66323833313238396236643461396231323365666164643732333630653036666363326166653031
65313163663838376465303931613839376438643534353830343332336165626239653363303936
37326238313034396239633637393765616536386130383039326265333631636563343434663364
62303262633034323365656564316566356161313261303730616438643333303763396266303035
38633637636666343436316662363263343764643734393530363764643535353932623136393232
63336234613732383662336134386166643538353735663436313863383766626261393036653036
30376261333566656338336138623137346438666139303366646538363964623461313336643431
36356166646238643263393735616466373633656433643230366262643139386537396162326133
61353164323831653036613332363138353330363132316435333166393862636436386634373066
33643530666465323030613064346263376133346331616630643233316334386635656666303238
66636562616437373238373261326235346363346431393734333766663363393932653230336234
30393335346437616461393534383665613963313133656634366435383162366662313765303932
63356531353139393535373435626339313937666436356430346533666361303738346233393030
63333433326238333439383964383030653763333831396130303164336261373161363763656132
31633736336531346437
