$ANSIBLE_VAULT;1.1;AES256
35333330653731646566653664383431343436353466376239386536616432653031656533376433
6265666165353665313932316231353734663038333939350a353438323364653365636565376338
62316662626435323334633531346663633166346261663136666166643364396462633430653534
3433666361303837660a366363363636616235663036366434393965333633303738353066393332
34663263393835333335373136346531366464646237303637393664336537643332326263656336
66366539653132366265663733313061303362303866356561316466396533333335623166386432
64643839646635306233373836643966636666636366613262343066633562326631363832383739
35383532623734386530613665343231643065333733343833653565343033316638616531343630
31656564333462323030383934643762306335346134333761613338373237653665666363316636
36353435343931623237653164383739373138363030343631613266353331636632633264376430
32353236663233626663316234613533633763386361373465366261356666306235376566373438
35663239323233613335613161623535633663373230633035363531396365363737626165326363
32396137363463316437306264326664653737653331646537633231633335373566333533636166
31633039393730383037633735303736366237303030633631356238316662626338613861623632
37613763666236636530633938306362383261303539343739316365653132623864316335613431
35666337363733616131346532336162383866383135306432353663366331366537643334363961
65333363303864623938333332386338633636656463393664393632633030373765353830396233
38386335626234643164356162613066326634663937336333623766656139316565356134636130
31376633323964376230373765313961633766353633346537396363396538333962643532383763
35663165383933306664663730373832326662366337383339323363323734623666636462633066
34386536326235356363343532663334386263616662623234383165336366386630633930326663
66663037373336393732663935613630393462666566396362656434316461353636316231346333
36663630333365643161323865663164626431636465313663626362373461636365313666336439
30613531626466393364626430363430646139316262323365336639363062633432613964633836
34306165356362663961653634616538363338353939306334336137646266306637653361313266
38323538373462396637303436313533636161336432336532323464313236616163386330663163
31613166633938613961633731663131383930633936353033393532303938623934313961396632
33396338303532396636626365633163636662626365353964326332356130303161316432323536
64393366616637616437353236366636663866303666623037363331316435313365346239356531
33373463386438653431666632336662666563613365363562666333643232313736633964396261
38616630333630653362336633393636613933646639313463633631373533346136616262383736
32396565626132663664613861336364306161646431346562376365313166323430333233626130
30613739386134353766646439633966386261663533333064313762353530333861643730313831
35646461666333326265393964636263663164393961353664346538626136646338663534396564
66336363376362663262313935616239353232313462303531336336313961663762353838383465
37343334306532323338613032336262386262346562633664353161396637633631623561366664
34666230326335356433656539306131323638316162653032623133303462326337353534396635
63376364383033316366336230323264333638343136363765396666663232373436656332616264
64336233346135323065633930633136613538623964623066646134653432373530323966366266
66613433616532326630306638633235653239303131313934613965633837333863363439353030
66396535346531613363633263306130393736383831383836653330336135323264653431656366
30336437336635366338616335623132303131353961616635353039306365333961633865343761
65633533656330333930326532303838353363333961346237643538383432326332646331323433
30356137366431393364613937313334326633343665343335643732383334303265343538626564
66386264633335303464353162653534303336333935643764323561316662623537326632393333
39643465326562386237323333313465356564646338666563646335393166613937323234393834
36643635633061646335383030633633323332376537643131386164653231663465643965353861
34343833643764313534386261356533636639343437313139633165386236626137313131343437
31333163363834623735623234313139653334643066663538346233643436346434353465303833
64613534303032306139313336363363323764636161396234626239373232363736313532386438
66663663303965626231343032336465623639663562303937626235396339393431343964633965
33383765346432623436353734366266373531373033633032666232336264353833646631306533
62393031363231353230303262396664646461303838643730316233326534636562626232303838
66376165383137613331336234393061643830386136313762613333373437613533623030663365
30653966666261336535363966633732633432313531336562373966343138396436636331326561
63316134663138656132313430626536353763373762393166393336613436646635663430663434
32333939616266326333343836623762386137663866643932343239653034313665633165306235
36663263626165653561383531316137383634336432623235616533633339346339343065313534
31383830646361373234306239616266353034666463313138366239623738396236343336633165
31326638316130613634663633346639663963653661313365376564613437653966323836663764
33333362663135613135326133663634383836306334643163333334643135313839346564323838
61303234323661353761373739643237353563396661626463353335333133356563383734613764
61653866356135613338353664363937373366353635313964613765383031643033393332623863
31313430376166343062333066363134666137643065326339356239306136653734633538623766
37343861336139656162343331653330646236656664373763636136343235383461653765316435
33343165383663643761303932363764306631316132306265303464623632356131623364636434
36663932356539663931346662373863663165656534323230353335646335363435316330663235
38393936363264333036356438353661346238633162373865633639353735386663616462613265
63643361333961643062613262363033343434363335386265613262343830313064653139666566
35343635323230316631613165623937383565656237376432666664386665363266323765313233
61643639313634303332386534376666656461663238653361303938636664653538643933376466
37303038626438616561383739373563366138343035373138626363393464303633396233633137
66623361373737366630356265333832353638336630316139353165396561306361333334386239
61353239643766626262363837303332613232353939643837636533333536366261626437353261
62646234333332646262373639396162396465316566396163376331626239323939666236626463
35323335336332323263663861313339366531613632636566663032386433653135633337373264
64656335313835326462613935383333333361343161623962303062616134363961623433393863
65636361313434656132616430383136336339363837386636303661613165313562636435333966
63353761363231326132343633623763616430373834633961666138326663316536393238343033
31356138323334646531313832393362393064346335363263386434306433633531616436613136
33333731386432613832616363306263343938636334383766376662326130663230313831393239
38386632366465323734393132633839633136393237356266386166303761396661303233653939
36626231636661313366383766386431313363633534323035373431346134663361303431303062
33633164393566626534336233626638633762623964336365616465326463633133346335626162
39656265396233353862313532313438623733353363343537613462636263623765373330626233
34366465366664323434633861373833643165343465393764306166633938353833396663316661
62363065316362373762313161313339643264643735663235326238613733386166306263333133
33373032336339646362646638613263316337316432623534363262616539303964363330643565
66666531636637323465323364393436333833636232653739633962303861376432373439376261
61363734663362363330623031383362303063306431653662653231616639646634666166643331
32616437303335386439343334643264383261353536616538643736613330333966346231353964
34646461336662323162663338643564353734633061323166303131386363633361353939623363
31623937383865643462393430346162366537336162386533353162646366393561613936376633
31663232386165613239646330646638666562656661333063376632623366623738646164616432
39356137393464346233373262356539653465616535316538666566366535613763333636663136
65326538343266663330393261326264303733616662376366333766656261613437333663366136
35643930326164323739393735323365613030613739373962363463326264663264333733303865
39636436333734393666373731306433636237373033326134643762303335633434313638376166
32353933373661363261353633303736313234663463386433663334333262316635366463313663
32366532633030306566373162353133623236376139636464313333303632333330666231303734
37626632383536336163346139623039663534373738376436333234393330636139613230643130
30613065643736376466333962353261336662623730663564303964383933623437323432303531
64333739323633323932343164633562613938633935616332636365623964366461366232316364
61373238363865363932333163366330386264306161323236653034393866656538376535376638
63353465363030316232306339353330653065303632613036653762393134623338633738656534
62393435636633303263666361636230303439643861303030666238646332383435316166643230
33663037623434663538396638326438303238383266386165643533623834653431623632386232
66383863666237336361396336373265333231646137316662343237643565663633656230616163
37346662653234356436626366613361383363353137343930656333613339323966636235336431
39323261656533366535616563383461333266343562366364306632666634633837633730623564
37366533366133316639353730353331336561306339316531323135643034316262646332316264
38633731383666623165303765373939666363643461373134636264363436356165326535626237
35646132353337393334303461396562303133613831383666643161336437643234326436363330
34363631316563646634353539316237363736646164656237306331333833353465343338363836
34626464323264343862643535373362656161353237316531386431343133373336303931386439
63333235313137653064626539653463353562346263366364333236373531393336313439666463
64393163646664616233303935666539613939353664363965393435366231396430313164303037
36363337343137613863613235373737303238353837323031383634626330616438383432383336
36656134633732366365396632323333386436393661656437613933646133636639623733326233
32633763333761363036336139623666363961326234356639613137663936336134356133343536
66623036613433663161393266663666643561346137646263393133663737323662383265613565
33663136306534363236643533356532646337646661643666343065313838653333656565623934
64653062333831373761316438613161636263346331613764373839663966376439656532356130
36316561613139643539303233346135346634313136663162623236333830323932313430303739
34303938663461633562643234396662336239323833376538363262333763653764386662313631
35646539366530303766613633353265333864323931633834363839633863336332333862353637
63656631343565376232333031386535613639663137303865343837373131393963316336326639
66326238363139393038393539633563623736383263343530383333383130376165626564303636
35303734366236363365633065643339313564386330633465616665613334376131666164663636
62623634653534653033633165343662303934643861646631333038666566346139313633633061
64333735616164613863663637326433636332633465386239656230643664336662306666343733
37373635343736343263396264383136313062303462303633653564373931383732626137343638
34613830393831633238366335643637346164303362646430623764613664376266383561363266
38646635653937363937613837613962376265366634356438386130336165346130386434343463
34353565353637376562613930306535323263383364636564353065336137363239646361666431
62376631306666643230616333376239393330363438373431393861636331666266653665643966
37336631636366636438613438323566376432386665326561346532316132636233316266336539
32643839343938616663303432333638363832303063393037343835316638393735346332663565
61323764663962363833376536643833303964666438653730646632353461363333373635343464
32646137633532386361316131323463393638643963326337386533636137626261626634623364
38646262346138323937323336633765323536633964366130633861303965636361633532666563
34653734653237623239653237643938396566373135343130616131666635363566653966383635
63353862353730626633666362326633366564356566353130363261653763633635353534366336
32653437363633366333363431383535353262373939656232363630663261393231623934653233
64336565363535393639653861636562393837303263636338306132646437343738336534613138
32313934346563356561313738306633666165326230343131626464396663383230336332636331
63636631643830373966626131623761363939366262386463633633666466326137663937383933
64643133386566623733376165636535396234653033376439633965326332666566316335393362
36323831313939343666346361303564363437376333343334383665346438306361653431316139
65353530373835623236316238333839336536373065393237663833333165363736666633366236
65396339326532373039633161343866333264386236303862333464326364323138356164636663
63363636666631343864346432303535373732396664396664376136663439316632323131343664
30383061303336643961656530333237336362383236656462396133383637353633333563346332
31323764613837643930346634366363636533653163656666643232613239653863333639356466
61373638363065306230303334323861643764613932663435383039323236383061646465626334
30316632396665353930653361326236373265363833353632303038363339643837306263313734
64396239326165646264336531376236626532643339636636623737653564653837333538303063
39316132623734336239393066656564386236376433393236373131666639373363323831386538
39363461396164653830343065636361376230323062623735306164383632653862353465393638
35313965343133306334363361336661656365623661353165616230353233643365313933303637
35316338323632346463326533313531366337613838386334636433336632363038386432613336
63363764353431656237623061373430363962376165646464663839616462356536323537303431
65643365613334393537353165616339353935653761626465343038616632313462386332646530
65333230623664666638326338336532343864383530346533376462376533653963613863653039
66336365323265346432353230346265326562613434663931326461396136613635373436303834
64346662643265306466383130393338393264633036613465616431373536393837666232623937
37666262623965616534616635656561623737353764313536353632303666306337626132653563
66616132653764623664633865633466306261383633326332383263623834633535373033386131
65653538373063663866346165616635356135323462356361326437633033316235303262313166
66323130653163313163373634616465356438303834373865346464306636663038633234326231
65353739386237613361303561336434623439383438383931356664323231623065626430616264
39313336326138383935663236623939383736323833363563663962613134366263653039323432
64396361393131623738336165353762343861643666653338643466383239376335373039346264
63643337633136383633383333363739303161643838633235393466353463303934353935396138
64663661303439363866373439653563363339373633613235323564306533313062303535616563
66346131666461393936633137623638626330633037613133663061383631633930336665656661
62613164623138393335386639376261646432636334396163383930373437383936386666353534
64623138323533326163353633623137653462663061373738653537333637353161363437383239
63623736633462383337633739356636346361656337316366393630343833646366323464653038
65306664316363373836316461336164386437353066333764643939373734383136663830343531
37636532323863366534653534656339653866643561316465623666343935646265326533663465
32386661623733306430653038326535366234343661613861623739613662386231333438346164
30383339373032303236626337633961633164356465303764386535376431383564663866333634
37353831626331663063333664663464363539376566333561633734396666343532346164326435
37343734366330383661356362633633663564386536313936363363333466613237336334663462
65633762643932313861616638383965346238333832653433643933376262633661376639396138
35623737396461353865653261616661393038313834393663303531313638626539333038633231
34343537326534323832356436643362306637393631323262346238396631653138333532646265
32353365383733356539643832396565623761616563303730643435353131613435376332656336
66356635363864366161643264336235666633643137356132313130353562643237653263663739
31316334633931363039343731643236323763353239383131396262306263353932343438373938
34653537316430316163323834373561386130613732386238383162316365616138353036616663
66313065383361323366316332376262383364306661306534636266323931333264363461376634
38656438623038616164306637316637306433643132623736336134613337356166663964326431
34363566393735366666343939646666316261393935396133613466653430633232633139303461
37333761353237313163663935343065333336303736663837376637383135633461363930656639
32386238663165363661333639633763306631323339303437383433353835333130393137653435
39363634643434396438626664363132343436303564363335613434623737613361326535656362
64306438333631343930303162373962376535303136326466616361623235656536316534633033
37393064396463633535613832333461343836363632343861373030626164663933313533373237
36326132376139623166643235636334653566383265613037373238333836666431643536396139
66653735316432303365336164636662633934323363663334323861656134393232663830383035
63646363633961323933353239323762643731326461666361383039333066663335383031346539
66326131633365343836313039343463306137326436323338653663353430626261363030383365
35663462336465393463643836636161636534343637326139336462386538363235646632633463
31626665313136623938616538636331316131356363303634343363313661366535363064616563
65326330626134613834353632613461396533356162313639396132333766636466393661613863
63613335613835376239613563353061396139636539323437376266633361663832383130643466
64316331613535646366303262373636613366316361326564343538623064643264373934633832
36393664303030623462643831393438356463656138613765613334646561313236653464343461
39366264653538653636626166616335366135613339613164383362666661633064343733333237
64316163373339333937366338653361643636303734623338666166336564366362643366346262
39623334386164336338346661373362633738383936373439313161363931303166373135343762
35356534316636623339386234336464633537656662666264623831333635626130323030366634
32663533666531343730393061373239613537633466396239636336386161616263613637373961
63666562343138633732303463653434626566343535393939643932636361336130333133633534
61636135613430663834323135313633643737336662336366306232613234633265666161333336
66633838646663643065396361656637346635343266343936376232633830396163643033653365
62656238326466633666653337313362666162653334383864613732653632353039336234383231
30343336653732353133323237393163653633366466383536313665656634366264336562376634
66383163333431356536373233326135336233366138643061353839313630386564353932353638
31356365613533353134623436643232613965386433323934313062623064616532343466653137
34383662343632363535633736666432323236646362356639336462666464633036636532343464
33343338363330656239376638393835333235663931396131303765623866653238386438336434
61386235383064623463336166313731633661613539316565303035663332386334366237626232
35376333383735636164666333656438373739653462613032393463633738303265613834363762
64633865326633336236646662613535613437363537383035616165643137386465656232313634
35663264336532353539616666336135623932386364373138373131656332353639653962393334
33383536313765306636376136323235353365373165376161396566303464653166336538306339
62383839363233613635323830623537633466376637623266643733626437346261666238616236
62666137653665613261623132643861323330373765346436663634313839636465653835306164
36643032616132323166343733613832313933373432656635316135396631393039373931333736
64316230393333646435316365353062396639323237346436613061376433313132383961376130
34313733633633376661653133306136346133646631626134613834393333383837653866653231
39666363313235306638616635616234323436386335666536363137656162666630323235353263
37653731323036376361356432313833653032363730323465386439373839613730613030353635
33353238666366633635313064393034663161386239616462313031303966326532316364343462
37626334646130323030356536396562366365646330363930326431313564383830653637663830
33316437323630396536386437353666656664666433306530663731613639386234626231313832
63343830323763626564373736316566343230306262393434363566336132363537663431333165
62313466643536386238363134656633333635343839396434316266376161373431353936663930
37306265343631383761306239333264316166356265613265633531363865353566643437336438
39316164313763633933313462376431316234623437623630616461613562333935326631653963
33613232623731666237373466643539636462396362396332663338313636656263636661636434
34316430663734356264666361636531623838316132626234643937396133643530376436363230
30323264656332313162326466636138303563663135376537376132643937653632306633336563
37306630316365653564613165663566636664656238353963353736376632653235326166366230
32653634346134353666616236656332633739613563363763323963396234376436343139366264
33613961393761663566316237353530313733383235383266346237383032303861333131313732
36333432346530393337636665333536623339666330333339383264306333633533376633306162
32346634356533383265386261633637633230323731626437386333373433393463643933386666
31613734633337373234653764373537616234666566396139363761316638376230313737653263
30306131393762626466303539363331396364303438643631623162313234623365663033613936
31633334306439343965363262343835666535336531366463313838366265386432376439386131
38303238366134326637353639353365636430323962333261663734313631653636656532323235
39313133373938386564373539333761313637636363656162633234636334373539323639356362
65323337656163333637313236626635613832333739313332393166636434343035663437333436
65656235656137356139313537336231653930306563366238393061303766336361323564383734
64393330336165613039356362346631643635353265363565373161353164396131666535636563
34356434386239616139383133643361323433613665383166613465393662633631313131633032
65666231353634363562383561356433306664393638653864396431623661633235376363343832
37626566633936623664303366623439633666653065653636393066623964646166646333363730
33373038643365343735333431373461353864656661346238306234386263316137303332323830
37356438383036343538643735646634386337383038336663393139343133346665633163623039
65636561356535666462356263636630626631316566356562326633356461613633666465616439
35393830383635346535616534393536613866343536646264383262323862373334373963303766
33666366623063653830336266656665373437316534363938333536376161373566663032336636
33666266396366363062653530343235333366373433313339393266333765366438636237646564
63376165633130663531616361653763613831653663303134653662643965636333363538393661
66626163623533646438316337643564343232366535366130346137613538336237313934373237
32613661316465613536353035626562663036343439663734373765656236633966316531663631
63636138313037353561386364393832373766303762323362323736663030383933396665643062
65623264316534363162363239376434653437616335316562623739666666333739386562653837
31626462616636323164383866623039633031623734326334383335306361666562613138336361
39643766333530333332303561366162373461363037363633313263303233383433326434626164
38343461326465326364373664613834636263306538303539373935646665393435616164346633
32636338336464616539313731343036383438373139346164353438616365636139613038336464
66363636396537663638373338336162646431613831393832633434383731343365363964613964
65333565356337633763383061636439343735366330663665663933366165383830336438663131
34636136316663653061663763363039636162383864333739313231333664303039633964363861
62373937303239346433663133623732393139353138313139613862363133326361383661666337
63653439336565313939623135623565313163653761613864386230613937373537313039373261
39663532356337313265313439623134363830313335653961616339653935306233636532393063
63353564333061376139383939643834623637646434353237616465636262313666313865316264
31323561343736636634313133386164363764386138326262613739376266343035303734633431
31656466333466653330393233376162326638613864333030316262653136373063616563613132
37643337636539383963356165343665363035353835353761663762346565383233636265633439
31633033313061633162376139353764643931323362303837326263343463323436363561373930
64313634623161646235623039623662613264326239663330613531653733643439646533633331
30356563356163613636363432376166333564663133376535383734353562643962613863633134
63623463363837653766303765353835663964616632643663616264623934383637633735393133
30623364306231343832356534333662313733383139333265303766333766656132303631313536
66666431633761653039393834653737323138333739316565313637336134633034633134353863
61633763633033393966376636383161323330366232343266346230623463643137326265303532
65636132656566373364666636636262663763663538613831333130376265393562616232626162
34373836616437343665313762633365653861316334646565313266646363393137643735363664
36363465636361666534306131336637363335636138343333323030666533626137623339326639
37633339373363306434636238313464373265343139366237333561613135663235613630636462
31616634393835306365623561633332323039626431343665343764633961653262346235396162
38376661313137646535373432383562323537333366636430333865323765333838343031343238
61616537363563323265666265613039613563643035376538646461336662636364616434623334
65656230633930343331313334633632623030373536376231383432663233633231303931383234
37356261346237383865616335343562383861303238313338356634363535396131653438363535
30373165356638393762653263643865646131346331323933356261663763336462306630653666
35303161326635666538383632306236363365393961323739396437656536373538623436613737
39653536393264323562343830316330376465363038633662623061363832346431353038383565
33373033383739393061343938653331373931366264303237373538663366343231646563636366
61373637373663303263343061376434396461643436363636656537353431323462376638666433
66323132383063336233356333653064336139383533346231636537613731383062623639626663
35396163366261663563343531353962376233353030396639393863356233386239623064306631
36383630326163363933326561313132643539653936623366613838313866316634663239323461
63626331353436386634326264396331333635326566613061313538306164653939653233373137
64346662373134373134643965343330333838623662396134313634306431313331343938336633
30383535343062386539303431663339616334386131313039643264303965306433396462373062
32643335653230323330666163663232663862333361316262613931393961663731393438613262
30303363323164653766623431373939393066666235633137303031396666633438656161623363
36663331386337326561616536323262623366613861366336316634306631653636363562663031
61623039333966613366643635346362343263656434303562386666613839376233346662663361
39323665656338343237626164663431613730373131333835653464613936306637383937303835
66336561326363363862386638363631303563313933643530333037613930363634613137363365
62376234383137346233393136346138646464303235323338346138373963646539343733653431
64356131303365623863306563383837656661623062366330616434346162323436666132343337
34613866666538306364356265386638616636376130663032353064303833653066613966333336
63303030383235366531386336383662643435656535333666643232343735623231353433393639
62386564643530633261306239363136613263616138316639613533363364363739626661646366
37616363383731366533376235653661633461356261336434613462646138333635643435653435
38663061343537636564366338666134336661323532383065333037666335383039386665663634
37663731623332383937646436633137373664326337356664313831633732373939663265633739
36646633653564393962363638393534336134353566623865356565663963346137646130643531
30303665656433356533653438313535623461646234363731636332353539343732306433323337
30303932313033356135326564353532353161346665363561616566653030653134616633666439
65663938343537373039353661643161383135343033396361373830396163386239613438303631
30373134373463636439306661383534623865323666626239386633653461666432656439326336
36363035666664643039613736316339396366313461613938303830633832333862623637613739
62613265396634613339333463313365356433366531373335633735373063326464663132343365
36316330383864626264333433393336656562623139613863613462613730633431646234356339
64353633306264633530363235383739323964333536623632646432383236646431633663393939
36376234333935316439363863353964303738623061383439313431353038616365353833643732
62613830303466393632663034356263356463643932366137303339323465313965633864623566
62663737386132623839306637323134353831643432346238623939643636323935643530336366
62633838623362313563313035363465663432373130376461636132323535666632393937333262
37626462306265646565313565643466343939663863393238663933626536626432303735623361
39373931613235366265643337663335396132306162656564663532336635613532393565353662
39326263336361633136303834663262333866343463353261646464343537333666636433393132
62613636313130643365633833386335373530353162616436623862313339346463663739373738
39303634663038616639383064373166303238653063623437343465633639613762343466333561
35316464666230323163373730313831663537363638326130386461636530653166376263396166
62373533363964363637643338613166363437313964616666336632366339336335333130353264
35343363303339623532376462376633626535646334626366386162356163393363383039383134
39653961633364343966393564323438653966363936356530326339393932316666363264393131
35363635333963643239643130306462386161653536373530653737306665633634343534353934
31303738663865623266393433393364383364313331303562646331353963343166326435613362
61616364326134333635656163386461316237346632343665353330656436313638383261326130
39623662646635343165393635633338303663316164643464623565613235303465313364383031
39623637613037316233336165366639393665336464663237343735326336343034303366353465
31316330353966616635646561633364306339383763383639613735316666623636336237616232
38396636316665366232386336303065336233383838633234323938336263613437306266653430
65663839353636313334656462333865326432343732353961373333353834623731303032666639
31373163386566323932633330623934306631393866623839626230353432303534613338316133
33353635323462333436336566326365376638373630373961383233653562633034663166636431
34623365306166303766333265343061306366353536633634626530333234646635666564646665
36653534643636306639373638316636303331666630663861343365666231363537616336616463
33303065336631636631353133636631333265326431393864643861393531386662646331626265
65366137353836626362383263366465656538383161633638343531306433343431616231663162
64393635336665363537623835636237353662353134366239313030633632653561656263333962
31656363613835313635306133353930623464616135663934393366313034643263313135666431
37323266386632313837323338663338623530666433326139666331623231656137333836333235
34626430613965613764333865666536386530353134633230663530306133336332613335333633
62363366323561633064613561643835393634373566393763373163663939373736633239303431
37666161383032376463303637623962353839613335646264643331663835346636343465346136
61633237346363343232636437323839316164346665613863663065633930386162663766366565
31623465333063616634336564343763646165313139303961666238663237313334626235663761
32366635643064306466666263393538666364376436343061393261313538633964633030393564
64363335353863373630663639396462333662373834353866386164636364376564343166643765
61646231636335386434343566363833636562656537396539303237623931306137623864306538
30643536346330303862613366376538376263663835373032303866373838643537663333396230
38646131616238326262346331643835666261363831356264666366333138363732646433373232
36663439366262323637353564336362333031633331323961316532396532646565383136643666
63393532633031393837343263363137333333326530313831326663366138373764616562653065
33326336626338613464376330323464616334336238373264373238306635343535666638326137
64373562373361393733653432363230636165353265303938373434383339323736303636653863
37303334626635633732303961343662306231613333653833303761303132653131313364313438
30306262646537363339343064346664623437346236323536633738313332636432356335346664
34303338643862623663613062333834343737396330353139663031613633343163363437356435
37373730303634613237626365386664386363303935363566366566626630313366383131663062
63333232626638633431633561653430656239306235353165326433366436366134623338313838
66643764303535313663306262313161386639376134323961336337663733303638303132323766
34386566323739393132303636633036636538363638616236323461313562393237363663363332
39343130366261363263646464643366633364316333336435663130663236386666626636386437
39393035366632633936303564306339306463366639343130386365613231303866616638323737
31326663656633313831613237346162383930373865633864333031656339306234356136373937
39343863303966353665336233346233303539643266623231346461666139633938633364373761
38613462623530656131343234303062333737393834336534303861663662623464663934383233
33306630313635626565393466613661383031303831366162316330363464376533316434626466
38653538383364633466303936633063323133646138373138613330626237373663366465393832
65373239623934613832323036626461356132323537303432366535613734353931633234663735
65303939663539393132626265356162353364386238306235613834376134303438643939373836
62666163336530633964613164643162656161386365363766306133666330643336646666353236
36646235336433646139633964336261623531343561623238333361393839303736323635333932
61363365663962613236643463306539323536363937356139623735333430623133393863386339
35653330663362636166643763623035633234336265353561656232313263656334633536363030
36323432313064306630343231616231373034393435333661356138356338323339333564376134
35653438373662333439656636383965306463666634356664323032656661373563383939633233
39393634636361613839316130636163303032613138363065616165306333356635393064386434
63633330353034393763653533343530646262373732643465333238316234646339663934383830
34616432326635333535353332616366613939386630303034623633613362396339333937383839
39386235303663376665643136616461656538613430623832636136363337616537313630326131
30303336373233363632373532333238343563626637636535316361326163663230666663346664
39306461383433333637633836303639393739643337306163633736396566633566626434396339
30626635353466633130343338356132623763633135653734373332396336373935653337633531
32663238616432333133373532303238363733666230393232363666623166336435653466623935
66343930623138646632653062333365313730613632333334383632353837363135376266343330
65303238323137613434653237633332623738666663383265316330346462316235643934366335
37343863326466643461383439303039356331336134303734393366383038633533306136316130
37303366376437643834316636663535373766643236326661363238376131666338326638666231
63373534323266653164346131366236383362656362303663336437646336633832376331626332
34663437383862656437363065366539333864303333303638383538383136383363383234653835
61316634343135323836626164373861396263396666306363333961633435613137363461646532
63373334326335306164326263653232383630353335383861313662636363633663303931663137
38363766393233323630666333323064333165333334343661316635313937363837373265333531
30363130646166386338333538353132653665656636643861653861626234363932363631633338
31316237393738356130316334643331363732616162376264356166363739656636306666366438
63613639613333623933323839336131663866616531343831306634353232626263343930313062
30303335636261326165343464616237663363633531656437396363343265306165666535646534
30396563653536363866323033356366353761653534393636663666616664636336613136343862
61643130386637623761636537363330663336383832303233626235313230623933386239653865
64623230323466366436333837333634326431386330656133636635626437353234616139336161
39393965656163376130383238346566336165356234656566643334363066343633306139623665
63323930383535373738656361393866666539396538313361306639393332396134306638396532
31363862653438366532356234383635643462613437383432386334333339633131393537663832
63306366653666666330633432626631336563613237656434633364303837616630383433616465
30376432633234393936396431323438626465613739646330306339393563633030356237383236
32343262663633666435633237386435626664366631343966393330656131343230373035633366
36376563346566643138623932343332313534323631386363336632356663616437336338316536
65633633633037323935393731323536316637316565373833633830306165653030366566393239
33393962346336333734666363353830633833323963396436306231646130653331626365623561
34313563343234626265653433303036636538386433633065366138333437363938383665623031
63363562616662303066643664313137326461656230326663636639623864323338626434323161
62616636393763613431303538333936303530663032373365393566613065663631343931363931
65323230383834356663373732346334376337613838363336333566383535386137623137383964
62326530383132313363363165393831303236646666623930366233346638616236373630636333
62643766643630346534363236393066343465643063666635306636383530393965303265393330
36663462363536383864623032646262386632633434386632366231343963616133613265393633
31326634623064373934333062316133306635356265386632366439346333353734336165633261
34656163316365656332366662666231313330303838313166653036653731653830346664663434
62383337656635356435346236393735313364306232643036636361653434356564353436663362
64353366373833643638653862306134376466313865393637613732656332386566643563636530
32653731353238356630343261636463306363333166363262613563613039376333323730393561
37323332663465303761376538616630326130356661313163623262353833333963383736313031
64323037666466656537306631363932636665663166626265633432653662653332363537663135
35346130343464343764653965303236316535633362616630343766303564343364366163666536
63623439393962353832636661336163613132336161333063393464363735623333653530313863
31366366326337656461393538366134616539383761666466623335306135363638363135633136
61643530353564356163666466353435383334623431336638633230333634383134303330343762
63326561643330646466353533343932336238396333363837653637636666653837393761613465
37643162623162626539396336653233366531616163363663353032376261366339363236316635
63336261363834333466313165613661363636323234346266346536346562303963356138386365
31383033353462656431363466666432333137393635313134616634663965333935323262303932
30656337303632653238313965346239663930343331383835323231613061636564333436313333
37653364353066366132303236333039333833323636656137303963336462303034336163353864
33666538383061653336323531336265383835636235643331343732623631633831633032316564
37356137633935643839616565386139643362316636393361626134663734336234396262373137
37633331653434303362313762346463386163656638616333643563326465653033666663656365
34316361346338653039363761616335656338633766333863393438643433383265643233383864
62613434393035363766393364333466666561333765633564353436383764306665613537646433
63306330633239303266643061393133326666613966346361656362656664383737323865303139
62643265333832326230633166616134323365303062376137366466613532646130373634643665
62663331353431623431363433316230656235393331306362393766643632616335303162373466
64666335666434393663346437636436336562633630333234303731383037376437333934373563
37346162663039343934656130613035343330616166373434333263653266363737356664373363
31343437666531373665373062313037333534653665383938663732373338373332386133323763
37363839656364613435663766643865613836316362363133343464613831363636633965346263
64366539393538663730663461333737313635333164306264393435323039386464333763393139
38346336316233633061323162346630646534353134393865333033653039353366613039343637
61363566623437633661336265323235323937653139363664363566646235666537663630353832
63653030346335376135326134663531373234366438663437646261396236326533326231643635
39613038336261353238323036336532356165386633626330623366623465613730313861313037
62376633306233333037343330353436383139626365383632393961626166393334373261343965
63323365376134323462646364323735373865643962333639643666633636356433383739356533
33356539396236326332313538313532323461386432326538316639386137323034663130613937
62626336666166346131636262643462653166643931643038393465626266663262383034636539
37623535326635636430306538353431346663653238346165386463666334616439383966363731
33333931373635376164353365313930313034383031336139313664303137636138386239303134
65306164303662633361306232323135646264393965366564313165656532386230373638353764
36623935363437623832626434323032663338353732346238663933666638633361313361316438
32343766653432633233623735623665396430323138396239313335376237326339643934666136
35306430346337393937643765666664636231663537666366313033653735633636613139376636
33643238653363393532623237653430393564366234306438663139643133346364633066616362
39636464353734303639653038373666663464666566313864363164666137306132316361396264
33656535353037643465646233393563666233366536666337393066353434366265343237616531
32313634366431313463323139376634353339633539346362623837346439393037333935383832
35386166356166336338616239313231373732646464643162636230396536346232303363346132
34616161363633613137326139333833376266613566346131313763353032653864323030646262
63356364333562653063336130633763613831383633363933363331306364306630633265363963
63626331663561313064333162383663653637643064643331636464383335363039326634623335
32653432356134663830316664626532336566303438396362353539356365383631643837623566
37626566373736376563623863663065303737633338313763333863333066343161343233343038
37313636646139396564313731356462623331396437323339303866633730613137313664613436
33303463643034383965653263343238333836343231346465663265356330633361663631343561
64323166323064623833646163653235326363343838616562373136626463636164386463646134
39343536623532366230323562323439646464616536393938356561666234646531323538336531
34656164373366366362333233636238373631386463303963663563623361656630623338626537
34373264373161363731353939363835393330366630313639346135643065373434663364336433
62356631636133636134383966663865623639343139396631653131333666363665656639363937
31363365356162643933316661613166613165643033336365393636313739346437346163663035
30373366326133616639326438643132643264373433353065346466613333373066643762663134
31616337323935643235346337336332616135313934303039386634666336666336316533373639
37353063386439663261393339666336323030663663393338373534633335333863336563666331
30626462386236313335346265663932333038343833666339363765373434383365373734326234
61343839366236613564626362643265356330633963623237313234383062393437656531316637
32616263313265373530303265613936353936626234616561363433333664313062663236653737
31653439613161313962336161653765333962636230653137316333613561356165653462656162
30303061333261333861386635383766336665336236346438356134303437303934363032663861
33313562346461303234376432326239386363653131303364353738386565316536353135386361
32383464386635636330636238363365363634316230633162333861323966663730643432353338
65383361343231396263633665623330643264656136336634376337373634633637333762646663
37313963653635363862616337393261613839666162313939623231396132633538636362623663
36343233616137366230353463623364316263646633656132623036313364643832623637633833
35393533373965323831616436333565356239643034383031623136303865636538636162663735
35356434366431613662663530353534613461646331613963653837326565663366363161373932
32313632633764623837643761306563613464613739663266646536356536323636613465373266
35313135323636613962373131633436366165363237383761353263626132626166643563333661
32393738336634663461323564353763336138656135633061626536333733623932383931353465
63633763613831333735646462363561646565383766656535393130613465666531613232643838
33386431313630653236616638373139663534616335656164326639623638636539353738663031
33316331633338316535663733366330363965366636646336653061303237326161363538323033
30303763333937383063346536363966636434653162333530633439663362366536323330646239
66376236396162613231666630366265373438366266383338663163656335616465303839626437
38646233383364623331633433356163343037393066386565386161656165353738626262376637
35353631616164616539393331356561343839346233616333643463363532616239633136623862
61386137363035366134653362653438633663393038613165383132383236326264383465643738
31626330393837316331376561303737663239633135376436663435663161663261383363333364
62623332326135623236353361626662303763613138383939336432303961306331663232326239
38376335636361613331653465396466663235663934383130663661346239656533323464383166
34393466646433336536386362653632643530333733326532333838346535386362663862316161
64623836363337376630346164643036656232363636356364336666333464383932393837306465
34633031336638363430336138323136386330623339663134633961363238623732663763393762
35643138386238353538393533626232303562363234633633363033343835336135353138323238
33623131663232316365366664343265396231643165386132646232313331373564363337386133
38376631666662323463363034646338666636343161646563363739333161373632306536323766
32633630373139663861633932646137633136656336323633353163366631373961383536633532
37353564353534313962643238356232653639366339333437623066333866613065633836306162
62326364396638333765373337303636393131613935653733656232633065623835623033326338
64663131616534656232303036336161343538353066636564626561653333323834323931633037
38353132323230373036393234333961353035626434353739326132643565363232363166333037
61633464303538313334386537643931666566643738623232323730343764353231623163656139
39643439626437663863313861373066346335326661663332346363633635373136623732353339
38656337393338653633356133303230323533356636366437313363376135373037636230633332
39613063653966303939623530323966333434313262373232333530393539366661653064323961
31613632353261646134633863333839303963626336643063323666383863366233653237663537
63316262333038373438316332316139646137353564383039343230663265616238326130643365
33306239376362373337373864326364393330306135373030383037346561316461363332613665
34323961323932666662623661653631346130373336393665326530633431643561616236366130
34636664376438663231626133616337343662346234386230306534656132306333323165353732
31373063393364313865653965633563383564323863316562386536336131393532656131316632
32613633656534346436313139353237626563616132626635323861303136336561623935616130
36356133633332366332343034646161666339646533633361633332323839383635393639666133
65323164383339353662306439373931646563623230363635346632323865396633653831383631
39316665303065316264356139616137623338323030313063666465643238616238356564336639
35633565643930616434636265646363373631643539313261393663356239366163666664393136
36663636326538383536363366343662363365636362373633363830326235336436346165663663
62663365313735373065626161343866613935373865363431646134316365313163303630666632
33313131626432303161336165653537393338613161653934323030303762373832663066636135
63336531613362633432363363383933363438393331636633333763613236363134313534353135
39346535636431613838333962343934643630303530663631396264303137616366343731646264
32653630613764333363623366383963646633353161393364316233666162333739383963336263
33323033396436393532616430643330663464386538383738316561306461373534356131313963
30613339643063393438393062353464326161623865663330623063396562383535646534383966
36333238316262643363633833373465373431623861613332303834633963343536626466626434
36313462346635326364303432666230323638376331666633366138316163323532633965623266
65613636376564306537663461366131623163303038383339326336656262313338386635383738
30626139653339336434386464303164666136323136356436323264333936373165346663353036
35333534326431623966326662633730623333306162333164363037616134616635323632363238
30636363646534396363333530633133326162643262363931363836346231343564373962333434
66623864363162323635653164653564643030353165303562346637616131363966623130356437
37666532353465663536643034363433323334346662363863343631373361633834663965653534
63363061323436626630363635656665333137373061306364393533343664666661333266336333
64656661626564383865383239373565383131623465656437636539303934373163303234323564
39326262323233313765346630636231336232653537343737633937353563326633623137363461
31393163396466366262653036376564366631623963363061383931303634323732653035663933
65323430636463613062353663366138396466303765343262666661653266396333313733373134
38623363336633663239326335346336393066363232363665326235306438623033353538356334
30636161396331373837636130343331376331616133356337633733373363326561616338346235
31393262323363353133393433396435336164656265303532303065363164623535373331306538
65636431396237653633343436396538356439363961363763633436343032383864643530376437
31626264306231303732613164633132663737633465633331313261636261303038646634313863
61633236643634393861326436643233663838383934336664326365616561656465613066376436
32316562633263306464623530356264313532313936343336623231636333633031626265366237
65356666623739613933626232346664343535633964643132616361373233623739653837613135
36613262353663643964336265623835613136353538626337663231613833373766323361616436
38326462633634643636656131666365636266623034393666326166613734333966323630386635
65636464323435303231393138356663623361613935363936356638383532346561643934353863
36346238343833326161613736623964363730636435376263353735333662353234613732393466
64666661303832333930646534626631346333303962383631336464316133666238323336313730
39626231616665633231303035653938336534393437306233356662313336666530643839656233
61643334343864313938363338316362656632383134623136356132646166303637386563383533
66343132653262326130653434636565623661396364323766376132653132313238633665633861
66636136333965346138386338353433326638373332303435376262366239346533393362626462
61356437353738633235313162373061303832636661653363363165393565623163313565396366
61336163333064376632333561623838316238333563653365383739313666353266613237623538
34306266336634663063346232396163323733316364633164623533393835373838326135363137
32616664343537393161326330663834363631666265646630326466663030393166323265363865
36656637636361326365316365323535353866643636323632376534636264303032316639303434
32613730623033356465333332303133376437643138326333326133666235343035313664396364
39336434363539346464343266303635646562363336626462623632643565323135343863633837
32656333346636393735396133306135343264646231623138316336633834353162376264393138
38346162336433386561613165396530373462366336316639346132373365366439373532663461
36363566393564393038353666313339386663623737346230396131643737323562363062353736
33313438336666333664393261653630303538376239303930646638656165623865303532393065
64343361636131636464343362633361396566386363393464646433356431366266393738343930
39373461366231653439386637666337363432313934343034316534336561363634303834623030
62343733346531306663323166646530373965636363383532656338643132383139353531383863
66333661666635393233386434356534373331643839306539393939663262643534656164633339
62306164383366663064613739343933396166373436346534363039376131643263326333396331
66343630353565343734653538656632346633323137373463616538373461303638643162346538
36653162303531666232663433376463646135623737323933633761313466363230656237376162
38666338303934663361313064376538373435666232393334333538323163633163643031643039
32653363363232356664646164353936653730353861316264343031616631656638373537303732
33383737613837613861666661373232396265343330373362613931626461396363623462376363
30633230656132363838393162313537323736666334373162643830623839663230653039616164
30633862306661386137366138383939383363393966373937613537383438393666633336323435
36323334323263653632323333383431306233636434343763383238393130623933356138393039
32366230666537646131323435323539396661316536393562316330653161646635356462376133
65373564303535376161623037643530623636646439306166653062346531396233313438643333
38643764663632376631336237633735356433303335393237663530663864383735613262356634
33326236333933323636663639663034643135613933356464366136646435363962393830396661
37383462643236373161396566386137346561616336393031393463626662343536393633616231
32373335333064346530316237653936356664303365356336383735393837393733663739653430
30346430383135616339363439313565346239343865663431393336623361356532333936303734
34346430326464383666343936373130626331633438376139656338626264336239353662303331
38393762333939313533376238313863636638393362313331366137313436346163333965616239
35393335323231373161363631353363363336643963396230363463393932363835626136633035
34616439613430383534353534303363643763666639313566323862643138393033613665663565
35613037303337346663633739376434343931353761636130316162363034336439626430636264
64383434343334346461323665376238663739326635373435333038633037316633626337373864
66383866663230653965633434656337383365316233616539346362613338353335613366363434
66313265653533363466303833393336363437373566336362363232643135393234316463383533
30333237333637376631643764633963343162356630633038366431666637373262303537366664
34363733663031376465626530353861643436353030333065343962626661306266306333313662
33656438323463396330653063323665646366343961363231353336626462643539626234356438
64353232303234383361366565363938633137643964323135346533663534613337376134336462
64383666653239306465653337633232623531383431333035386163663233373532653464613033
39663162353162356366383531626334343033646437366438646565663662643963363732633537
61373637386661643638633737303636356565396632616464373331363534386338393432653338
62653331653565373835376566643132653566343931323961383931633731366636663662313264
39356332626332393364333337616334386337343631623961383436623636386438376633333061
65643932386166383462386138383432643934326166633437313535333633353661616163316635
36643361663934633037353333616161333436383332626336633130373434353561393233623732
32643937353933636265366434333633313138373737626331333765653864393436616334306263
37616430396166323038356139633131356434356265626164653563303163643066646461346236
61343636336130373830383533373339333566353333373335663032663731396533326531646530
39626265323137353731636233656138616531666335643431663838346162336161663935646233
33303830383435663935383165343231363637386266303265386335346464396335376262653564
36656265353665333037316663303537396361613765333431623762633132323264313638333835
34623638396337376163653531653165373031366163373564623735643366343363373033366133
63333335383037663237663435306365303564393131333136663739343162633261336566366462
37383963346138613431643030393137376135613961333934363434336132336533646338323833
61306435363561363261353166623631656666383738613365336363343139366165383561616662
36313764343632376664336235366466336432663831663234333664633864323062653066386239
33633338353234323237623635356237366533323465333437303932303761306632353332656337
33373036393434663063626432303935613466353237653932383732333937666139393731393539
61356434653662323664623964626465363863623935623966316161383161613962306534356332
33643536373061383138623530336530303036333238653237393637663562353561613362623037
34656237643533616165376239623763316634356537303362666531663364633834376632626366
32353732646531343038303566356634346464393764326665616366366536626132303961386135
66336234653339386363306631633030643330373662633039663030386332616364623134323064
35363537356361613730343035316532313865303036353837383831396237333330316636656564
31323934613766646339623561323030653331373033636232613030656234303262383531663930
32373039303961643466343838323961616430346366333939646535613562316466646636346335
39666664336566626431623863336564313233336335393761363161343937306139363230396363
33376433323361316630303536326132623961366630633065623133656464353764346566336332
66636562366238646366373836623261333434383731376533383037396165663938303932376561
31643530363132313631666635646634613961376131353436306461396334316263383738373831
36383833626539643230323539613261363135306663636166363739323464636139383334346562
37356435646331366563376334306436386234323937623135383231613131653738636164623036
32626437316233363937353231643566633135393262656330353435343231396135666164616637
39303136353966343162623738366330306363353262336565663664336430353765313034316139
63616465336666303762626439613264626330386437366666613937356432303539306665643235
64386566646638346633376436636237386466663938636132376436303433343337636439626334
31626133633333646531633730323637373930306235636166646236363631326565316465343165
66323131366331656235323032336633343630353333343063626433346264626132383162646532
34353336643132643138316230313734326538623230626336613265393064363135623166643865
62353966326533333263306634643433333938333038633036313264303665393638666666383539
35656261333237633638386434343536303936366464663239396534663536383339613565356462
63643163666432376139613338653930326335313262623338653835643331613833363938663739
37383531666262633539396665646534373430396436373231366461363831343032376463663962
37626362626532653865623831353939336138303365336634323838663331383463636633376665
61313664363833646239373439366331663034653163333934353335393238316234643539653939
33646131613234343665616462666436333739613437613336343461376261383662633038626634
66363430333531376338323530343633383733333534363962386435346634653463626639663562
39383435303730383062373639313662346231326437643462313466646434343730393831356436
61613161613136643366353736323039393863313033646137376333386639653530353563366661
30343761613562643232656333653661616137353466353930643335383461666664393330356336
62656663313332656462323431633364373639656465353733636333313034313361656164356434
38333631363466343433346630663438353538616437663661353863366138666635363138616533
30636230613335316462393163613633373835626534316332633239633163346237663464396136
33623266373363343766626432323334643530313538643334393535356364663238656166353661
30336539623562613738326163656437613965313237303261636435623838613030376130393563
66363365633134626636666433643066333730396235393865353939316236343737666239623562
35356264663665656664653366626231396631383336316338636339626236353363666633396563
34356566383062353638646630366634346363656639653165363938323931306466303363633365
30383830393162363666316235323562616439303739343561383035363562666263306236613461
62323463656439633265336535393461653238386130663132346534396538663538393962386432
37636336343937333263353335386531656531613339363235326362363736633966373365373935
36643532303135303139333031653433326331393833366534356537303762396237346135393139
32353930343563633532353630373433633338376164326661623631383539336664666135396666
38393566343833383336653139383539396435353136303464363330333130343561656333353365
32626531643134373063613539393239653137366265336239353062633265333430326466343238
36366332613934323664393137623239326563336637623464363864336230343636643734366231
63623336323734393761366331613562643934373233656437336331623263643665306431333432
34326535333930336434316133663565626566343238636563663366653165623032613331643764
34653264303235353965663432346338393564666239386230623066316130616464633434613364
36306235376639373838653961386537373762373339386164333964626661336439336335623537
32333866366464373465653064333531653439613164623863306561303435333138386437326463
32643937663538353461326230396135663561616630613030376166373961626165613736303732
38376138316161643435316535376162306461323535626538613562303633393466303032353265
37663931666639633666333836636430626665643432616630353336343866306130626664316565
61306331393762653834333861653834323636396366313836653733323831366663373562633262
35303630363266396439376564663664663766313365366566643532353766353666623537353732
61346662363965393033653164616230306366326437396235313837313737366136316361336633
35663436383263366533323566623836346134643864333734633835643864613261646436343437
30613934646536323764336531643734343233366137353864393766613838666538346539346565
66363662646663666263663337323234376438393663313664613938366139616234363731333063
38393264633135653738373036666339623962363165343139393662663562663334386134303466
66613835613635323037366538623564643163383637653962313363313038316566383937396330
64343765373339376539396462643062623963343561646131656330316466326663363936376631
62656435323435633436633066326666663461616363643638613238353663386565336430616631
37663737353438343238373162326537666437646435383764326535346165393330316339636139
63333338663566636539656636646232643061303832623036383534623765626261613738343766
64323532373964353331626533333564613762626237376462306439353139333365663539326131
34393232393638386463333163303532356139373263323836376130666236303630316562643432
62316563653735653133326339343438636231306563313266646638626466393731323239643536
61366562316565613566363263366430626362333138303332303664323237653930316362613031
31666135323863316463633261353734353039373964343564656137643936303364376333366438
63633763313137393266663930393661356431306164326134666632393332323261363962386638
35376631306464393465333963313330373734386536323633373236333035393861353561386161
37386537363838633339346338633837303335373832616533383939626439313931623935313835
63313062663536343663373964633638333632373933613239326139306338623236363531626261
36613266363064303265366339373035643639646265353432323330313630373061373334346133
64353739626562333737383139623363616532656130323964313264633430363333316366363636
64393566663164326632343839383535343361636138336563323161656630626432616539646430
64363631313736386466663736313931623439313434653934616632643166623930636635313036
65323031653666333465663966386239633833343538373563353461623239333562393434343535
30303664353338636633643536303431643362396466643039643237336337633336343766323932
31666165333537613664343862313031633533363735633036303337613834366535303331633836
66386532326261353233643563383431633865303064636536396433316231373165373534343338
33363064313434363862303138346330383861353866346533353838666335333439616234626536
35613663366562613863323235653664633238363339386330303833346430666635306264636637
33653533613537346163626539366339653662373262376236356134653939666237663661393561
30646339336662373739623666633534396562663633643037666266373438643235393637613938
63393431333565316432623332643730343061336632613132646461353232343161373561366436
34303832653061623135623264353237616130356632326166376661643265396535323531343932
62323532633633663639643563383366396632343935613336393136386233623237623731363333
65353765313337366438343764353038656632366635313830306165663830356236343163366434
37613938633430633439353739393162323864636363383632333531653933383432353637663935
34353737396236316163626663663663653239383432386461643836663265343966323130303830
33373735336437333639333333323834663139646662633833363761656461343732343664306131
62663238643331653134613666303434383764623930396536613131393239326366366435666337
34376264363736666539373066316438643932343466663231323865323730373463363266353234
66366631653566383637383635633665663239373331396461643138613338356665666436636630
33636564346234616232396262616436326330326365616439626237393262313035396435636430
61623465366230336431303831303464653935633430346635363039663461636435386361313233
65616631353936356538643664613831616133383935623764386361633937336563383935613065
31393530336561363039613931343539313938393334313564386263626339656433653964376561
64653639353365313436343661326261656537643565346337383466356437376166303231666566
61616138366437616262316438366538306130353062643333643766396635326635666337393961
37616437386562376538343039623266316564313065656132663737326664323035343034636666
62646266653263393332393039656434613464396437343431333532313239633638306430366639
35366231653262613762663764316362623337383862343261313731666231383265326232653136
66353433313865323262636632616537376133613165393661343536326264386365363932366362
39383230313031336463303565343136333466313965323762643566333834313564663733333638
30353332353730346537323966306162396537666165623066653466663366303566613565386632
35623033646462626566323236326363626332363964353366396639333532383764656262393432
33643137333839656135636338633634343331633866616331646162613863363363636139386338
36623136646334363739313464363463393030636161313339363064623734353932316263316337
65356436363234326530613538623165393962356265376536656264626566333636303135373231
66373135613061646233363930383135383130643935356462383366623136363631353162643566
31393762323566356461666463353463613361333064663039646638646266633564616633363235
39346232383731326163376362643361396462656335386132653336393236376236623132376335
32326161323763313366346562386538636665333336663230373466303431326166646564613161
66376336613536346362303564643366353662646661343238396332336639383630323066623330
65393963323962356665616338383339343562623232336164363632626361333030333430393265
38613638653637306537376233353233663365616262363237303537656465306465636438656164
33393532643230383464623939316565313266663334396237303365363861356364386137383338
64366634643138373930313031656431373133363538373462613437623233353762643532383266
34613634623033383535373136636434666331613037656635613335303632373065636262656662
62616164626433303033393538326236666133353238323763366664306234376165366262613633
32376133376462316566623436393565306331333833326562323665643466363235313137313736
31633664623233353437656430663333643232626536633135643163623437333035626233616133
66383732663130323731656563616133633131616538373730633032646239386434666134643235
39343165663030353737363932616232376533323765323136613432656464316431613033656465
62393036396335326335653237323530656163353961613362653732336437336665363232663231
32303434323963353765373865636562386631626363393330653639363535636532663832336632
37643432383832643738613230636164383261323838343030653231313064303935616464383339
31613038343763396635633536616461633162383339646132313332653838653135373534376232
31383632393432306539633933393862316162343434653135336432333863626361653866333461
64656264353561303839653539363533616161303237653061316534613235653237663631643334
33633738356563626266653639333834343639623932663839343636383031303836636263393764
32643564303237386136396464663436643434303664643662313637656437636331613038653164
66636464643638626230323838656130363963323439653937356336346431323332623131343430
35663938346234326534656133663466353463353766373931353365323562356164363164353131
30666636373863633034333230646432303835346163643166656232653531346163333763373532
64396132323032613263623235376361643139616165323163636265343934316432623266313763
38376533643331346537343436343232323432666463663366656466356165653337326139633332
39373862383431333264633966393065616632326438653334353532633431356566353265333662
37363164336535356566316266656632366464326235666135333430646663356435336466373330
30383532356364363635653934303961303031663264316232333861396531626233623739366238
35303335356432356637366234663031376133333630363636616661653662333236653431343030
30626263353833323237623063626232366530643563373433323734353563386436303364316537
64326539373562353833363739333738353937663438653763333333353233306235336138663733
34386666343433383565623234303663646636336463323366663966383633333464386332666233
37643434663363653734333734613064633635626463306664666534373863653439336332303465
65666165353366333762313037366435663263323862323834383730366265323030643665623438
62366638356464343231336439613665653462313032626232626564383165653234326438363466
66356630643633636261646636643762373235306563383738306235646134616436363933323865
34323239393065353064316366646563393363366663313230613961653431383730613436616263
36313832663034653862383334333161633466326637383939613236393466633132366335313433
65643065303437333432373462303336343830363061376664663135373437383563356432346539
33396437636334313139303665346564626666333966316362346231386432633139386232656238
35623538663530636235366263636361636233393039343762653639313165313139383934666435
31626132356438333361653233633832306539326536333665336566376534353334653763393131
62643631636239366230363766653462376636616464636434386438363261666430303236346361
65613261373161306662343334383661333932343464656464623237303338663733386137613333
35363266383861316534666234383434343432366165396233636538386437396365633764613861
35346531636364323834656333346463373834326538623735373834653661613465363834666631
64623238343866663139393863653766316463363436326161393537343261316661623438633737
30353533653731343538323932356233633265346332303833616465313832366137363737613537
63313239646335303566663932386261316331346663633635616535346263616265633266346565
34666461386164326236396236663132333465363262343435643732353234616638646263373339
34633865623137356363393537626463353533623736633865633063616238633266626266386634
62353464656261346136336161313639643431396237353265623334663834353337643164633730
62313137363066313237346333306231653230613931383663366162646337626337346465363837
30383130653930363734336130333336663330656333333165366338316237656434646164396137
35326432646339333065396338396136303431656266353864663130653730323765346331353039
34653564623364376361393238316462633133336363636536363939373534326631323261623739
35303634363436386464313961323635633037373930613761306162626333613666393931333864
30346263383766626665626636373862383737386230623333623464313837366236306530653166
34343763613466306134303132613234396633666563313466353530353330623665626434376430
38663835303235613866336135303331623337633066373939333731393336363232376164376234
39366661393434333534363635386332646235373538333534323634316366336330343035323032
32313762343737316162326564366131613937613935326339386335653433396539306666636231
65636166613930623966623062626238393761656165383530626163613834623132386434316235
37363236386464663461346239306365353264616639323131343866633930353735306462313635
34613965373664626530633231333133616538643965376363326363396330396562346231333134
39613863616665666635376134663338383831656130633737656366353734636166363964363362
33643032643166303138636438343434316363633665643766383637613738303161303263396432
39346565333861373762393036323830383065626663613733303966393639663865326132366630
66363931343132306239663236626261636639336537343261303931663037386365363333643933
30373635646132306439336436373737306663656436376538353436393961363336346562336232
61346561383566383162353737373265346132363136393864616364653839353061343762356332
33663161393866313861323038363839646338363535346465363363353764643234613762303166
63386336626138323965333639616661343763613965383238393534366465393237396538643639
33646565376633373632623435643539653736363663396562386162643232643539313636666331
63373233306237323732643536383366373931326266386330353634653830646633666662613164
35303836366461343132356338656534653335623330353530366138393031656364643161656537
61366338656564373431646232383934356365633038653035646334313265636564613436343939
62393365373463383335356236303831623863623933313036353737303461333938323238633566
38633935376561343530383765346432623063656235343263326263343733356461386437633735
64333563663838663236323630393462373531373539383538316661336361636635663036663938
33663731353635653264343330633539653863373865636139396664626233376437386130346136
37363130336236306331663739643238656534323437303865643937666534656536303366373332
33386630626261383962366130613833383136373632653762396633646332643262653762633866
32623633323135343835356536393536363634663133383363656530353434356239653565616434
37636261373632643132396339666531636537373833333933356163363063343164623437653161
31366432343866376561343236303766393133356331323735623862306433383731356565353932
37306437636466343339373031653564373431626435623565396162346533636530623566626563
61613438643563373835636264663732653064376662353938653165346333373435623961313233
66393130353566393562663035623535363438383138666564303666666464646362336433343161
62623163646331333862666136306630386534333533386432396364663334313137663531303365
61306166306162636132373662623564313738336135666139303136626664303763373233393631
63323535623062636438333161356335323133376230396636663263663463633261323261383138
64383833383933383964653866333466363032366664656162393064313630623538353337653531
36306461376139623039333132653039653761396139376232626138336234633265383734326464
39333436323036346539366530663939303664393338313035643235373137386335353730626133
30396265393861663233343438386164393364626362613834393561666531663766653966383261
36326332343435313566353963666364393561323461376537366333633037343031393162326133
62313964323561616561313939323735376164663934616163303738666235613630313365643364
61356131363230666234646335386262303231393738663531623331623335343030333661643266
66333431623331333063336433623931663430396364633139356563646633613638616665326138
65343934626334363235653936616135386430623039383337613462333233616436376330363739
31343964653064336630383634663630373635363535323038353236626438316138336266306131
38353532366163363039323938303061363066613465313530306633336362653732383862303162
37346365343036396336313732373163373535643366383761623061396263653664663339643337
65623731373266333462353535316238636535663734346438376132323961653534323162653162
30373430653930383534633066626236386464313562333636633436313937333262386464316239
61653465346132376439343661383733306130333732623431303532323231323761643636386363
63363136386662373234653539353465616639616238336339366663643362343537356361396461
66643734643861663939626362373935613936303330383565306362326666633864373361363666
39396162666536353039623134303636636662313636653966393239643161626430363239363063
30363638313962326134666665653039666332623336646530386337343733356435393532353034
65313134393939366235633362393362613438313037636566366230613638386232366233303164
64353265633435383033393731313865386431653663343638643434396330626334333764366565
38666264346135366662373930656262383731633062623961643166313364643331303039346564
31333838656631633636376661356634643265376666663066323064366536323636643032356365
66386639346666663238633235303635656332633337346462313461643237623765376139356531
33653534323737613237646666613832333731646233623630313634303535356662663335343563
63333139396637343964383932633466626135333861356234646431376666366131653465653461
33633635373937663935386632663035306232353463613434356561396136393739366134313030
33396236633739666139653762666430396433663062366330336439373263623833313132353537
64366461353166326431616131633633353362386531343238626330336365616130636438643065
31346539333938323034663566653138363063623136643839323730626232326566633865366532
65373731303237643862653233306536376335636239663962366431386230663763633061663264
37313462373962313633313133646661663766616139646132353435326434366361383331333166
62316266316663316132393233613763626463333466646561363335393764643263343165326464
37323531363464363066623766636632343163633661656433373337336638613738633736326664
34633333666136343931666434353633666239653737626566666438363665366131336537613636
34356565633333393430313436353631373237373736646166643563613066303130323664316564
38616335386566343764386432383363633264343764366134613864663165346331326231633035
31666637623039326330613461306264626433613466663832393962666135366438316464643239
33326361363966333535336566383337646530316161643538383662383466643963613534396666
38663439343733623461613164343931613731323034376265306665373261323562323633366339
37363062663637636332663135313666393462346630323563343736636461613936613036313361
38383162393532643565376361623861376364373537316466396162643034333539346438656566
33306539313334396463313739633737643733643533636432646230633861383261646664393165
34636661653531623735336532306161636435336230316363383366626266626238653133613466
36633539366562616535396465656563333765326361656133303537616233613563363231666262
66356564383563373736653137313339376637316137353336353462663964343963393537323337
30346132653131646232376666366231303237313233623535336138663338353233386637316530
30383235363662633462396166663733376633373064393439373933653732663966313238323062
33326338323864356631323434633862343532303439346461363833316135343230333639376532
32643931613763636239393234363264386634306230316132366431653465373566336538663230
31616365613163373033333039346434346633636139663538356537326332306638656638643139
63316461613637373762393038653732376331386631373731343665663338613738363563373630
33643839363837353066636664663265623166643661393637656464626465353362343864333963
39636164666637363264393065373762353630303634373864313362383134363164643864363234
63356163386461666331356431386437663636393465306230623438333863303132386261343466
66383038366364643137323536636362366265316366396138303438646336373762373537643466
33663239356635653132623139323664353935313564346232323764343438666230613335386562
30356239336232323665343139363936616665633237363833376234303963336633613461386131
32336134613534316339383465393634613566646538303264633264303264373562626566353736
36336231323462626563666465613838366231656131386263653063336465663363393261633036
36656436323035663237656236353265323536326166613862613862336661646163666637626132
63316337643432343435363762393163343566383538623461396632316662643432383336363865
34646162376133343631666163333763373465666634356330653033383235346666613137303763
32386366396332363331383035333233363763376466616636336562613236643762666538656136
35353735656438376236366232396165323062653037623964633232373238656431663636636331
66396564633463333235643264643963623263363566303961633032323138353733366165376439
61383036306433643436306465373063633736666231393636373336376635333335393435663562
31616433633332623138666336336137356637366532633862643334333334373937616161383039
34333034316437393065396237613736653761343063333161356239306431656432363162633630
36636134363266363139633334303963363835653462663766376332626332376561343165313363
66643532333062613838666563396165313538373239316130336532393034393739383662303462
38666565643662366639616539326337616438366639303162383065653966393562643138333434
31653865373064383866613631663931663037346535373339633832656362333765666332643131
31376131396339616563376439346434333833643239366161613231383861666333366261653061
33633735353962303765366236336633643837623038343434613035376161343734623738306464
63666131633238613738616536396164666339386362376365393636343834633133643138306433
34613133646561306238336664356231613439646337366632353863623833623761306232356439
61383364366132366536633038393831353036633866333037636232303936383138616135333761
61343837306635643039326239636433616562316534346330656537303961323466353165333465
34363333386463663166643766316331386266303562356665323337363165643161666563333434
30626662643734373438323635366665613263623464343166613134613864383733666137353162
36633861636361363930396633383565636565326234386362623563373433386337303830643965
31353136333431343661613965336636383434653739376235663932623133666638316662616132
37633866343161653839356536653264343466646437653837643462383037346433343066646563
39343934373634653036336162363163653439336335383539646362346164333737346363353365
62336435376230666335323262623933383363646235383233396562353463663439633430366161
32643039383931373535656463346136616661316533313533366138313537356237616636313831
63336261303661646564363939313534653830623231323434313436393662343633663734313638
64636364653564623865646334636337643739643734346630613364333866346337326637356632
37373963346363633666386565306363623761653961636135356661386434313366326132396532
32653535623537663337383839663764313332313439393466306365616232363832663932373231
33633731326633383561353361636230306633353863633833623238666230633232633562396536
31636663626131343130383164323961366332656361326330316366323164386438663637623665
65353334646463303566343463323831343839326438333962343863366638353732383134363639
37316334633634666365313738363263353763386333616437633433396662343937396338303939
61643566306430383466343563333637303765636236616166363231623935336534353964333665
39386164616166636664313963636266356336666462353831343833646534336631376263363938
37346561333362333238373562303364373465313032376238363238373864383830663136346535
61646332333339323362613030666230363031363030353634666361643932333239666233316439
35613063646565646236643362386435656333373664646435333438313330666662363962653637
31346438373430316539383536383866653062643766373732396532646233333030646363376438
39386635363534323464353561643833383035663539653437313131663231353962323636343864
32666138363633333439613532393137653136656661383835306266383836336639306135636338
36643261386237623366633035313136646262633333353938393464356336323731346437393436
39626630386262626561643235373634393266386530353435306537343365373361373638663762
61626238396331623462316333336334656232656563313738353038643634393539363634306138
65356634303934643665613036643937303066393461663765343566653165653335346265363433
36623237663064363137643431636330336465326139303032353864623939353038636364333638
65313236313530353931313666333861336565626165653434663738393332663930376139653832
38333830333632363761393666663164376634666232366265653835663231303666626465333966
62636637633036333635323636393162316336313865616362323636613839346366616537373661
32666461316461383265373834303364336366303333633334613837663562313434303830313563
64376232333636396130353565393765653935383735333962626437626330643232623066306534
35336239663034626339366331326234376535653331373138636362643132363832663065356335
62323438653165333437666262643361313637346664353035616566313237306638353935373564
61353137623036366530303162653833663932303634376135613233376338663166663764346266
34663239646534393663366431393530373237326461313939313235626566666632316639376464
35353535303531663030326437303132306430316432323661396432326261353832343965333432
34643233366430313338346466333330303532656637626333643836623936316633326335626332
61643437376566643838616662616161623335303264366262343031306434316461336338376331
63633538383233613331633237313361336533636534643262633938643166363338356638636261
33306333653437323938613833666136333662316464626361386464633833373232356334393333
34316264343663346162303066663732656363303766303939633433376639383766656166663433
38383463653932336538613762376438303335623734376465396133323163643132346330633031
38613532393565366263353163323339666231376164636333313134653666386561663334396534
36363934346239336437663034653363616631663934393961303034623665326538313166326661
31323666333565666264326161323362333332643238623134653732373561633339363531366662
36616362623036333165386632643433383335333139356132623033326433333631383133316536
30393064643136333361323138373966333464383435366635386532616636643464396233323866
39636364666638346435396632616238363034366534306364343862313666396365346364366436
35663032663632633265386139386239353137323433666539383337633836333764636666653033
63376237653362363164626238643733623562616635376636393438313339656162386164353438
62613230643032306339646337393331626263653136383865396632613636643038376438363636
38343564393235656438393662303536363032323236383638343332663363356436343931313937
65626634666163613533393261323330303032353336323435626562393135386639633764336336
63656564313932326164343065373366636563623032643335303263313933383462626365633935
66303262633831303535303137626466373063623661626162653134343434666137303330666337
35646131616265666635633231633864613238396165323762366130376463386134383636306438
66343934303563383565353536306266343630366361346465356433643964313164343164613363
65623533343230363837333730656562333562353139633662663933313761373532316639666566
62306266643462393835336662373062643866363765306163633366373332643237323038306461
30316236396431393562386434373263666237366663316337353836396534383830386639346336
63626139626333643964653331323635363234656338376265336137336464336333623731366137
31623435326461336338656132306537366261336635386566646531396236666361643438383830
61653163303135636632383161633231303864343662396166383561656535633564613530326634
39353166653164383330663434326230383436376331643733366535613833336439643133396536
33333864353735353739313330613065653038383333666565393465646637333430306435336534
39363866376135353034613836336235303364626238333365633630666264353833363337386664
64623430396238393831646263393736353534653934316465363739383033303963626265626365
63663834623832386237636562326135633432316138313232306434383031636339633935386334
34386361373132303963373731623733653135316564623465613764346339366264626362386531
61633665643164303630386338336532646438363365346137393931636333663132323262653237
63313162623232633662393334303265316637626335633930303265343532326364313633343539
62303534626664306135393232613732373531623263636538346563346230383435343538396238
65353232663131626130643265303564326438356234363561613539313863303434626564313738
66376662346435386364356437653931623033656139303664313431613639353863366337346233
61333832663633383336653864356362613337363762363836356132643133396530303462646337
34636336373264666134653464653462636162336635343462303739663065343566366639363766
33633937376536653865363239393965623734373366316135373935623432626262653564373534
39646434393765343138353833626262383439333236366235353266383434383863656434343461
64383862393335306532376362656664346639383138353063333635636232303731373439623135
32333365346632386232326134366135353839383663346331623862393033366338653931323835
34346536323530353433643137666138636261626335646366313632316330633338353238333330
39336233353936653562653734316666666565646463633566636238366135343563303066653165
33623837383766316662336563373032316630643661653234373830643264633563626566353261
35613861343933663565663265663433343435663566343832313038613336366238376236626163
37346433303332613638383464373364663332636438393662316430386632663632343038636436
62306137356438363062353835626130323134613430363236393137633739643465393733643633
39356138336239396332343432633761333263616162636632656537383232323639373165653634
30396135653864656162323739343337373135353262653832663265646630653764656637333565
63376364363332383639386439383233366364343035386233616363343563626661383031303962
36363632643935636334383833646639643433353335383039323664386138623930363061376263
38393564393836383037653938623939663139636633363733323561663266636165343638653336
36326431333332653163343362626532623631666439373262313461363037326162346638333862
66393735646361356635323262363163316233353333323239613838353462396338326461383133
31353535393335653430663963363339616331666531333530346132633932313662373436663634
62636165316463643232353562633434393064353164393536306439393636653433333061343233
38623738343430396434616166376664383062336135383634623061626439653132363638303837
61363366633331626637326138336437623631323338616538346337316432346361386661373136
34353166323838646165623663356332653331366134643066363366376238616465306434376236
64626231363632336536376638656463303164643032383235353638666434616237366161623536
32333538363637333932356361376163663336306135323064653565343766376535633264323662
66326464343334646561646634663635643232333433333334666132613035306636613530613838
32336333366264326236643936666663366463396562613735333134336139343130346465326264
32633234376434323839653539373934633338646564363432616464373361316163323331363439
39373766366537313237626338633262646436346663653232326339353539336330333831373666
61356430326234313861383237313035323731363336313339663262643430666463643437623165
32373633383165376532376164656330666362336431663861313664316334356261666662313063
37653963303330333139613231626531333266306463336265313633343731653764643463636531
63346464613531393436363764646431666534316366643032386136363936613964376531346636
3534366532643333393464343761643462623661663766343736
