$ANSIBLE_VAULT;1.1;AES256
63306464313037636630303266656232643135333034396536633538313062656262636166343661
6261313030353434616636373965656435643362663638380a323165393932656439356663373537
63613664623939383266343465643239363635306265393762623634336139653163663966666138
3730643539336436330a383934393664363763626362663161646366316439306331313033613865
62376430303262343736333637373835333030323939353832373139393133386536336463373131
66666333316135656237383363666264666639313033643031623766623536623334316534333435
31353136643033623964626536373162613963616336333463306232616664303434373539666236
34396564323933663336323063303332303561363364666565373039616362313436313137353938
38663733326335643730313230376634616566353061663735383333323961653131623164613466
61623965613738616634333432663238323932316366616230373861316633653330366530353034
66303164633566316130383034393461663831643135383439303235386136396635343465373736
65383732633033616264386664656636616232373930363662333537326335303862313839326663
36663439656430613835386637643562323261346234376539353531343738626136633761383661
66633165653737346133633531323034653161306136396563323636623933623463666431653131
32333862663737646165386565636665383937393361626333653061633434396336313363343666
37316264323463656533336136316235386464663531326631396337323466323239326364373834
39333363363930373363663638623938316331303733356231346161393437363961396130663536
36386464653434643264306632386162653436386136393533363062336531313637336565333463
30303630323630346437303038366261386562653066343562656338663361336239623236393561
66326461363338393032626666363262393364326536316431633564313066616236386565343339
37346465333432623962313234626332323438316534373138393136393936646333626434396461
30343265383038343239313334323936306166303533653965626436643561353332376664396338
64643334656562363965386436623166393434353730363035323266326637666635623138633339
62633664666261613735313863623833323233363635333166653134633534343561613835343239
66343231613961616331373662616433383837333861396135376265336532303936653463656237
32333839363330396631386230636532343039613436633965666532386630663861383331333634
38643732646462303031663831333933383031313638636462303335343564356534383664623136
64323966383736326366333035383437646138316532313562353266656463616332633638653738
37656666386466366166623564303061373330643435383362646234616138633362356264333531
63373539663236646538363161303235653630653361363831306564666638646533666132623963
61623537663038373838306337323931613038663139616664343061313631623534393566313833
33636162636535626535343437353632626362373238643638643065626232653333613461623430
30386630626161323862643864613337633838333332616363313235366434316338643661666261
34663638393630383635633066346130393763616631616338643439633637363831653934626437
33376539373634383763316661303731313761376162393532326339376366373564353963326130
64653261316261323434353866613166353936623864633135306136393637326164363163393864
38366637336662613938326239303866313031323465326437633137383539323333346461623637
34646432383864646563313430326464646438323534333762303235666665326530653237333965
30393138633364333037333632373538643030303530323864373163666431326430656535303938
64616265623665643337653132326561633438343831363533393335653439313537646361626136
34356338373965313632646631376138383631316436333737306365336264383331623135363035
33613438323537333065303864646639333461353562393164666233383065396464336234306638
64393337303763643936623563363635323466633039346261623736323264333939616661646238
36336334313532323661303231313833336533613131373261666364386463396534333636303064
34613137643336396363656636653132663461356437363934356262316262383339346439326530
38663666653330353839656439633164393761393534303964633962323932303230383536393932
33353835613834646134616538346536373263633032613966636238393061636264323637616330
36653365333837353639306632333763643037643333316366306139373636393730373439323663
63353536613064373833633739653438323536666266393637343734303139616132313630383664
33353064336633373361313761663232623239616237393730373265346133643266653562373138
30366662343935313866363863626662626262636138626230613331333433363135343163643935
36616639666539646262666566346262353831396334633061393336613865353436653435653530
30333034663938313734633433383932626563366635623537353962623430323531646133386232
32653438613630313138636461336164373465616666393036633130333336393431383965646439
61636238303361333437346666666265323830343836356561383562343661383234346462323831
35613839386566393663343637633634333666336536366466316538643563646262626338366338
63393262663435343139353665346237653466636631626334313436623737633538383864616438
37336532653963656238346632376639636337346631663934656235323733373438616633636637
30313162366532333837333761653761643136333636613533623133353062613864383565373230
62393338396664393739646264396639373735316665343437623066643465316231356631613933
64333432353730623361656662373035373032376466346238633161663863373565383531613939
64326464656466366636653933393566326636323362366438326362623731623736393963373962
39353135303534353263633439626535336339313132303234646237646263636539656663366462
38366366613939323764336562346463376134303963643238613862663834306166646466353231
61393965366134346662626638303166306431636230356630636537623937653962633562613735
35656536633066343333343437626161333763643864303030613463363739303864343965326463
31303039386663306161613130616333656337336461613139306264663333633866366634333036
36393731393434643536633263313961353565643364326535356261626561643135663966663365
30346363643062633233393166393639656566376362396465643031363730666463663632343434
37353330326362643034616637643563343864616465613065366666643330353765366238313366
65383765366238643036653032333131626663623733313932396233613765633161346662663764
31343661393762623435333933396261663964343137363638313565336630633730633831313264
31393762353237313138393835353361366133656634346232663262313932323835326465393563
62636264663330393832356236353534646132333630373334613539393332336463306330326661
36656163306639303634363361393331643037653161633066306430376338663033613538396463
34373166653765353033616662643731663366396261323630633764326337333861623336336437
32613139373062316631666639653162353233393262346165653932333737643963393436613231
36316135326637346165366163313561663166393330666536383638363465313633393832653466
61653434343333656430313137653837633539623637663038353766643532326333656330323132
64363263303839656635623437313238326130656130303664663938313236653235363531343563
65633136323066306263623064386463363532313163613564623536323835346535383935613130
38363163333065643430333638356434383763376138653338396132343862386262653336353031
65316265306331326234633931643266626236333962336135326164393837333764316162353533
65316564636163356539326131623837313639376463663835313632623338373730626663643539
32623561333535303962396239643330336236653439323138656362386333303939383538653461
65343362393538396262353637636539336663343339386238653365353232653764613636326361
66653334613166356538623236613165653630396264656639636266336432333665356363316438
39346433326461343039616163363436303463386163646137363738623361323436393464386638
61306162636538376362333164663164623466626262396236666265653136356139646238303434
35633839356433333633626166633361633036393562633234633232333864306264633866333636
32306664376539663536626236393135313236656265663432323036323036343363346337366365
31346232643939333362363536396532326561623866373432663436333063653633393330633661
62333230663061356635646339616365323130653562306539643338616264383838353131356162
39653061323561393330636361623065386239376330303766396332633464363739636239316432
38323332313431326433323833613762323637383865343639343935323037396638383932626139
39626164633435353238383535333032393334666237616664383630336637393939366533663064
38353462643234326235396264383265306561303336623964393037346331373564393439396665
36356663366565666137396639336539383238646331373763633162383432393632393135366437
35376439336665393666313533643435336563313364636537356265306532613334656638323835
34373330333361373563316564363131633630366261636637356435326265353963643966343433
35306439663435313034376233666533346464356434343162363165366363333836393837306333
35303139633936363334323163313936623732613637653466373535613665666665306463663863
35343730336161326664353632616263386663383036356630616662396537626234393835663661
31333131313163393631653636376535303631353735343236616133333735343962613564373466
35656532643561303633316461393030343231383533336338613563393662646439313865636165
63306139346165383434653361383062303163313438356635323765326565366238633165363761
36303833663661383237663161623538303837306263306266346137323663343330336365323265
61363864613762303061393566336362396665353235613835373333376264373966643533346266
30383961396662353562363962373335313464353563666664376332326237393133613335623764
31386439313566346433353062323766303033386566656564616136323036616538666165626531
39653036303165306661383535343938383935376635353838333131616266396437306330656639
34663865626562666636623965633064383535343634623139376637316634373766303665616333
38323433373138393634656432646632623337313166346135356262313335333163633431316236
63306163656661653036333833613666643938343963343363323232386335326239616336363566
61663466643238663236386638623039613063636465393439353534346135393235326665373962
63366130303164363331373266346538646335646264663363373232646630393364306435646236
61636130323436346637656661386463646264383161313132343639383664343331383836356661
35643636633464353938663237646465323962376136333264376138306236366632333632653239
39626266346137326466323539623263356235326665363739326164366362636564613234623836
39333638633136663964333366653064363531633638303761393936363339306239326239323831
32343236656335373333373334653536323439616631363134383437313966663134663530363234
37666166353065656166616134636638313764643134663461396332393061633235633934656639
33613039646139653766626163643339313339363934313636323534376261656237336336663163
62333033343931613634626433646331383638376562636366656335363865633830303234353965
34373630373663636432336136323633363666303434313565366363656666323039626239316461
63306265626433376139663430656638383764373363343432396633366565333334316233633437
33623338396131616135363063346430356433346365326131363430626436623365353034383362
31333366376635393366336465303935366138363065333730336363373738663432666261616161
33373432326639653234656232656333396137613035306133393535313237323331616230336631
64643765633332393961313532623539613265383036313939643561646462346361366136646165
30663166313665356434316166333031376262616431353064613661383637373139353732343966
64646663313439333865396132643234373939366231376433393133643836633131326230363963
33313236323536666333666532336532376463376632643339313436346132313236646331623632
61633736663562623766316531633739616438313732626361613938626338613632383964323963
65386638373762336432316631636165643930393663306363623635313036383866393930643239
62626139386333633831326363373964393438343035306431336265636364363362353337373233
65386162646231616564306232336231363462386534653539346237376232613461383937303135
31643435306337316131323631386233303238313731376663313738646163316132613366663332
34386561333965666362663066306331393635656331366137613830366236653037626462623464
30656163363534393165643834353830373666623436623963393030646161626531633737353731
33623462383038626266373234383230303065386162663265336561396465643932623463653464
32343163376434643132323364343739653264356136326161373766353465366466313761666166
64646133393335366164343137366636373631383438653964306562313538356634396332613736
39373365666532316365383435663737313961353261336131373463363466346166653332356532
31366331623731663939353961303733636162326338633631363763663038653938326331313439
32643762636239353665666636393231373935666332303162353136393332616131346334363838
62623462396438373231393533383138366562633565623562383162366464306336346439383833
63366565666230643366303961656230626337613538613938396331376462616361663461353663
66316231366637366165633530346532316637356661323162666537316134393238623139643833
62656632393532633165396562663138396162356663613661303233663938353431343661363464
63313334653735663030623064613938653836646538343035366534333132376163376266633361
35383739633134333266346366643034383361366266363863663333356230656232393865373536
37656331396162366537616234653535333438663263383462346163393132396661663765393538
62356131663730656661353034303765666338326239396265383335646666626333313235336565
61333432306238636363336562346337373834373431626639336632333162643234363732393530
38333331333235633634323131616161373964343365333163646230623335393665313563333139
33616662633935396365313366363635616137313864646332333839343561363430663436656539
38656265363037653139343830393834373764383264666438633236653165346162346537353133
30616361313734313533333438636536303864356432623066383234613530303337663364656561
36373237343438383236333430356432363131383039333531323462646530356362323535376639
32373238376633393830373464626665363939623733373162356236666336653266663165346161
35306139653731666361363239373834636364323666633462376432353963613332616338316136
33666363633639326566383730336236666435626564613033626166323332356539656231623761
32306165363131356432386432393138356132363833663263623131303938396339613063326466
64663634353030666238316133653037386332323461323061393538386531613334616533636630
65396431653538306232303734313739373164333664323061313236663736356466616265333564
32366262386430643835646666373230383033393062343565613832626562656462666534303137
63653038356563663036393062623438323932653631643830626366383464346361383362653938
31666466303334633633353536616637656430643836363763633837646563356661633766303533
66626663616439326239343635333463656234373063336664373463323065316335303236366235
37363237613464383662326562333734613333396664653133653635663462626161306631616462
38643861343136326162353362376632626461363466323537663535303733656461613536613731
62393632343636613563643664363030346565346632343836363233616138323531383830373135
32366162353565643233666366333335306331336130623363303063333662353161376266633566
37326636643062393938383862656262323535393463383135386565313431623531353436306364
33653034663435373332666230616430663638636430346264666536316337666636386466363935
39373366333163613238363933626565636330626137383363643736633166316266633837333134
63303835306532313738633862393337376462333730303634656261386636613137323461663465
63303163313130316664326635643432656238306331663535626335376265326339663239373365
38376662366339396263666364656231356531393331373232393065366539383532313935393636
62666532623966383335303565613232356634623937623961393435393035366464343133343937
61366434346232633931333366666232383233383937366135366337333630656235643561366139
34366433356662633333393164326164313464333732303331613736373061333939616665613061
30643366316135643736653333313732313539393537383265656535313961306138643362313738
61643162396430393165386534323339383135303962656433343364326436323238633133626333
64363736613264306637653136303763643338663630373264373761303234646137666335633665
62613136363763393463323837346430353864333232336138633561363136643537643834363038
65353566633665333431666663346333333432373563356430306564396239323762656162336233
30643562376566386131363933626365353565393035633831373062313665636239346266313935
31316531353532613665333232323965316132356564386233656431383964393235353363666366
33323037336635383336396335643037326664303362626164316366343231633335646561333138
66313065626162373032323364343365623835353433663331326535653561666230663936333932
62306465343463383936326239333537613863613337666165313264656138653439336632623033
36346330343638316364393165383361366561646666653237386333326132346234386437383766
33636332633431653230633363646237333865613663326337636364383036333963383861643837
36636233633864323836363866316536613439306431613931626166653065656564323936383030
37313166333539386133646634303264383363653362386434383731393032363739646530353133
66626661353733313837383830363738353862646630643033363663643162363036303037353361
38656537343230623764666663323630653930353162343932626666636135636265373336633231
62626134633137336637353432646633633935323830303966303061323465353139353531626537
61333266346138353166373065313639303465343765336430313365656638363665303732336462
64393561663563613238316531323264633031666465616564643962353931356563643463346637
31313464653335353264343637373165346531366265303037646435376235393538373438323239
64326239653238313134353432633833613962333539366632633335653563393633313665383535
38313661646561333836363866306365333038363163643061386232386332633330616236373361
62303564623565376337623364643161623664633135336335656566336530346465313635316637
34653565363434353931363162643765626430643437343935333964613662386364616162383330
39363939323631366363643062626565353261323939356336633264303539643061636434363131
39313039643235636335313033326534653965383263326363306137633830343934326536383466
34613066613865666138613961346163376139316662653336663363376237393365333965643732
39613565306266383366313335613362336363613564363664656535643763653332366134666161
35346331616135326564353865633638313538333135303165323238346266316662303731336335
38353164623261316464393633343037336635323336623638346438383061663832323465373266
32323462303636336464666365373461376436313132323465653531393531373335626165343632
65653562643038353965613133623362396235613061366438613563356363616262383533643233
39333439653739326636376263336664333763616566313364353338623732393435316436656463
65316438613233653363613735326239666165366432653466633430376439623832313262633235
35666139336339623539643738326237646337663066343737346234316137646661313034633865
62316566383064343139303763626430343131306661646135633937306131373339633064326266
34323661636165626465623534623265343834393631383537386466306333633832366263656462
63333934393865323761333363653039323139333434323864373331356634393466303566383435
64643432356635326366366531626363616362633762336635643162303864366536313962396436
35356132626562383436393436356565333264323537386164616432656461333531343866613337
63303839663464323433333830343261336565333862343236636330306564663561663035376437
32353531353336386433656365343563396662666131393538613036613631336263303665383366
66646231353335303664353734336135353232373131376664333165356137633064356136396365
32616233653937636163653439626563333336626332323136656137343830316632396161353435
31303066626236366539336339356439363533666633643861383638623064303738306561653237
33316231626262633230326531373739613437633835356132316234663135366661366135336334
64613730343166313362633830393238633863613539346537336337343238626334656237386165
38633166616362623061356639333535656536626232373566333137313438646133613437303739
62666162376334333763373962393566633362333737306437653438666266643531333232393838
34326265336132313463383736393335663533643238303534326262653435396532633962613234
39613036663661633962636435323564343438623031336361623437366637666338343930306339
34303736366236323466376263313438353665303138383761623337613565383535313766643362
63346531326532386135313633623965393062356236323435666331633862313565643835343466
38616362356364333438623964313236643338646431623865633833376532353437373333373335
35343035356337613563323362643964333937303333666565323265663263383362646665333637
66323038383332653438373131323365333662306664316162663562393438353565353239303830
34653461366135663666363935363038366636646636323138626339396136633438366136333261
37363231623039643863326539326438303830373934636234306562393231386163393537303739
35313765643635623534393339343430343734653139383965363161313639646336663637323738
37646639653332386366353135616635386163383431326532316634346363366662313764303864
39386239633534326466376564623732666534623435303037326362626238643862646265343365
30643561353862386262633361396639613034313837346334656564373562323864323030656330
33356564303033666336396463316365343761326638623835663138333935316336326439356437
64636562663138383739333733366336366466363462396531343237643666343766373666323037
64326165393735613963616232396363316631626432373031656630663664343162323066633966
32326236636130333461303464326430356463353937363131343661386466656433323064306432
38323739663166623162316436633464656463666230383135373961373663646331393362616232
34623238346237336336383631373962323637383563653662653762313839303739636662386233
31373061333864373734636239303031343062373234626364333661393139306234643432363263
39623538653930396664313830396136626238643438656164316339643835383137333361646138
66343364386561363765393465373335373562316139653765303037306562363038313965623338
39646536343637626335396539656639323134643265353566616232653963363738373030666139
38663231626238646364343433613062383637323135326462313235636339353163393137633939
30346230396535323566336162383766666164626630613362346230343962313064336134376462
61306633636630653030663331336236333932643532353330346430393137326438366562333763
64656139343666663461373335343432653233643637636461653462376463626566346239623930
37313039396631343563663933663065653562643265313166643334626138383762656139643661
34366630633135616162396235653964643632646639363538666662313965663865353537323932
38383631326332633031366135383064656563316166303631323463666664383966343932636535
66383738323136323064363135353864303537326130346564663864393230316431363839623933
64303136656463336266656432333430663936373463303063653166646534626234363436626532
34656164316364626662613735336537353066323664336334373930383962643434306135613434
61326237323166306334643061323461363938393565636462636438393835656232666439303966
64316534623436613136643061646538313630363832343265666561643438623937346661383331
61396638633364393738386461646230336462366238356235656665653565656563613963316130
35653262353831353766356639623130306337333038636461616230356430626364376630393062
64326632353132373530376339356265353562386462343536643433653933346665313933383832
33373465646166303039663231346434393236363636363361323832663763383963666262353637
61373334303966623666326331383563373436366466326231343032653366636538356561656337
33323530616662343239616136346331373436643934643439323661653730636163346366353366
63323665393761376661663162333639383230373131663138646533656635313137373231336231
38643934653036643939386361393138633062306133313338336233303230653134666164663564
36353731343837626661353962363430656435306338663831313063666633653964366233356330
66363836313039393939316431656464393432653163313666666162626133623638646366663230
66333131383133386538646162373666663262626434646265386630343438636537373066336433
63303432666534333238613735306665396366663838356338663339376665316237343539643833
32613766333030306332333266336362633132333933363030613631303630653634636536643938
35373537326639373064623761363732313861653535356465653461373063373634353061633363
33623533643064326133326231383838303562663434343539653634613931303732336263646465
34656439623563316134373865316363643939303932653261663832373135623466373338616438
66363634353134353237383666306435646332366333616237393031373033633966663563393762
38303166376438366237313735373163383062303937333864376132666539656533363465613433
64636661303965353532323234666130346165613432636539656139663438663331653032653738
33633464313039663837646336623930323166643636383233383565656139323036393531316634
36353830336339336366393336333439383438633230626634356138396635313635663936393438
66663433626131396166303435303265316663616539393936613864653133343534333933316461
39383663373531323730366535636433376537366538316635643062393930646564323363343633
30303235343162396539386632643133326132393161333935306635623437653839376134333333
66613237366662373834326464643063623463343963376433373533373264313336633630383231
37643263353134666532353962373032626261303864333434626662623430363665313735363336
63303732663339373565666231393762333266323437646137656135333332386439393938616361
36353831323536313135643839393630373365333663373238653363333734343437336136633762
31623139383134393761383131613161303939386537333731336563643264656161633234333131
65363938383537356231386634393534646332613265313964323238396533363234356232303238
61663037333536303839636239373166353236623965363465663866383230646137646435303636
37616661643832653033343462303938623563613131336162663730383363356336313632613265
36393439633265646663333635666664656438363164613364386131303332646562346662343964
66393139383661343630656161336532363038613038376234383537646639623364633764373939
63333635386635343637366161623838373364393864616232383030353036636336323861336233
36623463393831346232626562613461323431616234633662323535653030386536366162373466
65363362633233623230636231373530336566643964363265636530353234393932353439346462
36376533636632386433333162643932633239363339326539616437363966326664303930333732
36326565383664303431326232623162373133366334306464363461623530373265343031656564
31343836343533363665646363393634643066643838363730353537303932393839656465373332
61313765633635353666326531306166376563366132346133346636653632316162346631353930
32623439333762623533363434373430643366613963636362393965643435623266383735373039
30613861636364663561666462336664336135356338643663316236663438303232643438313931
37373737333161323835663933643866663663656430363364623938363066393136616265643565
30373436343033363630636430633665663837326631353535353166363130356561663233393135
37323038616632323931653734366633353761353465626434656431616135623963323236656633
66323862373437626666316230313265623761326438663864666333626463316433663035346565
62623961643765646565366532396437313330663036336133393734643263363637393664666336
37393230326662636265646631613036366138346634313530343962333737383830626239393032
30346530633866613832303635616462666233303938373766303962666439623737653236356530
38343036633565383337393466396339303432623031303761636632353835313439386663376665
35353735666539386565316437636132323535363664613230613630323862333436616433363761
61373866366532376234623038353565343739633130643166313939333338366466363962636165
38316661333936623134313863643737363762613261303866633039623138646132386230613338
37633565636436366333663930623433363832336534623330633266303038393839663461633238
34343836373832353538633561323038333438376666313766653663356232353235663932303039
39323237386561376531393363373238633666383166626134373838303332393162633466623031
38333030303661636538623639623637363465323563326665373833653366353232393665643538
66613861383261383638393836643734376164613439313461333063303162383862316435373263
30376165333961666136343862616663343439373538376462303031336161333866366266306434
63356634333531396639356132323931383931383131643933373265613532363334343030353838
39313235326461336639363935316434396361646431376431396538313737643638613837383038
38313131363431623764386265636430326337383664303131363063663133303364333164396231
31656238393839353937336435383639343439393465333661306639313063326365386237393265
38316637653564303364623831313536323265313632353732353861326336356134663633653761
62323034366330336230333131346231623931613332366362633363353439393836623631636130
63633964633162346566333663663138323761336565326634346331623464623630313761363362
31623232663362613632646434316435383136663531336264323961393364313932363537616537
32373566326361643235353034643033653131633865656633363762633838326232323232303438
32616335396265366134613565626336353538306364326132386333633233613039373230326365
32633031666535633233633730656631333430313931633738303935646463323662333962333932
38323263626264346332653862313165613964613435663834373731633565393464323639346661
30306533663935323265326634356635623831646336313835666130663838633763613862376563
34313462623831636465366363383738363531643761333665626239353332643766333036393866
34336433303532353433353130366234353966656138643430346336646533633064313932623763
39623634333138643534316638386530393166653264656663663932656430393730363561616230
38316561623463383864613666343036663533386566386636316632396563303633313537363738
62376238343134613261643834346366636231616131393632663133396636336661353330633565
33333230326461396638313335636335383735396339626132353232313537323035636538663561
31643030343163316337343565393737643238383664643433643337396532613062666137653531
66353633363635303230383639373936613962316564646465386531333836306632646363373761
34326266386637623566303831663430373864333232393863363064633462393365663733373865
39393037323931386437346333633334386566366234373130306531646530613536613136396336
35326166363038613236313562373162363037326433626634356666346337653430336363303838
35616161343939646661343962303562333931333034653935313739386130346333336464326239
33313364306363326464303763343164376666383137336361643130613564316637613439356234
65363338356662393264373861633735363236383933306337326130613465666439303138323638
63626136376339346561643139333232373961636231373336643763363862303164646133316135
65343964386261343738643463313763633231656462656338313637663366613764383662366433
65353931623438393665343139663463366562366264343436323538323536323138646338346131
35653931303131613336343432306366383431636264663837646666663131643039306438646236
30343863363739383939306133373836343063333137646136663938353432373934353861373130
32386666386435663531383964343966393239326237393762353036663364646332363137333230
33323664386631316532313239376533386234383934643365643939376639353839623334653031
39396131316237616339646535653564643037383939636363306564383139663334373130653766
61653534323162373533626639376333626261373639386637323965633065396637306264653763
39643931353565366436666133333964383763643433623035313537393463393331323566613137
64663736636162353362353439356464653432313233386238663163613739613039633964353464
39383032376234346463393230363465333735323639393634336566356333373862663930323638
65396363616335386539306566376563656463653065363134646331386465383132363539386235
32393564373937343762373536353335393261363330663335353131313234393437623134393436
63373230613161353138343065323662396239336664643039656466663430376333326432653935
35623466386365613934353363636563376362316639646366326433643736393537343130663235
62643462333534373837613832656530373034663361633566373239336439363536636661653833
38636635633961336664326564613033353230653433353861386365346531393661666639356536
63303265346434326564366138613736613565386435313961613365353437356434333030366539
35303831653762373464393437666635633063376266363331643930313831643634663638386633
65363532326137343235636637303930643338396433363335393235333533623565646366616262
39383461353136376665316462633366666636376439656138393134343139333036646236386364
35373434613236353363333632303634303130393038636338613839353938376663356639386431
34343837343032373330623034343964663765366330336237656266336132363761373239386461
30363338313139326365346462613534646438353230343933356130626239333761653464323462
34353738383765653730343462356538623733383532393234353464613935353764343562396435
35353836623762663264383034393733653165323839363431636230346364373239343137613539
39313035343065333433653037333331616361636539666236373132313961383463346364353965
31636333653362383436663730623232353563356261373135633164373635313564363439376166
64643835356333363961656363363530303734336663396636636238613939376231396438373961
64333763393137636135653466653538373134396464626231326366363135366230363637396630
37636639623537383061383466393431303965636337386665326433393334393636353739626437
65333734326431353761616339303861643661323931313139656565306133653164333633656431
66616262626337666461323665336662376232373566643538636332653465326366653835663634
30383234653731613132616234613737323832346130306638623834353431306666316665346562
38366135643935376465666234393762326161313434313330623639306565663833616137666332
35306162383036633233333265666139383464343230643739313836323537666561383339323437
62303333623462393935613065313765383336343664386264326439616564376561343066653030
63653732656566653733323334653035376233366132363131656630393362666261656238633734
38653235616336666637323564393965363263353630363436346635326534613635646364653035
64316538353037313231633730343733306431376131616664363339623532346165666664343234
30386362383937356463363232646535623264623564383766316231373837353538373661323266
62356364656364646463333137333139363563386132653764613061643163333362636638613832
66373930366431373661666231636364646134353464396434643831393935356563366236313435
36386463356232326634663734323966623432363735653734303064316334386534656133336134
36653939323436386234373639346538626132656330636234333264666433313739623734363532
63353134656531373931333566313963393033376335323265646566363361353331633036353937
66663733656338316662383135366261396339386336333236626531616661623830323635623931
61643862653932633730666137383465386563326466653335656461326433613036343737643132
31356561333266616362383265663037353733653365393636633566386563363163373230613336
63326331636435316439633139363131623030383463643835333039646336306434613734303337
65393638333866316533373663376136306238383335656335633236393631633338373931626266
30646663656332616564396235633133373362623937646264653931343933353163303234333964
30643431663639343030376237373735383835623732333332323733633634366232343838646339
34396162346330326433666365656439653334613030396161663734383337376535636635356137
39666635346137393330373039366563333230646634623634343465666138663261646435363961
61356566306539316161633033373262663738653065356133396362656464363834316163373836
35323630353937393632633034303062303366313563613039383839373966323335306466353264
61363332636262393738376237353763643037653463643666396238626339323161623534363134
65313565633132633538336432343739316530353566653039353030653739313566623861643264
39613131656230313365306564333633396664393232636537376535383236633562343662633534
35333731313463313231386533316364303439346337396339326337323638373266626339376136
37366538633538646666333138356435636333313931303637353237613538306632323535316266
35383361613338333737316664666630643935623762303233333435643064306631633563623430
36623636643936373164363166393238353636643864316263653862383139313938373434666430
38326662653434663462313433333830356437663164616239373138393439623736633238346436
30623736623130323131333235386234303535316335313463613263316633656365626134663366
39323737363730376430336632353161343966383362666163383333313330336638653938363465
36663965646235366134383765313635373932646439363065303637343638616535303666316664
64383035626132643038663732616637373136383638343764356462323861386538653435323738
36316532363237653133343461666564623133643036346265353866396333396166386439663561
38383562653134613830623937633936663161346635323635663732623833363061656133326265
65356436666662383665623132386439373731663830323633633365646135613735616266643163
63373333373230613437613264326366333463363066323135653134383530373731363433326663
66393739306230333935653565396439383432386634303232386537653035653238363738636130
64383933653164613235383437616165353933666137653932656665313439353633323135616431
35346538643665323461393263613733356634343765353763663034373762313335303736646462
63366132303132653339306534386533386338376437383564636463353134643739633631653334
32613039366539663534376433363436393835303265646532353563663838343038636332363261
35326562363761656165376631316336636463663934386566313037326133623238306337346566
37346163653066656338343964376563613336313139643437613936653763373862623963346164
36393033333230623231613731346336383432383233643536643565626531353630356664323066
33363933656561393161363631613931616339653630666139646265306461636236666166323136
31343865623664386530626635383133363938666636393239376462633638643066663764333466
61666239303861366563653937346265323138366665623637613738613633353736316139323232
32323366336166333334633762393039663430613139373837313733623431303735613061396333
65643562313234373533333831323035316533343565346465333732326538643465333830393961
31623232613933306661343034666537336434643632616661353666653334623962303839666361
38313464646132333730356538333737613734383032663262383061333133336264333731323631
30366534653434653761326161353033343331323637386336336432666231633831653736396439
61626261636461333164356230643334393831323863303061306334663730323864386532383132
30653038363339653930653939373339343963636237383235363866653065643663383935303562
36393234623961623034613065656364326537386139633931323039323839326439383831623635
66663337643566616231616162656333663166646366656637633964333030383330323861376337
34373834643163383066383733313938363065626261363136316664346665653337303833613862
64633236303537336337323962313233383866663862393762343032393431623530623364313364
66343961366566626261343734626562393931343438666437343037313837396634353562663966
62636237356432643631373365626565633764363030316565646635633661666134626162643634
62383534653330346530656431653937326131346566373664346337313638316636616232336461
36356463353434633561373630333838343431313132633833346261343232343937333232363230
35616163613533303239613334383639373563656338653637613235616538306161313662633465
38663734303465346637326164626131363465643366353436653834366466353462656230363362
37336238336664613939353830353664653462303938613531643365393835336331306464663063
32666563326261626337643134303337336534326265333363623062343636306637656366383133
39633931343162643533386136633134393734313930653637663663303638623434626139313930
63393833346162343661376262623665656637626237373462346339633837646234383838386137
35616438666431636162666435313066353938633132303365383735386266393663316630396665
37343637666363643537316661636235656532643035613134343361623863633964396665333330
63356161333637663439653238396639353036643461616266366161643738366235306137323037
39386332626134613538366466323538623533646563333030313139616430613038353534343735
36663133396636623364393232643033376565613534343464656366393035316364366530343834
66356136316633663134396230346434643065383563643664363261383633656666363537386261
35393235663531333061623261663237396131323636373030336362373338613466346562383334
31653030643332643938363032353838626437666536313936323339623166633961646133303566
63323937353638633166366366616162623938353637353962346664626438313837393134306530
65303839656631333735323739613132616337646332346237303566656364613833636462623137
66336339326435643166386364356235343465616361383139623435373262353730663935343563
30333735633065333133316664336464656665653133326161376638353362383637386561636139
33653531363334623731346463313161336364653063303564623230643631313462613434363235
62616262643239636434633838343230303536386561613632623839653839636239646130663665
35393463336266646637663362626436666134636238623736656665393461663432663761306238
62373933646631623936663531363634653661663563313436373936653936626135383333326165
32306264383533623562633731313263333334663033666532663561633237326465623861623162
66643163316263373763313563663138383630326366303933633932333562653363336634623161
66333733326332346664383862386130396437633064306333623130303564623233636532623861
66323062316236366336353136383737656131336330646138336339653937336664336665396239
31356437653766323931316434323539653836653232306666313839626631373930633364326161
34376234646661306432306235353937313263303530386265626165326639336465356634306237
31633734353366306434383132353532663862373265666137343866316233393566333835373232
61623366396639363537383533666230343335326132353264333362393537336365613031356636
62323431636530363939393536656337396134316639633733616335353965363832336166663165
30363538316639323764366538346338633164393461383133393738333966663832616638303733
36346265636639313566306334326165646264383731323534303033306131363761306262386364
30623466613239343231343461393138653961653732353338653839653234636363303939616237
39616337323131663566346165323436363261353331363764666534376136646537633737353233
36373831363731326561363765313038656362353831316561643733306534303537373333313639
36393466366361303031623963643636373664313563656135613365396432393434623162626234
61346436646433663464353966363165343430663933653033386532356337656163373962643664
62646363393064373932613763663333663864333731626462623262323935386664616561336337
39656565623334363039326633383830653265616533323064353464373462626362336161383735
38343766386266623463666436326134366363336233306164396232313365653232653539356262
64306439666136616231333939363461393635623263346439383763643566663130363639356162
64323633623936626364613332613562363639333436333139313063643730376337666538333862
36383665373034366433626561303035353165363662333065396638643935353137396133396133
31643165373733663231613633646635366462323464333638386339666464303831373666656666
63346333316664303362366566316436383836313464373363386432363434323637613933366166
35653639373135333534306138616162616339316239613034323433323537663238333365333265
62366431323563316163626638363238343337323036303534346138376336313439383762643534
30613638383233383434353733303933336634633136656366306434346562356334346335343539
37623935653139303236316430383630663034653639353861623235636363646238353938313566
33323362323232306665643335376432656265616265636537623864653137663962626363376639
38636339363533643664343639396535343635333163663561396466303561346365383766326266
66623664653135386431363764636162303239323061376137623833646130356535366635626263
31316436323665386635396363336537623866613432303738336463626233616434346266333162
35616134333636353563643036356230376566383734653131376466366139646238333763613866
35386436393935393563643235366363396136613430636530653939363763316431383965613633
34323365303466623761333262373461656661356636623162646430343037363438333939386366
35313132613930653134653661396538633833643266663035636539366261363232326330326237
31666565326638326531376136323634323763646565343733623762333066616338343731386437
30303966613631393539363533333562653732663462366538343230306332353131346231343264
39353139356535376536613037633038336534613366306531383233626430306632323366643233
33646139656663646662393439373565363431356366663664616337636262323966383161616133
31306461306561363639323138646535356634323935633033633430366163316338393838346664
32343239646137326632613338363661653636316663376439336337653166346238353234633966
37326333656636376639653835626431663066396663323537353564626236343932613038366365
36333233323939343830323638353930336637616532373964376233336230316633613566353262
37663665623939366463656563613361643165326462303338626533626131396533626632333232
38323363386465656430646665326430643662336264616464623435333136366539373530303035
31373865616536666539623938373233306666633038656361393663323634356638316661666463
38356464363166623838646339313230636333333037396334373039623863313432656431373036
64656239636338396639303961393833653664616261316138393664313136616463663736653262
63373439646237323132623838333563636639383037326530303539343162383231323231323335
65333638333539356338386462353837646134653462396238373835656565336438623063353963
65316435313435333331393539383964373165356661656566626133346264316661376364616630
66313764383539343239613364616231343534643333306561343565386466656634303562373733
66316434306662326630396231666439333632396434373163306562303165666363633762383463
62343461316138623864326431323761613066653462303635353838386665353333636333366131
33376362363561316164333366373130326333383637343535383638623239643635383037633530
34303166363834353735393934396161656531393236323034343336633338336535316363656339
36306334373531303963366135386132343536333337633432623333666536393337363463333662
66396430643435303037613637336661343230653165623165366165616330333937343138346533
65613562643131343235326333346636303365626233393731316335646362626536313134353665
38383331616531653063643162393664633930376532363838316331306366356565653762343861
61343035366330393636626634643833386633353237316538356161653162323830666564323732
66626637336537343463356166373933393061356230333564643133636330356661326336363263
33323236626637303230623132663637616133623232336236613139323161316630316663326138
66663165343634643632623063383932366166356435376165613863356330313830383965633462
37303961643034656461393762633762366439663632663963653566336263656638643261333030
61373931623830663938353162363961616132633663366331396532666264343563346561636631
63396662373464666235616630633363393438316163613561313966663236363038376634333034
34376134346639333734376461303265636336373235303935646463316439393035623134373632
61623365386261306438306436323365636339633465386636613063366535386165363265636439
39386364373063313033646561316163623463366536323665343438303065613536653762373431
32376238353631363063323839363638346138363834396532646335613766313164653434333064
37373566363730376362616533393435306132323139303463393634663630373438333136353139
34386531343537386635613964373837613763613562613138616162333964616239653265623534
64663130316431663163626237663933646633346232363037376366353531663635343835633134
36343262343537373363323336626365613364623834616161623862313232656538646162633864
35623663383138643662373433623838636664323562663238376464343739333631656332326233
34353464333262343137386537636661353233646538633530613564386434396163346234313761
62633062663930386262633631343434316662333266373034373734646163333832306638636139
61643431626135353634376538313963333039323962623338616534366237633736313038386135
32626663376632353563653932313163326439643832346664636165343761656439333861393765
31636566356534303638656136656462393932303532326137316235643737633935646266383039
34326165363361303661376132343535613962306333383335333735373530393834643262366632
64306435663461313261323035316136303335316261666637356336393961656639393832393961
38393163653765303966383737333534393931643438353232613565613038376363613131363539
61336437393831313665343265383063663139326463663262363038383466363761373366393266
36396534613864383964613731323032386533623965376665616364366465383634643435633936
63346433663766376161633839386436646163396236303436663732346635623439653962623233
62656130613539396235303063623565333230613963356234653131633535376336393633386530
38313264373539613034363130626461633864313938666235626263633238666663383965343335
37656439393139633065366634366564383635313861313738326664323261336566333739303564
37623438373962626631303433306536333363363238336133616432316536616538363334386433
31353862356166316164646239333362383030383039376635656339636235353263313165306562
63383264323432646432396636346233323263303738393031363332386364363837333966663935
36613136353366343661643839346231323535646437383965326361386533396134303062326136
36396162343032633436363661643332323231353935373166313536653032316138306361333366
34366135376466626635356139663036353337376537633633343135306437626564663762386230
38376638646165636561313137373633383066663838366563653265633961633761383631306132
63643865636130636136356336653234653063613961363132393238653532396332653163356162
35633038666235666536373230613632666465383237363436643964323833323432613934326231
33356337643766616436306631623039323936333266626532313032663134316633343062323336
65303137653863333539333333623531363038623338626131393631623434646136316334333436
39636137336265623664666436623339376263353830623130323337396565643964313262653530
36386437306564363134643139313333633437616636663363333837303533643665386465356162
66333031303735376565393165343439616531613963326433636530316130353864643938366331
63663564316331643761303163663037313563313166626662396339313037393366393164636233
35353966636630653233663361653465333865333762396365333665306433386136366637396366
38663236666563626465373766386462376165306239623561323765613665336166666163626631
62323966306534323961323863323465616539666564326630366461626662303366363533303532
31323566666661306463613630323430643132306161306636646432373932623033343932353031
64633935393137336263376138653663323063656464616233363135363738333066363665306331
31623930326333303138663631396132333130643538316537653766393734333166323834383231
39333361326265656333666262646230386163626638326336306331383261393333626230633831
62306235666264376238383432373030393865613839393034646364336339363935333634616566
34643762353166663330636562383035353530363033326234313261333261353537306532616430
65366664343637383037303437663836333736613632646537656535373838613530363436303464
32326163636164653636303965336233643931363262336465653837393761333239333833333661
31623866616133363232373463323233336537393133323738316665393330396637653865626639
62336661333062623835393762626437643664343634623364346639636235663062323534383130
36653064323335613431376563346664613234613537373333343962373230313037316666393961
31663762616238303232623738353535376565356233353132643066333431363237343563623564
33313134643764643565396664396263393232386435363932663236346133376636626639356465
37616263386630623538663138316261366237623534336664643964663164323834363062363266
31663734613136656166333630616538366331333138613531663264663636666336343731663861
35383261666531663062336564653064343939643635363735366165323561326639663761323264
35336130396561323966326437633836383736323661306236383639643732303339623930626365
33336339336532376239343165336438326363333363386362396235313636353434343966363161
38306131313065633263316633623935313634313132353735663633613461626333656361353862
63333962336461353463653535343235353334393861663235326333633061643330613335383866
30613337353239303530316662623766316262663130303230636235383364383432303665373730
39633661373062656363623962616639323462613562353232613935313339323737376462626330
31353731353261363666346534313037343862313633386430343162393138313534626232623061
35303839393635393033316633343364333665366436646664353935613261313939666636323932
62316266336638376436303833336666323338633461366332353933663831663933373635336562
65383436336333613133306430623035353033623930663763663934346232363262353361356564
33666539663530383864373063653431633635323337363036393766383166626365313330386366
65376439633162396137393164303835656330336463653039643935336665303934346132313562
66666536653931373562626663646462633662616135633165346464393337653335323636393033
61613136626438353766346264396232303730303132633430643264386231383035393933623138
33333764373833636434666561353066616166373864616465373666323732383539616238393264
30356431336537653539656631303662396138366138646337303137343364393238656463626539
35393435316361336263326662356231316561326361313832343966646365666464323238323238
38646637613733306639386566396635303363323439333334376434633333303039313639363165
63343064323332396533653361366166373739393735666162373037396438653365353436336338
36636666646339353364353230356133613435653932323839623665643738313737303231326137
30333536303431303937313366643164666435646563643461373266376161323837636337343135
63343735663731616535613565313930643434393035643065366436393165313932363633393130
39666633303764646234333461313730383962323765393033646635353566346336386338616136
34316665626438353630653831383331326339313039363735643863616633646534653732373135
38663138613461393662313931626633356633636265326337663430373561663333656238356338
37323462353134633737386632303031633938316362303264646530366535343934303862346162
39393138356632323837373131343365393564613838353164643865306638336332316363346662
32613963303830376163313538663437646161303163346161313734616534323037333065313766
33333330636661343331376139333432313837383036316539313662633861656161303364343564
31386536646537366334323163643462626634356532653832373636613463313561326637666232
34663066323032316537326435653339353331616165636363346534323234366265363931333037
61313439646336366634663663353630643230376261383335646464383761303561636464386132
37633963666339623833643437393232336363383064633932663136633233396536343539613065
33653539626266323162306630396333663763633932663439363530663763643230613636313562
65383736326136613133383265313833616263323337613139356262656230356232346561653239
64626635646162663866393466303032303461623834666639643366643139626562383166303061
61356565663364303938326461373432353162656237313034656163353765363463643561623533
35643764616163626233643232303866333137383934373330623138333666633939343032326439
64633833393165373266613462393664303035393562306264626261343362613233313366663638
66336436396139306633366662393065383033303536313934343466633335353564346533326137
33373832366362386433353162363939383534666166643036663937663533656235316132663236
32653363326562666536386265313830376561303333373131333434653337343066343034393566
61386134376231376235396362633630313162363964343264393939366263323235323765383564
66643331623264393431393939386539643133393633663661306332643064366132646466393630
64376535366263613734303636343639343861623861623463633930303533346230383031646330
30623931633538323435376661663235613631633863663036306563643538343436323962643361
66626333643536636338306662353738323863313733386463623537323636353962653364353331
30663639366134383536626463653932353962383636373036346131623836643164353561393733
32333239373137386236663064303536373461396536343834626662663735646261346634306436
32396632303765663066353030633230383632663462333063653464346535303131363964396662
39373231613566613332373332663661643834663539303862623865373530396137343137643432
65663365626661636363363839336461323564313839393337346665303139336435383236656662
62643863356237306332633932633533623933323736663137613863306638353330376331653866
64323863323462653538323966383036636663383830303539656631343339653261616663643939
62383436613566396539303737653862363665353736376362616261633565623337313465616462
33633963663133366332633063346263323761643738616430323432353330393864653030336430
64646434636637386238396534303365333434353166636631646266333832616532383135383561
38363533663362666165666630306232333531656232656263626562343365663534393465343862
62653661346439313164353263343365313362373231363963396262343632633639643062643664
66643239646135396134306663633137353635633039353231323163636363313032623933323064
34636334653732663632636630613336616632626566626461393231366634383334336436386361
35366231303436393236326163663630383637363738646361616639613061346634343766363738
37376439376336343063623666393433316234373837303233326439653135346165386534346636
39636630623935356163646239636438623866346635383834383934313732636364613934636661
33663964326434633731646161633733623632393631633537393835643037636262333435646236
33643033353461653530646566383262633139353564353264663134376163613764353265376161
39373732626438366639663333646161393534363662613039386465383464646133363930653964
34613463653033383339633365376364356462643635346139386531653237363133643039356531
66373535373965323561393033613666346136643534313037393439383837343039356161396535
64353930613636623137663438633463653264356462366565633030396265353264336331306631
31326637653565616338363838663330633237303530363438626530366231303264393836623639
62663563326362326263373930613331343538326338326165636430363064343666366630346239
65613432353539313161306632323262376363353966636338623535663462333263316534303531
36383936396338353966306432363233323162313636333064343731383966623865346332323439
63666437393862323333613765653465383466663733393161656465623662353666383364663966
36343261613466653833353139353565303536316263353030316466346337366161393265313965
38323666326536303164653138346232303837343862363864363234333736343661633562333335
34636165386337346530313336663037636161333937376465376136316233333135336132326463
37353865633730666562393231353336343938666532653765656166326664653964326630303131
30636438666163623361373131363632346538383363343937366435346465393265386264333136
37626330303366326135633337666232393536356661353936616330333463373637386336323766
66663039323331383236333565353238613664616362353738336134623236626537666339623931
32363334343365303161373231323036363335386163393463333030653532656339363463646435
35373465643639303034623164663363633961376631616664623934613738316164383232633133
38636531393535363431373466363135613261626639306530393835376432306333326235386230
65616334323339356533396163363861363537653835373837353538356161613631376362313661
34353563313235316138393466613438613834326436386361333036333132303232633063333831
64623761346530393035653033306237616162343239383530373961653063343364313939353263
31646137633330623039643338613334333839353439356233326163616633336235313761626433
65386636663736336436646237373239663161316134323538326233326463366535356164633735
33613538343566663330373932336361366362616562623933636162343061393364316638623434
64393862303661623538663839303832386435636436316635363631303134653233323365636431
32656663643961313661343430316161336232633337303331383039353930333432656265666136
35356335333336373230336432626532653363343231613665646334623766613433643762366239
37316365313135336334366236333239623934623562303038613263326634306432323463656535
65316366363435653230323465623137353132336664633937653435643161653961653535393662
39366365333334363761636230633535366664656431373665346337343064613637363461663030
34613731313438383638636364383666316638373236613465653231383838323334346435303031
31333832653530663637373766363933303733663039363337333864316364326638353231363365
37656637393064613464313633353936643734313539393631373562633361333139383432643033
37396561623139313930666136336163396666613839646237653965346562666536326235333038
38613738326561383363656263663735386536643432653437373630663766613362316165376561
38646633656637633338306133343161303232373337343065353434343963663365333065366538
32336435333366656631393837653761303538393032353533386232386138356235333037633463
38613964393833373164393263396166643866636165376163623938356336653262616238343066
30393233666465346133656534656539323539306531346639353062343038666130383263353262
31353239613836326537653030663863353337666534613536356265623066303138303962386365
63313562383333366233633239326434643237353433623838396438343338343730313635386330
30343063663734383337393138336465326265313963653462303335383335343937623532373363
30656162663537326261613735653032313135616235313632323334626633643562343835653965
31313531633333656262643738373132386266656234383166353234626139386264656539626465
64333438373566323738333365643264643037323337326436323731306133306533356432346264
65623666336430376438343435333464326330363066616665316332356266643664383461343561
36393361313331393564656435336561336432646262376565303536386239313362623232383064
62323232313563613636306335373238656435376162626464626133363663363436363931373666
66323335666434663065383865633632653336633263383938626532646335313439613537376537
39393730393937653231656632643363346430663839663636373264383837326136353830613364
37636237633966623334383138613536313535336332323232393838623361633634626137393437
35656334336231356536313137383365323339633464363963333338383361373966353938643339
61336666373565643161353234663464656430666635613536316530646631656262333966616233
30313435326233636239306139383565393863383766353561323966636161326630626364333933
35356235313932373635376363616432363239663363653236373737333564343335333130316631
30353937613032386437306266376135323830333033303331383932316432363731336630393433
35653738306132376331303534373638303830623838363839313031366663333738303732623863
34396435396437323764663839313061323635306265633065613639643338663536353833316636
61656161376632633536323631646466396631393637393131653636383232613835326132353166
31323831313766633462383438663161656332613136373362376232643538356461613232306636
35653734626136643434653065633830623038333163376365646233376665346237616337386138
39346133643961646162366666666232376366623366633131393964333361656636323861663635
32373362383837346535363862316664636265373433646565353262633032613039613036316566
34663830373038633937393731353539366565653835653663633234646633373462323264326236
65623531666433393063306536396339396636356665303536366132633035323632386231383266
36636637626235326532353265663265333761376661323264623662646365666534336432646561
35343132343033623431393464363766343836353761653866333465653161623162393437343130
31363463383864313565343839303938323337333162306436616539663365363932353336613435
33643636326433343664336134643730366265343538663231393831323963626630396263326463
35333836643335313535646666666465306365383163383134663034656138366662363131333032
32303938666565333333666438623835323661333236373033356166353962366665376131653363
32613134663965646561386335666237343163373462313664343461353431643261303831336262
65393235366434363131343537656336353362303135316636376135636138313539653561653237
33646439353730393834663638613736643830303165646339656530376134373035636363646161
31633134363861376638613235303432313462363439613332393138323832313932396463663863
34393431613762356261336639653763393433653739653766633734373232373961613032646361
34353065383063363736363864316536326166663838386632373730616431333463383066616239
33666165343337346532376562616331616564386164636263633132343832363832303338346530
32393636633430616130626364646661626165623536313465306364653262343133623337666531
65343131653830313939656537356232363538393433393133383465393930303535623762613832
65353831666166363030353462623962613538383966643837636533633865386635383832336163
31323533303834663837633534666237623262623463663463656161666334613931616333656166
38363761383866666633613666626237306364353565383366323239613432356562646164643461
39343065313066373361616535616239666432346333633830316564613166353331653139376330
64323364373433393665313361626134383938663032616466366230643435383062643430613965
64666335363731626537363738313831373232633738316631366236386339396436376338333962
36363365636130366663333236363238303463616337343564353138333432343938303835616636
36663861386566616166653332316563306334313731383564616331303164333932663437636166
33653964376465353564303062633839633762616234663732373434653064306263323565323863
36396362633739663437386233613839643761376535396335663834373233363332303538636239
39616566333336616130383632613763643565346231636130303032663337313631653538393231
64333938313931333563383034663565383137616164616336623165393634396361653838663862
38303137373736616261393533343334373665633834396166623862373938383139306266356230
30616630356531613536653763643235643637313938353032643961353733646432623937316162
35306533623965376361616630396562643935336130326539333535343730356132373664363161
35353036343663346262363133656235643361323039353232653263306139323739336262666362
39666366303161393733613433616531353066636563653738626562366535626432313464353865
31653066316232633435393332313631666338363838363535626337393864316334613665306532
63306333343661343133353532633138663937363562346134316365333666353539303332336365
66323264373762613033343561323138373161363637313635353963353531386135636566616330
65396231343233373138613434653732303663323139346566343737373664643436623534316232
61376536316563643636623761363233653635313134626632643963633130613065353361376563
35616461376264303761363332656363336261393164393364643138303636323862383534643130
65646335653965633763633237383662666366353065303533356664356131333862373939663961
62306232306330623565336662623366656566653862303264343662633931303235323662653165
34613535343938363662633032613365653738663062613933363766306138663964663361303833
38313037623936336432383964303439653163336335376130373736346665366535356264343530
64636232623031626364376238323334653666303965343065336235643436313534623163306166
63376237353038663634373231643630343733396530323133353837306562653235383232336130
36653239336162316237613061623163336666666535613133333439626636643138363363356436
34653032393766363735653537633566653439303634373038343461306232396235363764616534
63313666306536653562313063393037343234393361366137303132623262363339623637323563
31333139333931356630383061316563356634626237386462653461643535393462663839333536
34303265656164353764616631663362366335363036373064363762663663616630613738383261
38646134396630353263666431393039316336396165313238373233613335306630343366313964
64383361633761343364316136643666313531313732336364333635613631626633343030316662
36363765353463343234386139346233323066646365616437633530636234306337633363316337
61313632333266643434396336623038353534353335326331323538353437356539656364343365
36363038663237393936326163356136356639343836613934323434613232613733323136623232
30303061373334396439316238663336306234336661313563313233396636633137393461376332
38663866376235656565323537373264656538363831333061323830616230393662363435363030
36623464363931613032366133626235636132666639333531316262373762623266356639346330
64336637393939623766346634613536373535636231326430653936363263613534313766343961
62653936316632393463373833643334343130383563356239336132336563626266376432366338
38323062663265383261613566376261353863306666366365643334613664316665393937373336
39623263633564323835396463366265626262633237376431386136323835393635613665373364
31303837636631653562643563393431306161306239323734343863323636396331393934626136
64343137313362386666653863363361316637393230623434363337346437616461356635316632
65626663396531643136356433623162613362326336313263336562666466613433613138613132
32376539363064363461363662353837356361656565363062353862616437653230653635316565
65313435623863306334636261383464376161346236336661643132636539356539356562636435
61363939313764643733646665666130393038326361636564316462636239623461366237343037
39333837613661666139643461623334636238653464643661343063623534646362386165633061
62383934326130303031363964333165336138666666376363303934666236306633316161393563
64323665326363666662613564653937313766396664383366353962653438393839643766383264
31383163333164363530616338346235316533396431313837656632383866373133643062326434
64663833356636613161653436306362613564356332343938333064656438633065643162363235
61613937326562616561633561373833653636633039353738323331356164303864313063616236
30623565333363633466336433633564616635643031656461613831623138363038366635663137
65386535626637343137306161393762396562346436643666323536636535383062663363343938
66623964373639303965343234373932666432646435303531666364353238653763303339613965
36343139626437643639633033613466306562303064383438323638633035653963626134303738
38303965383366353030353964373162333562653566343736666534323165323639326262323033
31623562623363373966323439646533306166313263313139666135633839313161356236663434
32396339323362393932333864336436636562656162343135376561613735613135646234643436
39343135663463373639623262646637366661663966323033373364333861613363643734316135
65356665383739343233633834366363346332626466626262656335326331333737633832326163
33396566646639613536646331396634303036663565353362636161363464666166383233366330
61366330383736323535326265343638643762643936316262616363303336303630316435336333
38356264346439386437643366353264666536336361396632383034636366616364303063633131
63383738376439366138346466653637333937616432383133313262396535346566383331323934
38626666356330303938333232646563343265376335613466663966633761616438653334386336
32656436653535363366643639656630633332343931663262373361653764396537316662316532
34343465646164653562316636663336363361356433363837633338613834363365326361346335
62626665653231633535343361336364643934613062333935366433353734306361643939633439
36353633663564303533383137353238306431346437343235386133393732656166323866616432
31633838666631323030643139623262643733313037376362363066626137383734303230633565
33646134323861386634383964396536666634373161353863636436373663386233333665363932
35333562316132373735643862306361393530633961646136646561373738643932373131306535
35393336396366643934623064373664386130346539623639396266343061366361306363366136
35323266653961376364383433343537336330313739623332613366616462643765313163376266
64336434376463623139323463396630306434396362396466316265383939663633393430343633
65353437633933656266656337623264663763386366313433306561646537343932343333333665
66373730616239316332306666636238656363633965633463623333396662316531653539333063
32663136393433373838386432636466306637323439646530666239366262613637323339316164
63336663346534616364393763326161653435303232616333373039613165383835326132343465
39623938653936323230636337623436366465643638343537623333373430636237373034353536
38626231623761653766346235353336326138333764346131386636393833353930626536346166
65663734383736343338343733333233326331353830353162376637363533313966613063376138
35313234316634373230626433363936373437363361663962376164666465373932346266383965
31333432336365396462343235386237653364366633386161336236376434306531626564656336
30623636623864396437353636346231393736306565663464373834386564383930623535386165
61323233396566616637323939636266336263636431316532353731333539343461376232663764
39356438653462346264316636366361626535386437643964343436623565623762386138303264
65386262353731363939313033306435313666643963626566636338373033333762333438373564
32306332306536306235333064326163363435643839633835323933346236386134323635613763
39366462396539653266663333663861393337653566303133333832616263613738323238313265
31383063646166323636363063376436386661316461336630613930303831396332376338643434
36316565396361363361343138383863396165653834326366313936623735386562326237663638
36386533656261303037613539363836326432613831643637346635663535633336646336393266
65663435313131376639653262643064653861363166396139616134373636303835326433326235
31343732343439633764616562313466313635633936316630623662623936326139653039656637
61643731646661336462666639356665656565653761626165613465663831336565333432306563
61393432333931303333316166626233363962306365396566643531613865373036333532646633
65376233343765383939613338653039393039363831323161323833396437343261636661656133
32383136636464643836316535393834653064383061303530636663623230666264663165633963
61613636306366303730303233613536353466316639343434613763393766376331383330316639
30343135646437623161323661653963636565316664393231386366336232326530643262633863
31376333383732326436616634343333343932653038333162353630616632343635313333303534
64643537646263626236623233353166313030623733353831633233643461393037393465626630
36626434373735343535356538373734646336303336343232316361373831353233343163626133
38313036626165656338393362663163323766633762653063303334346365386565316332353835
66303563373862656563653939366134383533623737313839323439323431383433323161356439
62626534303561366461636535396236356461343765363939343661356164623235613338613861
63623931663234633731356637303735623363653065326664393339363836363039373864383434
32376231323135666339643137666464306663666437336464663933656431643264336437356365
32613435616163363965623938386132373165313034373366326531633564373733663031356638
65326130386630653463316263316632306631303463336133343835373731313661366561623864
65356138376234666435633530386434383630666333383431666330393035613362306632343831
65626662633336333739333630646666653435623562383862626633303439663165396339646561
36396333343731313139646266616337623237656661316336653061333532306630383461613530
37626464643834383863636364613432336436633164363863663338656436636465316437336563
61336134353963653266656536353830373265633138653462343935363462303636373839323832
38333765663537636331653934353531303966303461626530626433633932666162383334636132
38343831623032646234663136646330303139313335366431643031303862363565326264333736
32333439633737373661373734323266613337373837393837653733363435333062363638383939
39656538363761346233663532386462346331623336613465333661643063666132316231643262
35663739356565633731313065323839656466663538326363353732393034656466373730326634
36396334393731623762616666623165656431613063343861613331613166336334333966323935
31353032336430336635323239376630663836303338346364613439303331643537643236613065
62353264326430303965346132353133633665363565623732393231653131366566623164663632
30323631376534623266326562366566346133666131633134643863383062616165386633303234
65636133346639396162363330306237336664303631373132376164373139613736383264396538
63313631316233373734656637613063616133336334303735363338306264653339396366616664
39386435313430646631323534333737643833333937303864663866303033643939653533376438
35353063383336396361613131383365616331653935376339623164346337373832303362616239
66636336343335346134666461333138613832633162373231323936663839653361633330613438
64303133373362383538383335363062663761376235623334373632626632346162326335343632
32393764353234336666356330656564636330646264313361393036396431373064333236373461
30626230656132346434353532396166313963343436656463353334303532336236613064306630
65663763353537623939353965636362323863346632376535303435353965613163326164623631
64323963396137313433363461623532636534653631666334643766666339626466326432336137
32316364643130386538373265356231393635386331633034363332653932356162316236663830
32633839396437376531663162323732333831333833373662316339616332613564353561386238
63363935356335633435653434323832643166626166316236623334353431653331326265383536
62623832303334343866316433383363316337353434303938346539373736316231346364613337
65393864306231613938316131393439373434316338646566313265323634633961653033366665
64613633363330383361623132643137376533623738656463333433636631666134356635376131
37623162666562396465646464663231376566376338326163333062376132396435656633353230
61353863326636613538643561636338653863313838323765656333666364643439356164646634
64386133396461383166393839326235356336303738643639363234646538313231653331376662
62363762353365613432656663623239306330656338336635343830353631336234346238613235
33333939383562303430616666396461323264386563343733323832636565643731633239663231
65653536653336353430306130326161343636616233313631326430633963393161386332386639
35366266393637626266316536303936633965613664336463373638623634366434333736313633
32623835313161666339626463633337333866626439356539346337353965363135353562333739
36343966636132633939386461373364353236613234643033356438316430643433326363373961
39646661333930643238336463643063313663636238306564333935323866666265646133366331
35386239653934343137616561626663323530363438373335623734303864366332626138363265
32333530336132373634393739666233633236356338623934333633616235346234356638363662
31613535663735393439653231326662386662346137396438333634633731626634663864633734
62636664333434396665316463303362633931333937303033306131366335396335613633326431
62303338393663643535306630353239396662383933313966373166303537636333633138646238
37333837363632323761333537306262613462616432613064623466616333633137393761336335
38333533356230613439616237626566613236333435376237313231343665663562646438646666
30373739356336656434303930366236373866396263626338376634633962333161623363333664
32336538346365356532623464316230333363366266366564346331663065303330316538376161
36356238326461376263613863316461393263323665613234383738363361326632386436306130
63393165356437613463623432333762303738613363626131323566666437383932383934376165
65373964333266366338333831343637656235633730633564326164396335376531393465653665
31366431623463633662306432636638356561323330316234666262366463663434646634346561
33633637333665353261363166653663303062346432393936353237666433393437656562633736
32306234353730303530616236336666346432313538663137343739343131393830313566336561
66363333333338393466636336333334376266303863633931613063303437346666383761353961
35393635396238343234313862343830643337303939653935646461396332383031323932623864
30376336393431346233633562643736363330316438303532613461613166383962623563363331
63653365343835346430623931623933343930346637383030646439323238643662323539356138
39336431666431323037393930636564396166366232646338356565643533663162373734343530
31393366316161343735333633353731393836333065623661626536653836346132633161363865
36336630363534393734303936393634666432653330653238303663323539313137366461386632
38626164303562333231383935386263386239313461393264636639393737636336363138316235
30646434383862616561646335643637313231653163373964623439356461306635663636393962
36393835383466643638656262343035393530656636623463626364613662356133313632383239
33313934656239336264383461346131346338303438363830356530336136383461333839336532
65333739626639393361646637323632633963316230346338373663353831623663653338613237
38353339323564653535633434363430303163376664383534373665623866316433363237356538
64303937323663636432393063323639333931376438353663363234653862653135646335396530
34633731313265363133616666363236343236336237616263643439316666643937623163653338
65613663333065393139623735636436373636323435633131396134613535326239643366656563
64376130343165356361383235386533323837623930383830646661373166313237393433666439
35386564353164343539663563373732386434663338353034623263366663626430636166636364
61663335336165373031303231636639633138316262366636326462656664656632346463646131
64396361333436396237623838663961396464633662313832343935626134316463323862373639
30303135663866346231643132393231376166393866663764373363333835663765393864353662
35333532313264623039636532326666616531616430383264646462333766663435323762323335
61616130356438356632316366643362396637333034353938633766633432303131346630376666
32343335386634356263623633393366636565393439636565306364313139373038663164613763
65643839653133653837326337643065323238616466363566663138663335336431353636666534
38633331363634646164663836663065656432303635366662383265623863653561616631353732
63623436373966346566303936333233613233373032333662393135303862346662383130303034
36656366616164353462383633383334326634613135636532323930316362613038616338303263
62356230303034366233326630623838626234306135326537663366633365386430363438393062
61393332313837306330643462396635383734653233656537383966663230383730303533376137
36353964353365323537633138313064363163626436643736386437626631626634336438663465
61663230336336383063373530613561623666343965613335313231366666343539666533653039
63656638376364643064363362333338393138343239366364313366353237323536633736376438
31623236336636323137623965333233666265353764336638306236366631623032393730666534
64633663633533663831366664323633333033373035393731323634366161373735656334323564
62663464663763343333303530643137393964646234386462383461643831393161393337656237
65363466386165383737326462643532623265393034386134373233353735386331336136383838
38393163653232333236623836366239663636336439633132343361663162623434333734383934
61393163303564323035636334656439353833316535663639316638303538386337313833616364
61306336346438386664646362623065396535623739653064386239613466386561613130633366
32646462646634383430373538376436366463346430396430663265633433343539326430626263
30373530613263306339366634383364343435613439393764346564343130376531386134363530
63613630643638386564346465323139653533393830666336643338616430373933316534333765
66366230653163336264346461616530633561653263626161343834356339616233633234623831
32363265343263376632626638383662326532363434343362656663343934323162386537623739
66316134303933666636616335373763636436396263343337343031356638313261663261383866
61616266376162306562663061663034656362316162336662363836313461353834623664393561
35373165303463666132326237356333353230353835336261346336326231613663623137303735
65636431396661383961653563306138363237643439313137343135343463346633393236346633
34613763323963653931306639343039323261373838613633656536376564313734366538646262
38383632613962616139613765333938373333356563653162323438653464343835653762623361
33376331303766656563626232323038656562633331333231623836376263383961656664613861
33363835616633393535366265393932333065386463353166333565333164343366623034323635
66346538613164326130306164306439643537316639393262623061353465313630666165626162
36363234656565343939353330386332303534613831353939646465343939313337333231663332
31313135366434303834626332353330323432353761333339643037353334323865336630383664
37653430353466643138363764636666643031633035623663366361313966643531356365343037
38363638333462636633663463653136366639393638643534613934363530323033336561633732
39646262373362333230326133383430306337333030306566313865633037643432353263653562
39653135656261306137393433663234353438323166353938633931356237333361356561636165
64623363306337656133616235393936326262363866643534343631633834626132643266346364
65376463343664306537333538653036623536356538376637353936366537363637303064363536
33323865653464333261333436623165633031643634626633343363306632356433333338353364
36613931323065383661393439323264316336323233323666383333613565393163303965303930
32376637643036616331383033396637326636383538373539373161306337323363326233653138
36643731383365383633356666613962616563303139396265356265313436643864663630353833
37393264376362366661373163333864373935396437346566393335363333323964343932333638
37306532393035336135623966343262383431613563363364653936613737313231656531613964
64663465613762666264653138653739643632336165313137363561613561616130626631643865
37373332643564643930386632346136313963363733353561346361383862363733396530613038
30306530656531316434356564663664383936366661326263353931656665346536666632323239
39623334666431373164646463333237363835303234346239353931333039353164613262366538
31643939313939316363336631393766383666326438363562366138386233623136623037343737
38373031313739303833663464313334363936343833396130323934643831623863633939363331
65343565646565326439363137313065636633353234353532636661666166336230346533363339
36326634353337346436333236306163323233303865333561336564393336336261366235366534
35626133643663313061643632643739363533666262653962393364363237323063653031343062
61306135656436303061313963356339313130666562633430303238303238626232303334623536
62626666666636626333653831626230663538373739323734313035373134613862666631343133
63633338646265313534663530643765396634363033633931386535616433363932616435666239
31636434346261353262643730353434376565623263303165663133653662343266623063373831
62313836666132393434383033376265343864316434333731383063383861353831346436653834
33626433363439636262613866616266663930663832363066313430313830663266646464613939
62343263376666316135336632633336636439383034386439613236386635346264353965666463
31396131313735626533383639653735663038633065323030636366633537316262623861613437
65353865633366356139663961393331363363643665633333656434616262633265613931393464
39653564346663663930363063623535333362333633646533393461373135393036323461633031
35353434376538303331643365386538376432323931396532323431653230626238643638613264
66393262306136366339386539363930623434333332656364353734373833363566636631303163
30386564643965656639666437653136643865313362396565393532393332666433363034336533
33663534346162326530393731656335616566333263306134653862626333646638643766303234
39333532306632323362336334316365336131383437323932323464643863356537663432656330
37616133353561363931356561643863636337343535326565653739386533663439313137643234
32336265633130346462323030333561623535323864386532383235333063336265376630333130
33666463353930653436613637383639656263376531343736363434633663353030646336303632
32663832323164616364666666643738363233623334373961303232333938666536616137323838
36633261633030383061343638313337363434313963613334353837383335656135666533633239
64336430363537303662333432306565613762376563353137653934336463393736396639386432
35633735373737623233366431366432363963316631613331383863613334316631616134393432
66613966653762353731623462666531356139666232656238333730303238326165326562356566
31326630343761646261353833623764376261383937336531626333333637353333353039626432
37386265316331353865373137323632336361656333663532636165633936383132633833663561
39383234393136303638316638613832356137316432383236396339656239663433363537353563
63393235626530393235306565346339393330303730336661393732333464643361623961326330
33353730313332373966623138366663643536666431666436666530303265653762393264626362
63616135656361393061343638626565653832623962626636663433393033623866636563386630
66316237333463333435623830356463633164303066393030636563333930336230356633393539
62636430613562613938636636396430306339323733373263323336366231376563383066343964
63383062323838643131326338616364616635666462373436653134326239333666323831316362
65633039386435383038396461613163616539666461353137336131623263653163383635383361
61643866316137656335366262373539333632643364653963616662633838646130366463333933
63303465356165343637613864643739373161383239613233613631363161386461346237383265
30653864623161363833363634303862313534303130666434323035313535623538363661326432
37643266356136646562653134613766383032336439336334376161616164306230666363353466
61626533383131646365623832376265633663656534346330363631373665346431363862656463
61633938646139646563396433373662623464393835373531376565383232646234396236626362
33643237626136616364363138313739666463653539616333636437346261383732353462346464
66373464326539373035383761313334613332336566363236326164393430326636613263396135
66356430613337336632616466316434636137326132366634333232623332656539306436346630
38323263356538623335623865326364373462666237363236336231616666333536306133373230
32303734616461326636376638643265303433333432336165383165613364303134653838666338
63326437353866306138643166666166663163383836623861366362616665363934393666383361
65646332386564393631316163363335366639383332393632626534376137343730333038366332
37613062333637343566323932376436663739363436306432633763623338393030643964376164
38313063333438376436336631613437333638386336316633353932646337633431373564333063
33636136653164363661386331386137346533356438623562303036643964633639633231383137
35376566353134623330333362646432343035646539666437396233333332333962666166393133
31396232626131396361326363396233636166353333386362393734343039393539326266663338
39303862366164383935613036306333356666633064666366623965336433653964343536303761
34643935343930643564376233663233373537363733623463626564613665336638643361643238
34613662396562333234313939633831363432343630663266636431366334383962653932336536
36356166643762326433653963626134656234333961363637323735303830663332386633633038
33323465343937643762616337646433643566313862326363313663303561346539613863623033
37656263376635313636396132633434666461303664613663366632336538313038363133306162
65343433613132623430623963383937663730663163613436356434353134646434333437326134
31373239646634303133626234373664366332663136323536633462373164663236373235313764
65313366393063353635383436313261663533323165666137643466333136303530616438633432
62346465356563643933633037386635363538343132303064656138333437393336376534633466
35613539666333326230333463663865313733316236353933656365383433353935333334313465
63653834623735666464633733303366656566303366653730323864316232633237343864663864
32346637316139306530363234666637306331616630636466643933393132356635383036373566
65306365373436616336326633336630396434336132323037376364353236336639313836316339
34646535343532363337653464623830633430666433306364613264646337643734373663353536
63323461616137666564393333653439633066313330363034653361303733303162643132323866
38623062386538303030373836343434333833303032626539633935633733386337306234356633
38353062363836646438663030313363346439303639613166343736353434663763636236323132
38663736656539373436666165623837376336663666616361666362393637663835613137313233
35303262343238393962303162353838616333626433366531326339653037616539373361616463
36393432303764323738643632363235323730653433306539383331366264386135356238663266
62393535626331386137643933373339653965323238643133623631626135353739336465326332
31626539326163333231393661393366333638653836656130383361363538366431396163373436
32616236616361386138333165613161383563386535623731626334643435303137636365393538
38383632633265313339663635383734306636663438613931303333333866353336326666613763
38646638316136613030343235623066623731646337333634336135616536386536636235373061
37396562646438643634376131306330363638313836633534313161643934336166306539363064
65383339656639656366386164376566343238313163663436393562623038633630353565383164
30303536613031373336623665303733636333343836396163343363303061656362643663353965
39323261336666373062333436306139346631663033653134343631343031366464303635643166
31353365383764346236323861623535663439386533616639326234613436326365663138306538
62343565363961643766306231356432356566306331666334336161386264323834306234386534
36356664663233613762333637323565396130353061623437396132336366363737383134326464
61323132613734643231333064343463363531303266626261356338353537343433313435663631
65633335326631656535343238326363333833386266366464333538616434633232616137643565
31656236363432646133373964313464373037636432376361366463656135666366353931323762
36376130613034336364376239326665633030346439376536313434656331373231636234623738
34316335326239313030653036613566303934376330383162623365346331616564343439346465
61316137313333313334393561316665656166373364386336316661646533333666656333326230
36316163613130373261306237646338613438396563346463623238396237336232316332303132
37393061656134663838653663373963313737356435376538613464363134653635633863613264
32633063353866376639396638303833386661633365333637333665623661373937623462363339
35646439643963303732303838313863306336383038306165373336656631353762383766393035
65373036653266306461613364633761613765383035666632363037383563393936636161333237
36653934353766333733363361316535653535356464363237386438616664326165393761623665
38666262653131363065363636353164646331666265326264646330616366656438626431356161
32393666333266326435383835333530306366313339616435386134323536313637363364363361
31356633306435356130336233376463353532633064646637666166613235653431643264613036
37663238643432313534383137323562396439323431653639623533356235623938643230336137
66363137303033613138343935653034303464383635326533346634363234613163396430353536
64613734343466316662656132313339616630633037633231326137346332343261303136386465
33383764613138376662313961643233366234323830333866613737313337386432633631373962
33356565656663306430323037356539663064346662646466336262646431343534626332363233
31633761626231663332396563663964356334323638366637653462656431316663353636313337
62653466646539323765633965316665333438626366306337373265636637393230306637653034
62376437613630376133343963383635616631353738376431343738323163373361663534626330
31373764326462616531646666663064653735363734313763646433623838626264336433366535
31356465356131366661666136323537666232326561653261636434366333643731333337613336
62663665356164613035656636663334353334636134366264616438623439636238376638623366
38666130353734626666366338313463613030646539313565663936636363393730363238626262
38663363663737363233333766336435636430323631326237333463643735356339373634313338
32353734636537376237653636393838333333653565313736356661663132633261663234373261
62653832613064373337623133326535613762363966383331363162333538326532386631323831
64363265613339666338616163313335306139323033643234353131303338383066616461323736
63393335326136323137373363343561303964396666303737373166336235313739303964323636
39393934343637373739306263626438633765346439393433396232333631613866343832636536
31333733353336333162636462616631306230373933323133666639343166393839323435613831
31343536636565623833396332376566383165643335363832633365393131646366663634626332
64323565383837376561636231303661383335663334313461326230393237646531393437623938
33626539633235393933396638363035336236303662393532666333326639353831646538316461
30613566366434343565623634373038316534346637306165343334623636623333303462323433
36626263623962653338346362316536623734386261313865363261313331353139626464343165
62373163623631623264316435616161626462313330626665626139623663643864643161626339
38326431373930633161333937323063666366343163666564383064376663643764666363303631
30656630613737306136
