$ANSIBLE_VAULT;1.1;AES256
33386131363937613138386535396433356166343835666133353764336435623636333763653761
3938373333613238336264613933363535646262356363330a303162333463373362393335626161
62646137333865656137613335626639653539303430313761376136393132343465363263363265
6264323935663338330a623562316134626436313833323437636138323465343932313261396262
30663761393762323636356435333564663530376235633763336231366536306630343939343130
37323936663332346433336361393030633531643338356231313538303037373665393136363165
39396163333365386266386334356230613163626431616462333737386136663064616463356465
33323462666664666664386238626561313637366335633961366363356538313431366230343637
63333562646564393531613838376664376333383562663831643830623439393130316438346432
33653065373935366366333661336532633839376563343164376632373039396530336162623038
31326565383033653631326461623732613661333238356633323362333032316331396666646133
62363161616436636137326234303330373730663461643130343930326138393534383463646562
35373233613939373038373865323163666332663462623964383666393435643064376331303062
31306133613537383861376361373466613335383439303434373031363834633539346334623538
33666434373433613264393135383864333431336639396135346430363133616562383663616666
35333937636466633534363566393436376234613734663430663631613239393161323439313835
33656265336133383138653031623763623166643935646236326164323530643735393961343735
62383738316562636465316231376633353761646336333365633264346232356235636539306465
31363934326431363566353964616363383534656635386466656465326662653335616631353166
66386336376439333363663937363534396237323033643733663662326239666261393638386531
64653236303766396437663234353432343065313934646165323863323033306361356239393639
34383539643961326537323934346365666163333038343362306132393839386230316165653733
62633933386635396635373063326234373433643537313562376162323536383431363165613164
63373465363639613339346138666334323338663437393963333139633530613032373935343564
65396261616666333735623536363038636166626138306239313438656238626134333934343764
32393332323963663565323063633964303162303264353631323538393362363837386333353634
61326639363834393964306563373566386538363664363638326161623333613030616435656366
66306436383062343937653939383363636334646430373163636365623638643332383036313963
36613662633734376261343536363334316566353064306436353161366336623362613566306139
34653534323831643666313764393930383161343361313836653964623865343063323863363766
31396639663533663430356431663039336638666263346236343030626166333834666639623961
33613537343530376639306565633030653533346562346239386436613836316336356266326631
31646364393039393162346462653933386238346461626530656165313130373966653438613333
38623838366432396639373161656539336234363033323165643838663262353232303533636234
65353962663335613264366636663038343566616461366638626563313831336166636362376231
39343034313962663861303464393932646235613066346434666533393632316661643062366336
39383937663163666661626636383237623432326139633431646564393761653463336365653966
63656333663862323439343361376632303234303161613230303264626531623731616465373835
39333039633938353934346436326665633533396664353737393462666366376339393332333265
64623562356632633332353766663062633764343132323832653363326138393134633239333163
63653635376464303162323631326137323137626137363630333431333165643933633061623739
36343032313932356637303139663163663137643339623837383533656431353632323333656165
61393961616130363338656666313565663832363930653739306266643037376538363066306431
64653866356131373862373534346666363862316530623462343732323962663461373038376437
66393639396532373435643365303739336164316266373236333461343264303230666666633635
39356335376134306533636530376634666466353330316166386637666666373137343636313932
30383665666165626563623136343266323233333939646362313965386665346432353465363130
33313564623236353662363634333035366437316566393764336666336238643964636565363334
62616237633037323961613362313036623739353231383337376230663939653833313533333633
37313839613863393166666535383831623138616439396166333332303765333461663230383661
36656234316462616336623066393130383831323466356331323530626336316335336334626635
66323336666137623033656537303965366264636332613639353663353163353864383066373030
31393234393637333635633539613834333032366432626137326161616235366532633463386666
63653166653639393461373962613566333535393734303139643230306664663830373733653533
38363862313834353739393030323961623835633131663434636161646434383938393936343730
31653439623937383266333863656338643238653138373032336164353830366432373361313935
62633565336636633963616564626330343531623463323966653065613534363165646535333837
33663537303430613437636266643663313235303538383734353261303736613036313564326164
36373037656338376337653037636162386563393862663635666264356565666135633165353531
66353764393064363566393231643930303665333161386637336366636163343231313861393038
63633934623163653033373761666261666266383364326433613263663338636339636530343735
36313963623765393030353734333638396135306231326536336237353138653039313032663437
36613565663365663339633063366632623038346337346637343966356638613438356438363637
36653338633463366436323036623239376265313231626239363961373032373963323937356634
38646631343338306332346437343639383134626331393633303934633332393562393261646364
36393134343961366633313932363361643034636436663863343430396635613162393162636366
65343862336334386232643137666136363666626536303033333664613664613230383933663336
65653464646432353031383735373964316335363031633631356537333031346564633737633062
63613362366535336530663339636163363138316163626634393064306233323630623433373664
33306366383733653837616461656337333966663633383338653662393863616136636633353030
63333135373338386661353030323962646561316165346332643338613138343535666464306436
64396339663837663833343638336163396364636161393064363839663862653132626563393237
34633231336463386130396435633533303636373164616333356662616664643633656535623861
62383330613562383538333464616563336131306265623466643535383037633465333766653235
63306666303962633037623437346138666335363238663434323332653137323966333635323331
30613335373037396637656630626232333530336136643139343437346631663031333931303563
35393936323137633432363337623065656438643332383536656438373730666436323330343661
62353931633133353938666666666134653632636439396665626438313639636137333837396132
34383362633664366136396362656434313533373337343863653832636336303862303036303762
65393163616632356632353835616562323235396331653230326238336164643738313234346631
35336564366437643439316639666634303333363065386164363063323735663764326630633665
32616634376432393934343539633066666534303736323532663333643036623365656633316664
65626465383334353965643339613536326466326137306437343531613138666230323237396566
30363931346564666337613162346436396164616531343164323063313233356234373033613464
61366636613366366438666564313038366138646161626262313832663734356366613861666164
61313262343264393730633634646666663837653639333334393262623335366238376266326238
33366364363335656237636138386537653533333561393361383033383165613965326465373363
63306331626138633532316531313135626130366331643934633661323530356563306434313230
36386262636436306466373135393636396534376366643536353932633733346636336366323331
37613666386362363236353831376632653631386134363931373931656138623436633636613936
64353934383938656266643531363336323661383366346136653239396664373063636163643234
37646231356335326561333137643038623065626135396333353430333665306231366433313064
38376637396532613339373132373263383235343835636437313438356433653534343730326364
34626462323033366535643265303030653132366537666339303933353735616235306530653163
39386465373139346666393233366539336338306136623866383465653334376533623965323263
62666133366662353163326436356233346462643332393365316466363834633062643139316661
64376438663138653036363033626639306464653331343862616566306539666633353863363366
39376631366136306463316130363332326262333233633735616664303935656437616163323530
31313634623633346432616636303231393665323433346139306133643933663233353732326366
38376664353832366332393833623831633433656435666533393835633236343661313931653537
35376634323235343831303866376165323836646236643630366532656235326136663164343633
39333233363431636334306233643436336635623132313461366262646262663164663936393131
34656462623739396437383332356237666663646439616363386562326539303334633934323838
64316162313232353630613335663531343731323331633361623937373138353839616132613436
35356635383164386362353230633261333038353030326564633562633137666233313435646138
62343563313062623637653935626431376561396537373535353536393565303638383062616630
64636461376265313865313636383930346632393538376338636564653439646165366431656332
38663566626366343366656531333066313736323364373132356330366365303038376539646639
32303865313435333436386466323162383065616638373861386165333135613432336232363861
65613162623030636566333731656634363963623962306263353463343034623031303134653264
31303337613833346463643662616337373033366134313230663664376336313634646232633162
66313064383265633766303730326339326232663438353633633633633536373163386134303366
30656130356435656666356164643630663832613930643236373561656437363165663064346637
66666363663230306464393737306562393934666136343038303234393961333065623439326637
31346538323539623137386530613131616532646638646664383030343466343165333764383766
64383265346338666363636163356666653966353931353166663634653665363834623338303632
32393834393237623836663035666663366232643139356163613664636636336532636665656135
37613835353765303331323434346434613266613264666131393635306365613064323663646235
34363964386162323566613033303264356637333166366362306264323464323862323562323663
39663764333961326331316663653339323161393232343638386163313832363834636366383938
36366536313534343435636561333336643337336166363631336636353036363466313439383363
62383734326431333530303062646438396138636230616135656632336438633065663738623362
64393134313863626537336333633865616635343435343065363435633330376264313638643062
31623734383039386637613131656230323634626563356638393965343932653534653439636163
63333939353666343361613066656531393330333761323539393532313164326636366636393238
64666334383964326264353732333664326366343461326338336332386338383837323139366461
62373163633736323335356133383462373961366639333738663665613635333661383130396332
65613831383162326261653830353130336637636162666432383066316534393539613438303133
35646630343039346336363736663638343430313266393433316438323266663537636539303661
35376465656337666633393031633833326366333439383766663663316164616336383834646364
39646338336165333739623562366436613563323635613631303531633130373130646435346136
61323063303931316239636632303061653066343435376533316439623533643530656562663264
39636339396463623935353864386566656438363765346261656665336164323136366662323364
31636462326438303131333763343931623633333238306132653563656330383864643666356563
31323262373662633536376331366538376361616265636631353239313165616335356665356333
33363830323231323133643339353636656662316565313833393231373861396531643035363838
39313234653461643630326233393731653238356234316536633961663361393139366565313332
38393065376163393465393565336261316238373366646132396336366335346237326430363664
64633138363237653738653762393535643365363839376139656430383734366233316432653131
61313634383761363862353565633039336161613633376536623531633063306364646530393533
32303337396335393835363661633934643239383533386163376137363765363466333462356532
33666466616265336166376131356163346638313565373563343063326465303831383037313932
64343564366663326265653361386562663864303535643337353639313934646463323837336366
34616437313639313039633832373631316430376461623137663631393337353336663963386336
61303939363365363130376363623962316530636339656237343830323834613962333665346130
65653532383963373465363061643630643531343162306238326135616130653966356263373939
36343137306562356161306633313836353163346665613139333038663963366366363435306466
63333839346236656635656239613864343961396231326337663839663834636534326438326161
31353937323533363064646530393036626134376161333861353038636166316138643536636434
33366534393439643466623263653062303130376635393864363066386565626433623937646637
65353264383134303063383136646337333266326438376230633230303436653063666361653635
66326635303534303338383261653339626131636663666166646130353466323062383063633138
37656164393739666335633132343733306134326439616461626661356631653535326336373662
37306362303833373939353334666130323236343238666136666333346330396166656236353334
36373064666236353832316362333031313861323632656631393664636134663436333832303966
61613335366263643032656631373064616365376535663066376138383131333562643534353061
35323464623030376463393038663332323637363764623764376439343633346662353032393862
62303937323736666537303666376365323532313661616262306466306166346437643263306164
30626235303964366261306139663933356533336430366565373765633934363062376663346537
38343636313535666530393839343436636530653234656238303238633239326437303730376335
30643435333833346433333039363635353965396564386666616632666135313436616262376463
63666666656234616262346235343439353564643631316237333633373537323236376431343730
36303463393430363736663236646662646333363634356237663832346164333361353336346137
61333832383939313032343034616565616461663233343630386332633033363735663637386266
32343562343563343261373634343266303736663064376666376361613230386331333763333266
36646261396566646566666636346236623138643064643363616131376333633137633861336361
63313330313433313133343330323339646164313563326466373639326135326335613765373862
32623364363765363965623233313931303736636635306366666161353233363364653234633765
37333664306537326431303136636136383432306337373335363161323065613032663532376438
37363762613462366262633761373566643263613739313932663539663636393365373165333231
65633963343464393061363637393232303462376230643362303637613062353630316239363261
64653763626361623131306262333932656561356332343630653032393063336533666466303062
65613732383263373337333134663438373765313233653565633736356331353037323739383334
39383636633865363234353661306665333664393834323435386539313031373639353638306361
37316335333839643932316434663563303566386630343261356464313865323733386266643939
33326633616261323737386336303433353561616131393439643965613463613061636566326238
37653361363464633133396466346562663932373736353634396332353530323062653437323962
34376332353832386136333964656362373935663039643962656138623566636639626365386238
37343939333234613431323563643837646261653261373433623335323264316136663034633633
64656339386565376335393036633436626338313231633562393134303962613566333131393436
39303135373337363737363861326364343130353937626465623539633065363962353630633333
66363032623334353765623439626534653130363562336331363838306439623835353136613836
30343831313261356366636137316166336134653464376133363466623337353139323832366463
33623763616630623064633936323531353635383364356365303265633439303966326436653664
64333236356638313431663361616265613932653731366562663930636333366563306438633666
39393037326461333065333231356338323235653265396361643831623563323132663365656363
64376334656536643431306631333066386634343062646164643130396337666535346464663735
61653165326262353765383934306536366539626564373764303635643138363738653562303938
65336132616632303136353239343565623432333239633436376638653032366135613233616139
38666663303433396164383064663734616236393965363333326237646336653939313533323134
38366538646263643962383333633935636637323965323263333631613064636632633663663435
36303263653765326563353230333465623766393137366562353261303138333664356136316430
30623639363435393264616663376566363234396264626436353834303630613237366238326136
34393565353163316266376332633733663963653261326335333235613832326134653065396431
65383566636461396565373333303065386639646439643837373430326633346166396164653431
38333866313037653864383636393832303966323937333035323165646235313233363237363563
64303132623831656461363030663332633763396137316663356530333635393030373666303331
65653266613835643061353662356561376161383161333562643532356133326137383139353533
34653463346363646636306665386436363734303231366361646638323934383336306564313636
32313461653131383961633337333439383362383632333739656461613564303131313733366465
38616165653439643834363361303863396238303162643737623966353566623931343165626331
32366562346231646637333433366466373139303336656463323030613465343133663135363634
63636564306536363266353438326162663836323736376366656166383465666464316430633565
38303739373132663564383662376265646230613165313531393336346432336464366238363538
38613935313731643236313261663665303739646262303032353965316632363639386265363165
38316632323130343134333962666166393662613866383334393534303161626139653261373835
33626262376233663137626464653133323463626435383530303339343133356630396461386530
39333161636533326464326561316538363965376266656631623163313066323063326436393737
62633163633132626464343433646166646365643930306665326266386630393037303432656139
37353863383764376236373335623964616131663834633338393037663935383263343965653365
65363535333639616638616363393137363534316565613830343234656462623836313965323863
31633463393334623436336661633161383964616433653837663639316632353433616330343963
66623330373236386537336163616435653563386562323232336539343266373436626562613262
63663362643238356332393337623938386435663863306266366461663330656230343238333661
61653335656437313733383234313064383866303035666237633832323537316462353731643935
61333132643362643736323335323735626266633135623137333365653038653737333030633538
32333537366332653132353837386234363339613538663239383764633766353833313737626335
39373339613538333830663137323735333331646236646464643733353132343862313965323433
61363837396364383330666439636132653737313562653330613965613031323238323138616363
35393131396664353930323263626435343661623565653034616463653464386465363637623234
35313466636263386539636239353036616563333532366661363364643035333930643436613930
63626561306336353038326161343632333366393938646230313137646631623437313363363637
61383133626432383862316461636664316665303137316263646335396132363166663234383838
37373364363166313266363364353138323563653265616637613937363065346336633539333331
64346562663364396231353766353535376537383637646462316639626636613030306239653561
64633332383062393834333934656163323565333964613466666364666265653831666663313238
31326631393066306661383930623364653535366261663237623866663361623636363930373535
39333435343563343737386638666665343463343063613136643261316233326139323134306664
38656463323339353638363133336336346662303136333933636134636639393838616561346236
36353065393363636433393564366561353032386266643739363230323833663663316633326430
66333435643438326630336531333264323966366265393038366564653138333931653038376265
66316233393863353837363232393764626131313031663862353230393362623434393836646433
65643235383062333266323533653033643530343535393963653531636535663639376233316563
33616631393037386331386166323139333836393733666530393562386362643438326430656233
35383064396437356464653063373737613963633431663232623161653566646432633533386461
39623064323961666661313565633962303232356132343662633161366436616532663437306430
65393739396665313466396461353230386263323066316664373838353664393765356163336435
64306137396666326536336430396435343131376538393666616261653831333738356332303762
62383337393037386139393961383331303132643236393230346331323362356432393136333333
63363666363963363738343536643764313337623462663733396564343032633033323532346231
36343638623834393330636362303461366565626366393838643539656266386530636366666561
38316466396431303434343765306338663235626261663139333536613063316564666563613532
33623031393436653062323433613761646366373366623964383261643832343564336331346139
62633536383736653135613933383134613461653637373864633933343934623734616537326431
65376136663661663630303236633433613838313530376632303030353038656130633933636530
38616434633736306262626666663235363565373138666366646365343433663233306665393336
30366465303830333363313039643837643932363764386632343932316332653131376530656364
30346332373264623362343334333337303638663036363964353836626133373164613837303838
34383732353838613965376339303930313331663736616331636439313464313163336264393832
63333032353635393635663665373734363839623565646132306439363334663262373362313864
65333663376663373063613732376338333765646330366539643064313664323538626330653734
35666461333837643337663438663939656139616365323730643538656361623834303334333562
36373237396134323736633039333237356563386330663938643432383133363862326239666338
33373565373331306466316332626333663365396664306665303737306265393130336630336535
33653035616332333866366432643261656366633864356262383033393133316334363135373762
35626438333163396232373039666431363465623437313932383665343630633961356438323233
39653830343537393065646265643839366137343465373631396561373435396464653365393665
39383861636235336339326332386265663030616235373132383739346463353866383739653161
66316439623139633238323930393635663266326366653637616332636331373030323364656433
64313636643764623865393861316631663436363166353964633938643264663061313663346565
38353932346632643262323337363836616165666265323530323138393764636531653236346338
39656536323264323264333535346463313134613939323636646566653339393534326465326139
31393262633235343238626239393637643332656332643661363465333039396139343265393636
66376362353961613461313165616630623639316638353165323338363034326637646231386635
64646430343163393730303834333937633237323131326130333133393236353262623166633966
64353662626430653932623263643435336366376438613062306531383535633634643234653933
31366262623736633333623435386663383664373035356366613064643436316530393838316262
64303633336262376530396364383338383535656632633434333339383436663434376362623530
38643930313666376630663363363664326533616333376231303166313835366464386332313963
34326262356364333864646139636537356535666365633938666234643964376630353434376161
37366537616365343137656230653937386463353634323437323965643232303730343862393633
31333063356135376239373438623530376437356139636433623035663939373861373936633636
65306234613664653532356130393533656164313463626439653238343437323865363839386136
61373630633765636334383838663139646335656663336239643030323732336662303662613366
31393165383461383031623565313134333530303762343032666631326662613466366330363738
39626535366134383931303561643132346636323466643639333334323336396666323737333561
36636536613663313663653432643831636236383438313536346532313663373862616134376637
64333437666166393033343531626262616630396532346230363339373434623934323666623432
31636130646330666231396536366439396435363135353936383265613630303366336165633362
31306233396432336161633935323637353037326363386239626237353164316337343937626435
30653666306165343462616562373661663630336532653534373866393866323966316233643038
37303566356133353961653638643730346336633835333665653538396639373137653937353435
31393538663833316162326436346539656562346564666136313339333932653065333635303464
35376561633162353863303430353530613266326134653138326364326336366136373938393035
34616230393638373833623637346130373164333734663235333864646564646630663065616365
65653961363661303761356136333566613837373662393039666561376532333534653939346266
63656436313261363564376664643264646661303136303231366361626261333339363438656265
33666438643765343135366234333238643330656536326331353036626635666265396263326230
37623132646165343864383265383036303663623239663532633537396261616431633933633632
64393836376337323961653437636434303731636664303963636161333232366362336333396465
38646337623965613334306135373161316131333436663535376162383933366364393366306338
36326464636338663736383836386431643834366635666639363165633762303466366535383563
33613532636665653635376430363332613734626233613162373338316465633632383337333130
33616237653764363662326334366538623161663964666131333934646637666639396666323638
36613531653662313464373430663538666565613866363630306464396137633630343236646636
31336539353736306133353565373431323063366333396239386165633764366464633035346163
37396430303232616261663739333062333766383966306534666266306131636433303562316332
65356630343565393438646662343137633164646333396337636532356432653938396538373931
35343936623430616565663135633936616639383561653733663462386338386634343932643538
30633134396432326338353964383163316130373263656234373462653332633934306666326663
37366462323866373463396532663666343131353433623435393964303035663765663834313837
34633132633830306430656530646331336664343938326166373132353031323061646431323264
61613538656138313365623837353136396637376132613939336530633538633164653838303161
36343763643564313266643836366661303131623939373966613037313562656333623734386134
30633035663132656232636633353130633431383763393366633132333236326364383337373061
64353033306631643161663534353536633265626262393036653936333061616130656531376564
38303866666465393239643162393264656266373137643462363366306437326330636332666337
64313635353439386661373434353062643638386265356632353134393530396462333630363431
65653530356631643935646263373335343337356132643862346162663562386563343661353965
34343033316534626563383762623135366439653434386531383733393432316263313939646538
30353564316635356631663937353034336563366435643430636431643134643732313430633437
65636564326365653532666364333165373030303934346663376534626266383134616664326130
65373162313732356237613435323232343161313337346362393662343737393531646532353633
35313565333666323630663162313633333635366166333536653761316338313664353766383930
62333436386337636430393039623839636135656137636633373663353237373965333633666162
36643838323830383331326133616666386162653666633063653464626630663032643139383132
33636232666239326238646364656432346564336333346665343830383231323032373462386133
63346232663862363031353563386538653363653261633738316231343737386138633730396139
38313165393364396130383236313032343735636531623163363730343634373361613837306339
61383338396131323734396661393866376132373762363238643531343463393139306336343138
30616265623933373666303732613938346434656266366433373037643964623130316264336237
37333331373463363135373338333865393363333435383065663734316631323962373432656465
64383265616363366334303238353866666562313866386138313562643238303963356136643662
39356634376532386630353039383831316565656532316366346163633866313061373062343830
30323466376232373465333366616335383837363435666138313864363034623436323062613661
30306565306537646264656231346162326430653735636530316231356632386562316661653330
38396433373533313333646265313530326437663739653361356431633164376234613162653130
64313633386633636331356434313665653235326636623437343830373364666231643137326131
36386162316664393466393130313938643935373861633062653938633665623433303537363539
66616539393131663839333465363638623534666239353738356161316436326531623631663337
62343965356338393265343235623435326132383536323665343063616662616464626463396263
31326135626136396332343830313634336233333361646666303239343762343566326130623166
37626564633736366436316432636433613165383965393261383539626130396538393330636663
37303830306638393463613865343830613830336332613930343039666635623637373266643438
34333334646564303936336565636231393236333665663461336661633133643230626337613335
66646331663633306162343435333661343135366131383263633636656266313732613663306662
61643638633431643633376662643530656663643630323733626137646530376530383735316533
39353230613535376563333737303134393037366335613931666437656230626433633536303366
36373539316562376236633061343632643565323165383933383633643166336134393063653230
66356633356261663235663236333336663730303634666534346431363932343536373464616361
66633434653135633730366135393834643866323761643539323765386339376330396161363935
37643764353262323038333930313634333338613362393932666437303134363032393061333361
62343462643436613931353564343436613736366636373931633363316336633635646362373165
33663636363538323835393834373064626536333566613833326162333230313138363937383432
33636332363263636666376363626665353236326337343063613439343935663831333763626131
38643232313639646562383334313361613935613432623564313034323833663262323730623830
64613738393734393334643161313530366365373133313163303530353137346663323633656637
31363432383366616435633339376464306331346132313439623436313664623066363736616566
65636364623730346133653138333064626661373365646139346335376137383130316166363635
62633939353663363063666530616435666661333264653363616437626537343134636361643137
63623361393234653438643036623031613539306635363932623533373439626161643333633638
35643135653031646433363764343430623335636635613765353032313836393434386338316664
30626562636261646461323731633331356534353632383065393163313936326261353566643034
66333935653738663730346237666631633166343130376535636532346163386630613030363934
35343662636330613665643166333437393434316134376332643033663735616337376333376432
62306233633531343962633331643434663936356364613533656639643961373931396136393737
30303037353833643663623961343263396561643931333963663965373338343736336265336230
32343131353037373830633166663538653436393563343434633132386238373064343632313462
32343337633063396534373565643232313839656130343863346562303937313330643536613565
61633835646666613761363630396264616364393232653265346637643737663836356162343162
31383062623738386630393161343730353331326232353233666633663639666662653665343265
62393137643332333935623337613830306338663064346634393063653266383338323665353564
30373265356231383833663638363134366234633861653532346231333735323365353061633831
65633764663935346339386232343339323264393838643632333935323134393730363132373434
33356539653436303662663838356264386564633332623162316363336532663839303735373861
35306133366464356239393963373738393864623738616432313433343665383538653066313637
63373065656430623031356432623535326335346233353462623037653033653662313239303430
31613333653036313731376135316134383061323632633135366138376133663066626561643731
62626665376435373061313233383264633336383636346530366437666262303830613633393866
37663264313764366439393962326638343463363235613231643436633765633839393064363635
63363036323635663133396430656635643032366233623663383962346164376131363631333737
65386138346237396631356565306338616130656234333332376238626630643762646165373966
62313232623238313738636633393133636631396638663838326634313837383432373530336162
66636233343238303565386232363239663037393163326130633430313639663664306365303137
32356334396537396561613666383035633662336535306231393562636437346134656235623835
39383463623661303234626335643166633631383664323736363835353761633531356631613830
31613464623433623832646239356330656537386563393565386263646266313762646239616434
33376361306566376631663437333230643335646163646339316433303263653665643265623137
30316366613038326638613739613065316661356566623037356164366534323565646537663234
65623264666433383732383737353262666462613832616135653763376237643339633835373563
35313863616565366635363934333565363634636135616530666563323931333637396236313335
30653863336339373630653430643738313630323932393339656637626536383264333235656262
35663561343139633864356331616439353931343831386434633331613166653234303866366431
66363737393961346234666530383133343230636336316530373833636439356264393664663461
61383333356538373431373365326334363361356539303231363263373366346163623937373066
30613737346334383337316336353238616561643836306164356532313836633335323233636434
38313330373165373336623830333137396431373439333466633366643762346666653738373432
32333464353263666135303539316564636463363938653561313332386130303634346361333536
31656266623061623434343234333037313332633237323861383737643238393435643333353465
30333439353139613337626430346633313035663036356630343966303433303237376639663339
64383661363733633961306237306464313034663835636432616537666361653437376631313539
39323563393138353366663036623862613164333266613439613332656661643865636163623562
37343732373663376238623839356365613732626461393066663563663138333538336361346537
65326635613565353666326564343066306234656361396466343930623632326561663563633666
65373564353232353162613230313836333530653761396233393366316362336632376136663630
64613233666137343663383765613237303563626536366436623730643130313935343636393237
66646464646265663231306163363334383934636238313837313030653934613232616262386431
66373938343462356133316364623461313064316339346139303031313962633734336263386462
33626539663635326535343662646662326466653165356338323032353264366162393064303766
64353461373063643762313536666561643162623737393335303531373764393533346666663764
37383932666632346530356261386235623738623836663430353834383438343931353833623335
61383162666262633939363334373039653162366362306366656435366532626531363634393964
31663631313461633432366136646461646162393364653339333665653565633534336636643731
66666634616362653362643066333366643431653430346638656337393766363238316362643265
30333339363062623836646164303265363234396430343963353265323738636534656238623561
37373231376334633836343061623965613136326366313536666238393838303764363933383531
35303937646661636338626233633261396230633330396134653935376433343164383930316462
34666233656366666537386561393234323832323533633232316561353431303166663831393336
61633964663037323532383865643830393636323662356363653532303239343164323939336463
35396138643966373462313465343631666466323837383165343662633564373233613764656530
35316630326432383963333636643063613031666639373164633335306534343465646138376237
64646536316165366462636332613164613961663937326464313665616430366334616431643263
34353764313934303437616161303139356565653866393334396539653736373231323763343365
65363133373233346134393266353934393838393438373539363966363263333830353138343865
35386466616363613461373936393931633063333338306535346436646233373238643066313363
36383333326264636566666636376137313430626362633261663639643632623464643533323537
63636461653237633061363766346563353766653535656136343738366231363065653739623330
38663334343764356437336538636238373661656333366465353661643464316331386264653935
61383261316431353166373332303232313164663265633835653863613764626164656164366636
34616539396465353962376262323232393038346265653031643563386431613165373735396361
39356461326263666138336530616462656232613533626533656361643735663730613661353065
34313364343666306166343765303839356138313334346639626532356261316563636564626534
35376561613934363565666336623437636238343833613737323533383339626438363865336536
34653531353937366334333037643337623361346564353739366434653637373538616538376364
39653538613736613730643334316464633532316637663961333562306162366636633264376330
61623535393838313035393764343530316361383061313637363738316365313964333239356530
30373630363265333033343338636265613661333862396438636339393630383230643363313664
64353732393539663365393663383735636530666231373134626266303466663933363131393663
38626238666162356435666631316461313065633438626637666638623334396330363636323438
30653033356666383565333261363166653037343137356661643066376364326638353631373764
36323732653862313762666330613737363666353366303333333632363635363630303939363664
62346435333337643937616134396436326534653538333163653233323738343136663863323736
39303065353535633764333664396237333261373233383431363530393436333133636431643936
31393664396131393433336231643234313835373439633430393430646532356666616661373064
65313331653134653361336264373536326237656230623533366661613862633062386430613662
32356564376237333735633837356537646339353264616238396638383762356239343333356261
35656462373062396635623962386532633739633861373061316530313536323934656131386366
31323163633762376331343536346535623464346234363839373038303765663866343466326635
61393464373632633034363830326563653466373033393030306137303964333239333436643830
61356238666132303134396230663931393939623364333236376332316461353631363539663533
39633466633865353834353934353232303035643634646462313965333930326162663035353734
63356139306166373031346361373936366538623362373265386130393834386138633031643936
37353561623930643664306666383830626661643938393563653630633339663061346332663732
31663039396563336238383938323835393761383734326362343364643266353837363333303763
39346338303762396330306566353865653361303231303034666463393238623633623664666438
65316363636365623533303233373432353937383065383534663831393836663637613530313630
37633364646365383931653834333438313333313938343037376638326132393438613862313163
30613636626231303330656532313465613637363233646366353866343264393861656238663736
30343263333162623963313432663530323464616163383464643965636537366661633636326137
39306439356230336165356365316433356430356636623264633230376533633264633065303761
30323632303738633539333830613634613034623634656262366533343164376337656331656364
31633765323863316537666637623665353564333338383636336132666532306232373664633365
31613239393235313135643036383565336361363630386562313531333236323262373035313338
30373163356662326537626239656231633763613032386364623237343035363332326335316664
64333563343233656261343835623531313035373264626565613932363630653931333939376134
37663766393562623761386530386665373838363237653864623438313931356265626338616131
31336135363632656330646165316465353836323334353839633262663035653431666462373066
66623666343836353363343533313931633933366532346334616237323366383564613064373539
64396263616430353539356630643538663032643834363734393363376564373330313763393932
66616531653730313433316666396431653333646266653462643337323431643364323231326362
32393030386361623766343164663861313062663334373133303539336337313030316166303964
33383366343736383961346639316663323432343537633466306262663634386438656532663935
36323631353130636634663362303531333230636536376435663961613030636133646562326163
34633239313964313966623661376535373332666161616234623139353639616661343963663463
62346530303466323964636263383735343463363832373632623734353166663932646262346266
65653166666534646538323463613134613761346130333136363666306230613037346438346233
33323833313130343465376339346338343661353561373831663235356632396631393963346339
65363564356138303965393163306366363739303431636666333362616434313436303233623832
36623435336666666563396366363032363935353939393862613130343066633763363538623063
32643332633462643265633861346364336535336635313130383531643665376661653039663364
61653161343763646665366166366433653361376238383666383564333061636438666465383837
33376565386437656539646638343935386464323663333666343366376331396463336338313130
66376662636566633232316634346134616531643930623334616333356362383265363234343635
65313166313666383062653761626165633664353630623133666337643462323236363539373964
35626332393430393539323765333263653031356134646238323133316564643534373934303930
64343864386130396532363331663632326433383763333738396466343538643261626333636336
31643932633632323934303363653965373431346163623162316132373939656237376633393263
63376665616563373435633362353937323866396634373934653539393433346535363166323830
32646363633132646532396562643331366135316330353136323434383466373939636135663837
31663065653037383162633937363037626635633334333564663761366537313863323463396535
62393033366163666139666335663033346432316233383862623064643235343638363634633834
36383134366237383038656565643136303262383432383637623832346462333239373637306262
63303163346636306535303061623536393336343364353239643562376339323030356666303863
33376333646564303130323333636463623038373034363139633830633938646239656362656235
36353637383063616432386262336466396539306331623163623030386337656138636636623339
39656632323631353962656334323663636230353732396461613337633163313932303463643162
34646539653464396631316133663863313932396564343562343362396238663738393265353733
35333132303064386338666339386135353236356561396533326565343331393737626632396464
31363736346538356138393233663635333964323935386465383061383433333132336632653134
38353635613239383162643036623464373764306363323530303735346537656265626336363134
34363830623164663563646131333132646633326436333431643064623237346230643039383230
35636366646535353532346536373935356338636335363234353833333333646363323066386662
39383465636665623739323138383262333366373637643034366336373036643237663961623836
36613061626333643436636331386634356436363237643332326633346461616662333232663031
66656363326631643661383336623236343436346334313366313232336263396635343265306334
62326465313839643436663666343566396266386464626561343532333335393634373131366364
65613536383365343661613330626434323233306465636562396637626666316434656461373236
62373866363939616233656339346461316537643732346364666638396233353463613436396466
38623331623039633063386239346634333035303836613063323966613462393865333265636339
62636636366366396535633232363234653836313335333333343238623464656535633736323532
34663865626361633631646466636635383465303234383837303463343630636134353065373233
33323836626137386430326533303262326233613164303239623431666438396439646635306538
34633832643631393230303737333138313639356538643137376130386531383735303533313138
31636662653236386137623536356666333563363365646235376231666461343032333337633964
33613435303266643839396331346637353138373036363138323866353438373235316530373861
32386665313065373461323630303164303736353538396333326330373731396438363364343163
36663262376165323562623939383838656236386230393566666239316136363232303731313462
62393036313736353236616435303135633061386139356662666366313666393732363063366233
62386438333864396331386161646463636236383135623039626331663334396530626630346139
37376664346133323334336464653132313833656431646366326465353339663936626230623136
65633861613030636238353631666562336232323965333231663636376465623561373863633062
35623034643236306239323363366466353130343535633364306632376534666435343134663533
66343733613739376563626135633535623533356461626634376334356136656137633939366333
65613466393135633732343661656238396666366433613863353562383166653735633963626133
30383836633165646130313336663832636536663262303034336331343436306236363134663962
30303461303432633837643538313936353439313531313739353036393262313261616330383562
30333431623037353434356632663934326366373434336133636433383039326363303435313536
35656462653265306361316434663230346133646661613063343631613330303163623334663564
31303864333633386662633039643334396465656566363739333062363731356261396162326635
38356233626365353063306464646164663435323736663362386130386139353931366236663836
38356531346234386132383063396363643964346662313464303933663133643131636463323939
32343039653666656364393965376136666130623438356530346332363038646165313632613930
36366139376639656164663766346530353561356465383866363561353261366534356664333963
63336561613135393630303263336638313839313065326138393933643032653665626265383063
61396565393132393762663964323963636234333333616264643464383865353238386366316264
39373030653666616335623834336664396337663562313137383932323163643731353861653233
38666431316562646662633261306639656533636537396238383636306366353838626266313662
66373434353836386361646237643033316439643461313462323664376237313365366666366461
64653165356338363266646237326336616635373033343739393732623132626562656239373136
31306334336131343938333739613335313964333833626137313730643066366539356433616635
32336131636163636135323131393033333362396366326666623039376162613934323639306538
61653430336632396665643839666363393933373736616639663739323535646235323535346530
66633937633536373164633736386638366162653761613363636233336239633363303933643837
35653131373965646431623330616666326333333930303865323864383037383232363530626335
32353065366634646666373935353038363538646135313833663739336639326231313633363264
36393936366533373835646238333136343863353537393463383239363334643931613833323033
37666631353566623565383032343436383663616535373534356435353337396639306664633930
37626161313138633163633061353332346361633461336332646534396638373436326366333431
32366438656165656566666365386662363730313239623831376535356434346437646237653965
62373535343463643631396437333934373036646535326638646231326166633565613137343932
63623364663562646534326161656134366464626431326532663339643165336336343563323037
62326363306332303330366161633665356133643861353439326138663565623834306266656534
36613964323931323730373862633737656336626465366163363932623735303265393738353033
65383466306562386231386234646235386466623339383966626664333633663332363663636330
63313862346535363764316438383135376135386662326638303164373134303463636230353939
36336635363237616165633139366263656632303562323162356133303037363439393739646566
62346339323835383433323938653538313363353230326363353262643530623864316335366638
35643032366639343332356636303037313165323965376534323164323636656130626330633862
39333761626635656365663562613232313733323935666665303639356639663438356335323139
65356165646163373261393461636362346432343139313836663430306264396665313564396539
63626132653265363765663332356535633733316362393130633436353063303139626431623664
32316636393061313765363535653061373238343939646664396364633331313337386231386432
66396230656532386262666631633932353762316239343864666466633330653765376137333965
37313939323335306239333564663766313834383033633864656663376338383536336632363338
34306433643666326262306365356337366531373933343732326538643934653164383838613034
32643065623933326138613436313865613836616536393431333666633538306461626632613733
61303836386662306232356331663663613666616564356234613332333133636362323162343561
37363235363233333461636231626332306266383366623332376565373166663263653535323665
38616638383635356661393532366561356163653839656163653333666238633966613531356236
36313062393735613637356631363632623562316139323237636338393430353463353232623138
61393565346431316136663063336563343038326262616634326363396331323537613635656639
35333030616438313039636264663164656335353766663135613633356262363436643065303939
65363964623337373038393930383464336265306431376665396465663766306336613039333134
37646534653832303563323339383236343634396631646566393138666638353666613731643862
34353632326137336234373562353265383465623932653833333537663737346135343236663561
36326561346635343632616235623134333064663836363736316262363935393036646261393364
36623039396333336637633035623331373437333836613361613736363539623363353563626131
64633433626434326531613335336530303266376637353838396564386238626133636331386337
34366331353132313236613866313433333433303039396134396232316163353237393038636236
30626166303465363635303332346464626562353730613761643638363238613838326662353737
63323936333163623933656436616263623938376337356537393038616232383037616464326333
37313464653462633065643733303630653739363434306339623533336331303664343966366439
33353363353461376534626136333933636162653464663965323131383438646463383265646164
30666534333963356663313031306332646236623765643138313465306530643230633763613735
39393730653032313433323863313035316263303664346132666237353166646666383130313438
66633165663962633239373338336339623535366366303166613031323661343331613936613939
64623831376139666136343534393565363938383666326535393737346535386562663663643930
39363331613238303031333032623134643265383365623931616439626261333636623466613162
34623537393433383235643939646162333232656130336466303761353237306539323239326135
62653561313162363665613636376363333832666633353031373230306331663962343764373739
38363339333235653237303136376463326339353163393062353934346435303031306662626232
32393065393337343538626562393730396530643933653962343236343063306162626334363363
36616237626165643463613931656633623939373663323639333031353535363036376238386230
64366364323062366263663230366238646262373938396530336363376638363034613564353066
30363031636138393436363564323563333934343234306331383961396566306565313035346364
35373131303630383134613066363937316538383164333635383531323439356465343034646338
34663830333435363433363563316339323063616136336134653861346664623461306130336434
33663639623866613333623163356234613633646637336335313830333235363432633032353731
39313239653034313766356365326165323535383666313233393238663030613136366136346637
33363766373162333265623530366535323939303636336134393262663438326466663631336138
34373566646638346261666336313035396362383066643664373237363435313930313834666363
38343361653238336461306531373835633830313162663135613234646666323433323261396233
32376361376236663766303761313736636266376132366332356163623238316666373936343937
64646635666138613337353832353265613063343262626437646635663239636161633139303133
33343037646631376163346136396639633637313261376265623038373966623764613161396136
65393132373633626133616564666563373762613263333163356335653438323834353966613963
62373737373163653165373066663136373336643331383134646432306162356236326134333766
32356236303536356337346534313165636334353865656666343032363636623033663931353666
61623366356233303661626363316638346134323932356135646230323537336436613336373739
64393666613437336161613833663033616438653330343565356662363939323165343034366166
63363030376162336536616238393436323962663262313665363262643438663766373562326263
36326163336432643864323133313865383963663739326266643230626530636165373662613833
39653966323365303562343665343366376135366132323531616266666130393834656464343039
65653064363235633263663833386462633739333631646563343265623533353264643265623964
33313938373434396535623664343538326564366366346131326339643461323637316235616630
61646334333634653135623434333739353761623037353666636566393438356337313866346535
30386564333362616365313162636465303234386164666433386630333835623938333939343431
32393031303530303438356231343839653261383432323635366237356432363630386162343764
63303035383336656337336238366133646663326439326535336166336431663863633164303139
34353363623039666139353030356133353332343162653232613533373939643236643832366532
66663365653730616637643830333633636338636362633831643262383233303965643666653866
64313265376263393862366465323263336638656636613733643766613563383835616538356337
64316430636437356631656538386532663337376661643935656532383333623763383462393734
35366631396437323865303466613661393263386231363538383136363431663736646238626332
32633862323666383930653562646265623466623033363338336236366661633537613865313239
37646465323465633166306134323264646162363432316538326339653163656435356433663836
31613135623061363764373237666235336163303865396133323766643462653033316131366566
32336232646663333864643837623236326439656635336334326562636133663035313061313361
31393232653836363135373866633834336234306662343161343136653961376261336161306230
63646436363735623762383838613037323539643266343165313734646666393363363865643834
38303739346565656437383563636135373032383433366666333036306436353563383361646566
35636332666133306130383531396535616631363162666462613030353635353235633864336239
34343432613634623435366539373134393434363565376639616435326165356230623461386239
63363361313937666164306330366237383561353036326137346631366639656666313335353335
31366264376130343439383937333231323966353532356531643130333364633339633130653361
36356263643133336330363062646539333363656332306665343838336135303538636230323037
30363831326461303235313336343962373331623638656332363961356130646438333835313633
63306263613139333436363166666263623631393261633762306630316230376238323631663135
39303337626236303033326330663961386363366234313730396239393333333032303264653061
64623264666433303064396165326266363433373763313432633761643931646464383961313035
34383537306466623336313939656434646534656630306439366235363664386232356230356331
61356633336137366162656232646437386538333665623139326664623839633033643030636333
33646231393162333635626630363137373136346265616534306630396363636535333232653934
37333436336561313938366261373362663461636339366539643561666234383166626563336335
30356238343435373263336530353236633534626631373731323531356231633065343963636631
66616337616165636462616661356332396536353539386665663064623835313935336163336132
33333933393039626531663238303234643032383232643137356336333062333333626663303138
32633635636630326231323032643030613230333363326637303631336564346438363438383438
36646431613638383161636232643665636530313533303266343634346137303833303533396361
65353061326162333562333563666533663263636463373964313964653366306339616634333761
65623331363130633334356430343136373336343438383737303834343936653439323431313531
38393134326434636432306130646661396562306463656234316137343232316533323237383335
34643264633131393433616235353664633165376237363566363639353632636338316335616566
30323136333837623137323139373662346530643433643261396236363637373731313433333231
34613330613830383739306463343839653362636138613165636337396532393737326336316262
65653262643734643863656163313930616564343361326266386665616130353731396537636438
65393039666163386137393663663833633932666437366230303635653136383539323465643831
65353932333563343266316635393435353933653364626235636231623036613965663534623736
39303436396537376361343231666638626665383439326262363631656137373431656466303963
62636338323938373634323665323665366638393135333261376538656465656437393539383439
65326362346131633339663534653964373932313539326132316234393066616262353832316639
62656466613837626666376362653131643564356430363564313233386661653938373034663461
62613663386361363466353735653164663737343361326466633666356236353633306430396430
64656130663563373235636231613065373066303433353562393631613239363034393535356431
64373932303065363230623165623963666665396230363535383736663838623961373134623364
34323532323632386463616434303066626662313838346535663630626236666138313433633930
36383039336265633735386361623363616338666532393963653061656438616631373537393334
65376632356566623232643137396464313738336462393436636564336330313539616433383132
66386339333734633564336237653563633363613436313534326438343330663163333230646261
39656464626263626436333731316364646332636266636632303866646531663930646332356564
33343937666437346335373430663930386463616535306162373764323362336134393632336630
39666436633163353038656239626562613331356433343061356161346264346266316431303730
34656466383833633138653633306535613664623564653762303266646261316561336239383039
32303862646438313461633930333635353332366665306233343534316432373638363434643863
38356231386261303339633763663130333634383934633634626661386234376636663838316530
30636332623664316661643832386532393030623136336161393939333131343733633866393035
62316464613538336466303061666138313733366462323965343130393663623538303432386433
38396436383735333165316637306434666236313730323735323531323637356633343630373439
39376332316663393431656537376461346464616133396163313437306361303937393464303038
65303138393938343137393036376665396461653764356563373538646561363466336338306666
61343531376536313935343662636362306339383530356532333432653537653566303337383961
37346564396266363635393034363961336435313633653438633830383632373561346163323934
34623330326662616635653433313133663061313263386437666536643563646261653936393436
35356463383262613162326436363664343163313738353434393263333861643637663962366438
65663161323964313638623862393438366235363736393131623466333235626463663830356132
39366538353935626366316336393761373039656666303735623837386333303830396464643535
39626139666363316162393639343330343238663865303635333230316534303531353936383733
33303162663130383230343266636331343634383637656536323662373937353230353434323530
37313537313063356461336136343634626166366230316239663230353837336337646233643339
38336561376163346466616534316165346165636364323830626561313563393736343132656438
33646265353535663335356136643462333130613464343733653863386561353763636264376130
66626164323137643961623235643633623930633537383661663039356630323238373734633864
38323836633263366531613035363133373261613163346638363862616261663761343930363939
64613739626461383531323237363436613864316630303165376265633766323231373833313633
32383731363139383565643261393539656661613961323136333739346634323039376234636630
65643639613665323834316139613733656237356464396166356432366363386638616637656238
36326536396437626261333532656662366234373430393934633436323138646364613431636538
30396461626663613161316433623839386366393034663430353735393532663237633962653332
34306333366562393866613161373163633937633337666364336332663934356334323732353039
39336161643633323536333463333765386635333033316431323634373035393933633561666432
66343334356364333936333535383931343333393134626161393063393832373038323665316237
33643339633131313234613030633466353762323133623462626633396630626264353363356265
34303865326534623964623435663731303935643964656665646361623832376563313664653066
34323130666230363763373464343936356566633332396262333437313434656633656163303935
38636138343965626230373465383430316434623534363964646466653735353162623932323934
32396331346435393761343334623136663461303238636232356339356462346137386362383738
64313966303261393530306635326362333232363437373866373135396566313233336339666630
31376134633562346263636265333762366435356564363834643561383066613637333038336165
35616232666664333361303337343137343735393261656133646465363031376265666637316231
31343762633065316361646465313835323731383438653634313732316266383464313731636665
65633838636136646435646330333637656562643134616638323462303031643431313763306161
34383132363130336636373737616166643432333465623433623939653033386265623162376462
38643261613165646335643737646439633563366339613665626539346137326261393863346135
36666330616161323631613736666663313934353934373861613964373461313161626465313239
34333534373238623534666461313630333837326433653065366535386261383062633936343835
33613830336435653037636632313231323235376637346233323564356230313065333739363135
36663734633862656430353833396661363837646431386365643563383333323234373966323066
38313134363335363830643166336366333933383331316466613732623939623065636537366335
39323161376632346134383564643065396366623039666431666339653761643034373336353331
37343032313039613862346166663333653333333732336337333739393030316236643134386164
62333037616136376331623538333564343935626332343730343233613434623439303439336361
37626463393063396435653963363631616565646161323036373039646265646439306432323064
63663831336462386633626162653764646430313062613562393733346663326236343962343562
37343232653361356165303234383366616131383164393262333764396335636236626234326134
32626335383666336166306363316631376330393134366233326363336438643863646231643136
33373864663863326562353561346165366161343032333739626361303432303562663565653564
36643834373333386330613566633036396138353238396166343365306537373834316533623837
66353033353737393461633637383934336662306262663931323863386639303431303830323464
32616437623538343763643364303633613966313965373633313961383439383039313266353661
61376465326564376332663565653364313934663761353732376362653364616234323738336332
32626436393438393661383835373632356461303635363064613765613432633532336335613130
34636132383536313761626432383031653861363766643035626631623731346230326235353235
66393035333866303465323864666130323436653362663732623730363433323763343536393233
38316435323330376632646164333137343363646662356637326530383438326139373635616536
39353631326532643435613131346138306532623138633836663230363832373538643538316336
34353737616262636136303033333065353465373366663634343633323166666462636330353633
62656139373835386564386433616566326262633833643335366236326434383436383535373339
38633361353366326165643433356466326364366565326433363637373666613030353734393736
63653232343432343838653632313064363937636266376661366261366666623861363835656638
61343338363961613663366236633263306366333963623339343162346665316666306431376635
62313438636439313136636230373330636662303135663430316635303336363735333437646330
32346565316361323534393862393132393064363732323163353861636165386539366665383464
32353261653965363236613534393535663135323361343335643137613166626665356136333433
31633464303439313330336534626131363730393135663662613364343838396131306164363039
65313836376461646564343661623339303762613735313531613839623461336436363464626362
36616538623135653135656434323938373237633432376365343566653630336334666630643735
30616462336332626637363336666263356261646332306432393639346131393765366136306566
38326534646535323866343531656664343135336430306633356133313664383934363465626163
30353462633665386664386661386532303064656161626439626438346134313136336366646639
38643565666536346132643434373061346335326562303631316433353030353036306366363561
62663034346466376230636134356432306238363430386634323065643539666266633438393137
35316562386633386332333031643333393732633634656332666431363066313934363831626330
61626130373766613464356535353263393331643931303265386435373230663464636431323938
39333561373539616666303863343035383564306637366336633164366566376530383564363733
38363663663434343232653132373536343061633931613732363763646535333438626132393361
61303462356562643835653836323165303966633763306132323565373564303333643932316165
63306265353335383065316433646336623132663933383530326131643463313138653339393132
61346132393835613634636139363139646132346464616431333362343436363733346636623838
36653132613162373461336266376263376333323061303835393361303833363039646462356635
34636339656332343462643565643661323962353263353266323932313165636236383263313037
35656232623730656339343665313633643662633134353033383035636335626164623863383938
35623137366164623933656637666635626166373336376634326161363634666466616339333536
36306531643962666436666662386136346664636631633834333862386232646139343962613664
37373861623566616237303862643563323834396564626532313562663337623730363239393662
32636637306234323462376133616531613031363932663962613863326332326362663537376534
32353437393938316164313832393662366262626464323063373666623066306232333264346264
64333062616138333336366562393030323039373761326462313764346234376264333765333766
61626331656433326362653739616331343563353365663661376533383264343639383933633835
33313838383132306634353465363166323833343266616331613639376235326530636261626634
66363837633365386665646139356239643664363237633530373136666362643638613039326366
61386334633232343534353437623530303932663034346564336234666539646335613536306334
33633739663336653161333433636332336266313138323339383134383231666365366564353337
65393930333166646466376264303830653136383764623337613865383163353337663064393561
30636335326334363464323431653531656665663462353531326537356433653436346662643730
37343566343261373139363730333666353363313736663030623266353063623037613662643965
61653062353038383637383036646463633131346636386333303330316565663564326264666261
65363935376236346139396335373239393535646338653639666430323131643039633462343231
30666463623561613737343838306235333137633036636433613732306664343239356130316230
36303061643735323262626230616231313031616139623338656137643632636465343638623135
66393262373638383530336666366535383133333132616463656531633035643165323137653637
36376231623664333663366131396361333963343965663631643834613866313563656665656135
34343162343139363135333264363961383264366437656335323934393264613665373132636336
64373636626131383365346565313864333430333830303630356666663733353234343534663232
32393031303432333866613433346335326265343062646165383133613730343439363636393732
34363231383430643733653365326166303136386232343439326562333063653930613239346364
30316334643761616334346232663231636336356131643233643564343865306563323738623636
32323836323866353830386363613730613831623937663962336337616536363866653364336637
34653233633936363133313261333232393230643462386636363063363866326530333134353438
37306235616136636638306231613862323134613032306632383335666462303839633535366137
34356230623765336132356535613736306532663835663730396633636434393938313636663532
37653565333562346135386363333938616433646334333035633963636239633630626630306163
62663639393366343738336634323939623266366131393934333836373465366263663562366434
64616430653530653233666465623638383933373236646661656333303836386637353863613636
65613638326436623833373766376439363834336665633033653330326634343638306436616330
62366562626464326339636137353532623565653734313337653336633032326661626666653461
39306563663739326538613133373637306533366331393862386435333961346231623363356635
64396532306437353166323137386632363366656630323039366336633961376261663035303062
32373961616165656630303336613165386139336265633164373832306430643462366236633363
65623962323836363632666163363032363065613265366463656332653865346230323637663131
37343261326636333331363438613032336636666337643664663638643132313432316264373961
63626665646661356437633436656235383536363639396637393362613064363336386639376338
38306666363631366532346432303365623835383230323630396430323730646663336531666166
36336266646137323235633338663632633934343564663531363034353430663937353133393235
38636664383832643134323731353463396533613566313661623265666163376165646136323066
66323635323633636137363135343539313537623762363539383061333630323330646132376161
65643439303166353463363537313334616335376665373439303361386431306533346563373139
33303632336165613662636133353137373939643938653632303438323931346162316435353164
66653432643461396562343062343230386138373861353531333564613734396335613530653862
32333039633832636638363261306639303634393939303434363965356361653462333232363734
35636537323966363734663733303539346635353035636634636363646265396266346265313033
35353662616539623362363063323562376166393337346233386334386236396665616530356363
30663862366130333139393563303534363836333061366438373065366666396139343738613038
62373839346638336638616333353437666562343839636339616338656664656233303030333833
62383936376239343561393838393136326464323633376438313430326333366266373766653465
36636532653161656665653138363336373464326239643731333936366338633537303961613461
39363763396666306631323963343662306633356133343864353337633435303131323437316430
62653566363439306137323939323536643639356331356634646331636639373935613364656135
66316264363339343036313831336537393430666461386631613032663031316231313366316632
64663539643533363439313763313432346638643731346265363032636465383731366262316534
63653436373839303062356431326661303734393865326165306236313264343465366337616137
61343631653561373133633761363830356434383238353536323066353833303831643061326464
61386363623961346639383864616334656662393764613435643632393334333937303233616137
35633637343965353539663030313030623066633835643962663034623439653161643765313233
34336530623637383232656236376162663436393133343766646436646533383231343262643739
35373933326437363837653535323563366537356164643766363261383365386665343438313264
30303462613661623361303161623734336534306630343932313633663365646462623665386265
39393237356432623539656166346465376163353139366631366134343537633738333635623433
34616562613432336232656132353063333335663532363838373361643563303361636338633466
32636533643434303837616139633932303431646661643630353562323630376636353837353237
33616534306439633132356534343030346432373931386533636231643464346535313334386237
66653266653864323730663064366636366237623363626164366662393331336535333030396435
62393636636536386235353838353733626134653562336633336337316332333161343665663163
65323137306237653532386233363733646632616439383134643865626430373062366233386533
30336366326439353063386364643833653766613064613932663534313462653564373465356166
37396133373364616163626538316234386630636537636564633865383035323535643630383665
35373433626334396133663237343334386262306535323366613838663532633530346261386365
36663531303264343031316535353030643738316238623165353934363961343333646136383432
61353834653435343964363663363864346332393961303839333735313038373262333261653739
37356563363364366466623735326138613262363166653464356132626535343264363135633665
33343362393561306638343162613735333832623738333961653034356238303031613435313039
32663633613566646630623866393432386161373164633238636363343637383162333834393831
39306261383431633836363835666234663232306565363134656266376435383963393063656131
66326538626565386237326230316330616539313561656436616537356239613831616563336236
65353235636639623130616235353932383337393539633938356461353733363234646561646231
35316666383164616165653533666265393031366265323037626437656432383538306631383764
34353263646433336535383763303033303266333935303866386336386565656665613037356236
32306165616533396564393232313161383931383364653433356264626433323663343738323665
32343664366339373137613737393237636363333332353033633766633234396566313662366138
30396430623562363662613030616162633132636331303338653462636366363463353134623463
36383564616566376237373035646438316634316237373137666130373862626262656138306435
64653462646263393130323835636630313665333733396437366139393836356563303135323338
33333464363033356364343564396366643266646364376639613438383765383239663136623933
30323765316264633864363330306339663935396465333364616130363635333062643962643965
35643363313435346433633765336562643961313935643530616638323665323133313535343666
39646264366365396135363337383631643432646439626538663635636433323462613562653431
64613038656632623431326565616664636165313933346436363139346264343930623037626133
31363839346330303235383732613265373031333139656663356462633434633431346662656361
32393737373564306330306330393135653530356337663763613636313364343835353866643731
39616534383637333863656463336335613633346133353130383231663531653562636535663266
32356666633162386138356435303362393530333064336566313865363334393365393165306538
61333431633130323031613735336564343138323061333430306536313933643936386235373565
64623762343164643132656331356161393833626433373236386431366138346164636165396362
37393831316439653337646236306532346333313138326335653836616130616565353730386638
63653739323338616363373361656432613564393837636437313538323531313135323966393134
38663933363361326537386664353832306534623033336330373430373732663132623966356534
36386462653661646637616331666138356165366264653531636263633561646238323366383437
62356337326664356639356161396533336662303837306664363365633136366239633662316232
64666438383434396232323732643533633039653064633664346561323837373531336639376335
64363861613766356261613461303535623130626135663633623733643231366362366465313830
37356339373634303831323637386230306564396565333836353966333132303130653530376364
64396334306238646231656262306562396266663966656330313765346331633139383166626564
34623331633465613338663934353264346563303830336236373238363038303736653634636465
35323163353066333438373262383461663961366264326665663465316433643864646237383466
30633431303962363863633137343462323537333061373365323637323561316634363562643262
63303364666230336439633330653638363332613837303830653565623132643738316538303834
63373138383539336334633334393463383861666338383763333838393139353531326536346535
31623437343731363130316262336663343961353635626466643131626632363632383137636639
66316437316363303965396239643164663433396363613236326633373430306664346433356236
30333263356138366361393737373534666239623239616132326239656236396632616466376462
34316465616663373237613735393862303961346436616562393532663338323766663436386165
39623262373765376435343062313136313834653037366430366634616235336463613433363730
30343665383031636336623064326633313730303562386561633864393939316432313734353363
62666539623831373762353236666561326537383135326339646134336431306331386136303461
34626437306464343766306631386536383232346234333563643863326339333038383934326130
32366335326338393965363162666533656136373461383766366338343165336430326233663735
32646437643538653864613839356465663561643836376136613137333361323066333832383838
34326264643339323465373538363863636438353238363436323536316538613866613432323466
35666334306239343435373065333937626336356163616531623135336234346132663734623937
66666562656263303534303532356538336635613034366638303937393231386464326163623930
38346266633061396662383933333736346338306461666637656130343066663334386634306235
65336530386132323338626532386230353930653335653231616535613062373361373263303665
63313734363264383064623130323164303334636161393931646139623765383465383166653039
38633662623464663565383732356365383165666138343835663230343935343238313637353265
62616464323134663637653366636365336335656265663339613938306334393731373161376166
39613434333464653965373937623131383434303966356266353331636332363333616163653165
30623566643234616131373534373964646263356539336233343935323262396331356663326264
39663333356435376139306137376439343538663166616664346236316661373538343032376433
38643364303335303931373165346361663765643532333635646263393531623736313262336234
65343061353064626235333238666663343735343936653965373234356336356533646465303364
36366630343835396362623331653036383764623734363661373063623336323464626633346363
66323239356362656465356565303835396132303966303132633639303131346134313933343639
33323230613938656635316538666136336439643764613161326531666436323735643262646463
62356531343531626235353261333939356331333864646539313933323230373739333639323133
31386565643637316362336139363638653236333335303162313835613963306536356333316563
37333531356564633561353035313365366664663932316462653838643538383438396333313238
37386433386538376432376435303263366632343462653261666434623136653335646331316433
62306439383032323264666235313938613564386334616163373933333164643730346139336566
63613436353430613535353866313830396539336565623232306532346365323433336334636263
63373661326466353835393761396566613464666362663561343663383763366263363135306561
61346431313831643633663963396135343830663066323138366334373261343034393130363332
37623265366361303035313564663366333661633865303536333633653032616538643036623839
62386562383330636432663436633664333136346436356632396132323730373166306364633834
32313165376264663436313166353164363539333262626634366166383939346537393235636231
36363433373639363834656437656461333265356563336564366565383863326364313762613333
64633338366138653536303563313634643161323533306638623938306566343231386535373937
37623335343530666663613136323139646435393239316261613834623265373135336636366631
66353033346636343734646465623837303362313339656338373131373666326635343561393561
39323539303031623934386663343336393830653835396338323564363366313739353531373836
65623864653563326635653434393962366439326338623165653366326661633730626161633565
31363762303938353233656661633266343866643131623639346433306238326334366339643836
36376665333333353834663839663339626433303630303738653139306666396561323561663966
66396138316566623166363563326166393165366335333861376333396232356166316162626562
34633330323866346336613063663363656233373062346434386339363163653533333237373764
39313361316439303032306330633763643261323264636331383839316434353534306532323334
62303063663864373837666231376361333537323735646531663938303232333962363434613765
64613133353164643639643962663963336363313835356263393730653766386137336132383339
36353631323031363762383738633839653236343131396532623863346132616464633365323566
39336165396263383834303736343961376166386332656334666635366237323736306331396235
64393662653063306231626663333936353966393635623637313931383536623666336663656630
37336232666636306464636165303533376334393061383234396362366237306237373730386235
65383066646238363030346630343638636434346333373662663735376637386163303961633330
38346238623639383134376466386562646463646232646563313136663138643135316365623762
62356363323262636263643064306631373734303163336665316434323030363935613239666565
62643031633938366664666166316537373435373132653934363632643032326134383664316435
64666165373836326636363163666530323662323537626462393837353337616262653430663034
32363836393933653232343537336536303061653538646239376233653936656661626235363935
31663335393166316138313230666463396362306466353132346664613966356433333764323735
34366535323939333636336665383535636662633064633263343261343565616564393931663730
30303235636531326136623462613334363163363835356534363531353435326266616664313336
63663566386634303839366364663132343466393839643136643738393734353035326465346433
34643334343839396634626465646332363635666339386234373365663362303663336431613962
34326431343262366333653036623663333862653266623636653766656565653339366265626431
66333561353436343435383264633966356434353061623836663836383662336165303539376262
30326533313931356537616533356566346561373433366263613734666335366435313637306636
33303631313962376435646161643239353339663835393235323364396531653035373537303135
63666631663565303032323738383233663433313137323365326338663964323865356337333963
65316634633634643837616465353364373639336634373437323530366636373730306137666236
36323066346261376666363466336466653430613130613434616137336635656562366330613837
35306465636139643739326432383838613761386164636237306233663661396130623863356465
65636631353031623732623062643939656434663964613963643930353132663134616630323964
36353731313336326334373134623831376432316333393930643038366331326638646531323065
62643639353536336262613461343662613438383335343839613861646433346665386265623439
65303535356236346338653165626365616439623664376662656338333363663133613238383939
38613134383333356337363131633365663937623865643161663866633938306364396632323435
32643538393861363535616136313137636133656334363439303439376565653761313736623062
63326538383461333432356265343330383965346334656238396630343765646532643935333936
62376330613861656565313834353639386536316363386264303436336637303762306539376636
66396563663531303765326332396437353763386636326230353837333739346431663661346465
33633466313462626639386561656232636366353838383831333764616262363537626563633566
34633935353034663730326134313464316633393831306631323965333061623637393132303661
64666536383631306439636665333365326262326265343030353966323265353066633330363936
64613761303262333834613765316364613635663532363638613336636336333065303361323337
39613131393966656537663532316538616338623961303662353665616530326530303932333135
38336564326363626631616465333363313263373339633662663136323337666232633566353330
66663963373835303834393963386364343132396630323436616434353738636237383461316139
32396366383764386361653131643139613261383733633938613334333334353939386266313065
62383035666134643066633637623835396632643733333661303465356630336536386530306162
32363832316564343163393133333934333865643563356634326139656164366264333334653336
65336531326266646635376633303465633866623439346334333835306430633165386338376230
33656439303362373062363536656535383639376263343732383135653761336535616633306535
66653362366464343234636662333666366138323338303731386234363233306431326664636437
66396237646236646236666462393265396138316464376135336564666465346466343461383831
62326536336337363936393139356463313339663438663264393632383633396334346163343865
36333662303733363939626162343465666533653762646231616462396335326139646562646562
61653339356135663334396264646330343539663534376332333735316164316433373638346138
38343831366661643239366239303037666636373239396363383234333838353538323333383232
33386464663834366234353761636633353865303237636633346233376462653136623033353033
61626430396363636337303437306662373965333436373939396436303865366531633233626665
32343537353635333637383834333036666433346438363737613065346138626362363832366336
62666638393566373564336163393930383636323831373236646233326165643863356539303766
33366666653437626439663563396665663661353061323833313936653539396266396561663936
32303162346339376163363636653762363163616139633861313533383264353839383564303965
37336338396137646234653630323065363233643365386136373538326438636332326561666363
61313630626263343237303239343533653331326533646531633262636132373234343231663030
62323635386261393261386537346566373936313035656339383864636234366434613537656266
64663137396139616231643863643337346365356539376139666461316632613938636633323436
30616234633531613339616266356638366236363734306137653634353065616337316265613936
38386339343633663638373334393432356639613638313830346663353265646364353033316237
39326237353039306637373930623937346539383230353261333661376534633938383334656433
30366130633964643838326435653435623534633539643139633532316635363730346363313834
39363936383036343738656337363363626535663630376332616636346165396136646363633437
65643337346664653866303136366138663064623630626534353964613331656232376365383639
66653964353234633233313333656337306430633632353538313536633166343561303533633066
35623261363632323765656532356231353263306466646635616333656535656237666565613031
62646430333532666332613038643762343639373334386239333435326238396530343836663261
35643561313833303065393939623066653666336463643630303132346162323034653431623130
30653464643235373438383435386462666561666139373062386535666430633436383631613733
30653031326232383836343262633363626130653630393538333361376163316265613162333933
61356537373635323033393337663537616632663032313961323164643666653763303965323766
37663864303937613731306461313030646231346133313831323231363031383365386333343764
37666138383434633631313934303335373839356135653364626262393466343036663062643965
34313962343231313232363533313239313031656230343362653733336539616639313936306166
36623934323932303934623936633663373933643434373532623463316530303436343964633337
33643734316163653037316330316531343334663966666432613638633331646462313339376130
61313035656333376630396434383664363737383762373064313835353230336565333130643331
66333866636430663234326662376332616561616634323863656639353663633762653932636638
36326630653365356435663336373636303262313962353761663961333236353933333965336630
61333464353930333036333462663864646562333634616535633465386265303436353065336433
64343630356464643738336134646162333238363966383434396662623431316535373338303064
63336435666537306335343331633732623638393361346634616333643132386163653261663432
31316464643833653833616664346465336165663661623133663938363763313230613663363433
63313861383065626134396433363435346138383261613839323439663033373362626464663639
65643063613065653832646237353564333464353632626464366332376535626364303639326139
62643963316664643638333436303161326365316463643233656234353535613132363830656633
34643931656264343666313861643564353632383436356361613665303764396530613062643139
37633234303262636135646630316462326333616239663439366335393464313333663666386239
31626532646439626239633631303564663935666661316265383265613561343364306538346633
35376563373764333662623032343337616431306130353134343931643732363036323534613562
37333863343262633235353737393237376134623865353730303861646338336364366630363835
30386634373836396433386466383334393663393536343333356366303534376261396330326537
34613831313065393238373261323163353231616662316365313063303630333133363166616163
65363337626264306262666161346166313966646262663364333432336461306361303761306566
62323133353662643432356539616532343865653039343633626435396432666235333638333630
31343966386165663032326162613461373764346665326437623636323636353037396533656138
36376162313135373335613866326639346337623836396537383166323732373864363364326362
65393234306634666463313663316532383435653365393730646166623631396636393436663366
35653539336339313630373162646137363933663035313935383266323633343332306430323933
64613834666262663933376564646462643962383466306536613134363863343134383734366164
33613362303566326466363036336264373966616464386239373331383562323635326661326232
65613139333363656631653935356333623466633839343665313962663038323463386333613230
30633766626161623030666138653231653864363762323832613037613930303864393564326664
62353064313165626234306238386137343036313232336439396630636365613337643861613234
62323634666339653664373631653666393737363562343237383930663631323635643438373164
36656235373964376630643834616633646263626339633534393165643538386461343865343033
36636430623261636266396437656233613630383637643331653637343538383464353464346232
36653934636264386461646436346439386131363764313365643336653165643536636436656664
65636465643739336337633835623861393963633633363363323363346664333262356530313930
62656636333235346232653563343562323738346238626130613766303263636463323664633433
61323463653930626531306361373030333562343039363630373136633534666665333666633032
35643730656437616337386164396665343633306434626663313032646135623866363137616666
34363137316533336431303635386536383539376238396539393133623263323531666435356630
39313734666439616336373064663137626538323664666635306532656237633633383031373333
63616366393936663137333863623436353834646563646532363862323066616433363562366239
36653961306566623366343437336435343532643963373430633533366165656137303531356337
34626661643138653739613639636162653336373636333631396230356535326665356466666331
31663665323434386136663364633966363961663161643662373162313734303864353331393565
39373930343965393866373039373339373334366365366461346433373934303233333137613364
39373535383438393161346464323438316332623637643837313964633765623334333765643266
32666662653037333664306430356336623738393330623766303139383565616337336239663738
66643866313362333262336265633736366533653137353563653232373833376466323866666539
39326433366634323365323431313132383136373530363761643965373765313864313263383435
64646163646639643732616366653033633139623633636465316361343162363839326638393037
33383330633937386636363135373833386265633962613939336266613561353136393464623734
64393335633662653265626337393133323736373566313864316563303765666537373065666133
64623265643364386665356462383666623231393330396663373564303337333033646633363161
36336332363439373338613230326335646663356265343035303739353363623162653166633164
64653234616564383265333037393436643531316464623532393665393365393133383831383964
66613365393738666138353137626234663361343232633030623237346430656466356462663066
35373063656431376436653835663435303961373330396233613639636632643438353661616331
66313331333162393935383938356131333337613163643139376439646661333734303630353736
31613638363037326334313036323333333434366437653639656339663065623735646532653130
34346134323132356134653833326231616465303464353666663336653666363862663532633130
36633230323930353837636165393331643031613164313330656539623231666530393033363236
66633638313839376232333666373261643138386262626538363363656434383238646530346136
63363234386333313866306362303932613237333132626333323065636535353362656166396337
33666135333363343132336333626338656134633164373365323835343630303838316531343632
30366533333533323366393130646362303436303266656532393532353537363536386438303762
66653963343962353137636637323963313036383165383932396636343034373863366431353339
66623232326630316463326566393636333036656462303131623331373631383938393536646566
61353536663831363964353037393537633165363432616538316333643838643837646261343962
32643232316166626565346137386464643663663563326166643034643135363438666466663233
65633164613333373039656638333865383331646535376333633433383636313939646137636164
66626539323465626134326339633835646434313838336236326237643538386561656534623863
34616632376466343433343731643263663231373034353932626235356630396662343061363338
30356165616239313031363430363239306562386434613862303733356661393931386639393562
39306264643463333639356336373830376335336561346566366564313261666638353761373132
30613166643061616665353132396138323161303661333364383938396436623232646430316133
35656237303661326566623530386639396461613064333465313037613238653333656463303438
64386162343432386235396561323230323536643763323631336535306662303434336335346636
64656337323939373231666265643664653131633363613566666534303337363232643364313765
61626234653166333461326566346135386437346534366362323038323865393534626335636362
65383832363262383034366166653566623865653834393965343233363933363539613639633833
30646335616237313962353562393335366463373966613163626131316133393461616636653338
38616565636462333439376666623035336439623737613330313965376238393932616531323630
36643965663863626566343735383964396438343362626138326432653239303330343634363763
39353739383661313438396134613032306234623932376133323364633831326437393662613034
33383365626433613738373065356638343738313531373834336336613038626161663331626630
62393538346364663032613232333638663336643535366137663663383365653562653738653537
30663739663537313266633062643731663361366664363766326364613462383432303834646265
31393162353930376436353232393064636338363161663962663366386532623436346337303835
66646164626265666132333461393439386534363138666462303735303531323436393835666566
65613933623831663061636230323637376638636533646233643961313030353638303738326332
32393537646264613066373830643564663464653039613931616431393832366532373738366362
61656339353734353262373665313635393162326136613362366438633331306266336639616539
35623135613936313732653638613134366264373335613265316162366536356137633964323866
66353461346464356338303532336539303638376630653338306634376665333934343333613165
36646439623338343435303064663939616336373363373063323030623135616134613964613535
64393363613262653563326438626533616163313936643462653930326532623435316232306261
33386363636164373737636634336439376531646630663639353636376438373832633333366364
65353233646532373663323464653061383263356332633263613832383461393164376533646361
34656464633461343765343062633232656536313333656437313662326430303836633435353766
66623065363063666362333739336636663331393864326433346637343531653464636363343533
35333364613735376530333539383362336331323263313032393963373537633331313731326562
38323065376330366661343066363234376230353261666636336261356236353961383265383139
30376534636439613234326466386231396464653333343464343632666435303737326130633461
30316266623333373635393930316536326332626138323039643438613130666264663833656532
64353537663761366134306539363263363562373933626365396564306261373365386531343665
34333063356463313166336264343739366432306165363938356465633861386562643661366439
61353935363962363034363639353435613032383861386634613636386632393937653535336533
38653963376264653933386534613933663461303263396361663261646538313731346537346263
64636165363330376130303437326434326232616238616335386365383330613366633261393762
37316136333031663735373536396563373261383265653539353532346635646639646266313462
38653933646532356133343735626136343461343535343165333761613732323866303635353563
39623632613734366264316564643236653433386463376330373230393934666339313965393065
31623564313432336636666233353236323238636132313965376165373562306233333338663864
34353435323233353634373766666365353365303837653037323939353862393338343933656537
65333964323666343933653563633062333438346635306662616131336533346137656138373663
65646666336432636531666338623938616337313334633665313635333639333665373965313664
65336135356562303639376263326332656236626333336332336531376636656336643332343435
30613064616563666637663732643331343639346136343562633439643765343233346236393532
33643636323932626339636432326633623531663761383530666162626136326338346332636162
31363464663034393736613636656232343531366261623834616365346436393666373864656637
39386463656166353233303338353663373966656339646531616138623439383161383535633063
65393831633639333163656563666363363765653331643538666636323831316138646231316665
64646262353730643930353439366137376332623165643365663434646638616430623862333665
38353138666161343865326564363032353362363262313836643566333066383366333664373762
36346631313634366265373231363236396637633161653466336566343439316134636438366432
31643531303861373338396635323437656463363936323965356166353631396230343261383563
30326163333634653338356566643435393432383566333861316361653938303131333832643331
38346566626664623636653038396432643639666132663839663836306436373462313163623539
34663064623866393466366464316135343431396266633837623631346137393161333237383939
63393431346234653730396638636463303437333664616161393337373738393030646463376630
33313639313938643234663965383963396439613566656537393239626637393236396138643839
63396437326262626135656265353837303735313339333932353239373266343837313632303639
36323266356131323262633933373039336134633838316636376665353633373566373536643165
66366133303064326462326632373766396132356164306466366234333932363934613764376135
36353263633564643932393230656536363762313962386466353531616435333064323439353062
32376138306635663861633163306130333039663937643266626365646365376137373434363961
61313230336432623665633266666132303063626165653131326538616561313761653262316436
66326433356231323263663135663561616635623534333565313130383433323430343666333537
66623634613537336639363434343362393736383237353037623339373531623038656139393062
36356536313133376630
