$ANSIBLE_VAULT;1.1;AES256
34393132376139386632356662313265353538633034613763303730373736383834356430376135
3062626136373036333064386562396563333161383031380a616530663063303335313563613636
39663137623534653234343439353632346564323266393564646630383662363265623865323136
6630626565376566330a396465616465343235396432366533336538663030376161383665663165
35323865636435653231396561326662393736323337396262316633633538666532663865343531
39356630663138393733326538383637373330356262376464326535373537356662343264343961
35636432626533366266376161323438306261383164333365323137626437636134656365313437
36666537633732353038346562656235623636626434666162663837623437663230326238373038
31353437303862393733643737383734623836383665613561666237623965373764373138356638
38363732376634613630313063333361613362613434363134383235336463623238636566363731
66613135663730636535373137623232373634303536613635326433613133393362396531623561
66326262663362666533363161313339303365343938626562326238656462663336336462623265
61393930333033346366656631616363386531366265353363363330663330623164363433333861
61373866386238613538653665313435393433353638326265326335353430343733393439383733
61333863653763356235363531613233316361346134623262643632383162363639383938303661
33346161373033393663353137353831653061653364653039623934656262336438363663376466
65363130346562366461366631643538663734393166316536303130366230343032323636386566
63393735666339633933323437313238336638396166643538303365316132666235316239656235
33316333303431656264313461626436336638313638343832343733326232393866353836613433
62336163636336613732323836633963396630653936333439653638333031323137326165346338
63643239356637396166356130366462356539646139666165366431393336343863656530633437
33613265396261663434313332613630616335636430303236323431373432333637653636316338
65383466333139353363396333396664663831303162643835623437396636336663666637626235
61366139343731386362323936653431623633373133616335646161343939363262323834663764
34633766633033326362373631643239663839343038633361666630336233323031346534366234
65653162666636363864366136633765386334316531633437336435326335393539656564623038
36376566326635343839343537643534666534663836326432353861333261326133343565383630
63353633636538386163613331656439333739366537383730386331306330383530353336663162
39316564633035613736326536633330353430636636323237343438636138373236663937346265
36366162393930656539353034636334383033333532336132636366393761366336663963396464
66356335346334373032336462353230666261323734363432303430323836666664306233613438
30336233346232306465613631613332316235313932396433636532313831613762316538383134
39666635353035326162366366386332336165396231393364343135383761323730353835646531
36303035653132633830343564656132353138663731613038343465343264633135353864306436
65323666353164383835666665303538343466643439636538633366333033353763623363373034
36353433656561353966643464373430383534363062363931303963346239663266376532633462
36666163636433313530623965333535336635303835666361383231353661373762303639363765
66376336383431326363313364623863336532356630356138666237316561383266313364343162
62626530323439636464376463616564636463306434626637336432363231633136383235316534
34303539636139376162653437616565613562336666336632313530363234646465303863633638
37306466306436336365383563356638313233376666366462646662396332663163626262663238
63366538386537366230373334393833613731383564353434333534646263316532386435346331
33303361313930626532666161303933353530636236363166366138373764626439353661323938
31323834386238326564356635303263333635323836386136333538326562663865623162363736
32616262663138313834376333663330306637363535353336313135346439666362663065366266
33363439333937613435353531323031383336323730323233353065623431653034653237353533
34633632323835303961333966353538383731643931356534643232646334343063343236616134
32633463643238326638326339363361623766313863643238613731663366363166656333626531
38333437306664323033373931653262316462636563666635643730333536336136323266303665
64353463376231623436616664356138663863333136346665386534613265356238333066313562
38333638333161366336396666373365633838646131393763643236326463366361343763383737
34383239613561616166326164633031616337623932373832656663643761633439636133613339
33336637633631333933633264633631356138346637336534333766643365393338396130656436
30333666663965383432613537666233663962633962353330393332636566393566356130393566
37623338313437363234616664643562323163393236663162323263333966393538353735623162
31376136353862313662373434373665633137343939336361666165636633376263303739326261
66306662386539643436663664663762396234386438643339316138633532336561626339373630
31343566376331616432366562666636623563373337333734636665396437373730396531383861
31613761613631346337333833363766626233333335616564366564636433363937326335666437
39336631616433663266643564373634613365383736313338646138353736323836663762316434
63373834356433623536623030633134393337326338353331333165656338346130323464623834
63366263333265623036653530353161633435323833623631656461333564653134656633636339
31633466613136643665316465633235336534633232643262656235356638346331653535343165
38623966333630393737366136366436653438636435616538313561633362373337313861346536
32353833383463383962663061363863306133643934333838366432373731613662613032653436
34343663376536623737326336323337346230303363666163376164326266653730656564616663
34366331383766633632356539646565336131616533643738633432633535363934396565613163
62373865333631653065663632383065396635653132386466653261643931346432363135623666
30636362333661353561663962633537326565343237346135663637333737633032313965656538
64373437313361633039303230373561333361653433633733613036333133646636303630316533
37613938636166663431396463653161633866383462366132633232636332313563323033383131
33623461303431343938633362353361396633643566323730333731366261303330623063373364
61396264613030656462626362356338633934363930623736353334363631653065396465313965
37376364376265383333383231613935613838316563316666323666336334313434383365373734
62336430343736623637376265363937616535373866323332393566653264663561333665356237
38653264353339653439366465316432366234376561623839663333343566323865336265326534
34616330656134646633383234623231376363313466373637356235363537626237386362376463
37383039326364303433363038363766386239306633343032663564336338366162646261316333
64396633316237646139653163306635386562393637303939663838306339343766306537346438
62333665353265316636353763613865376335303533396232666662356235383765646231393239
36393638376464303861643736353232613636326462646365356662383363316131306465393532
66633734643239656564643135363664383161663634643839653833393538663662666632643730
63373364303866343539303836613465633263333737623631373565393931653438626435396365
34653165326235643736633239616238626132336635646539366261393932393631613230333738
32616361336232663839633534336261363261653932333363333438646163626438373435336262
66346566633365623434313632623533303766373363393732613033306365633230616530653431
39303539373461313664386665653964383037643435336335343336626338303066363666313366
31376339373135353465626139303362633730356563303633376139373631303162303366326664
39343638623765376664343663643239303733333430333130633631333836623461623935303132
63613432343036306261396332363762653066663865653231376432633339643464623162643036
66623533623631323363663733353064653164376561663631363633666435313031306131643832
36363533336365383162333939656132313961306565366263363939656332636533363936643761
39356333333762613436656164623732653765366431633962386265356539636663353933613931
62626531343531363537386434383863336138333137636132633934643565306435626661626630
61306264303366373734626162386466386334623632396164383037336431643036366462383032
38626163313936326131393066396661336461313530383035363263653061353531633136663662
65353432373130383833393139653436323461366132393030376162343331623335383063313631
65626530363266306261613738313136363536653932356330366632313738643731343432303530
61663531326332626333396334646535383936616636363438363665326431623166396233663634
33383662646532303537343137666334383933386465383235633366626439376664663435633933
66646166643366636530336331656463346136363037353166316630366230376365373331653436
30313330343432376235386265393663383236343563303135313131623262376662383330376530
34613530653766316233356632626538313134633632623666643562366635656130623563646262
66353663666335653836333063623139346566356436336436313864353063326562393636313938
30393462386339333531343039626162663235396265303361313864386133343734633438353331
62383862623133646635626165353339353832303865313034643239363866353034363232373364
30653437396332376434383733353432643665376266373761653732343064393732356263666137
31636331323061373736393963343634643936663763623462653339363837613666386165396334
65613363326530663234383062643932613831616533323336383235336537383039643862343134
33613732323666393938376665303339303531393932366139343435393831663234643139643966
65643437613336626633343763343765633339316639373533386434656665633239666165306638
65306630633834336362373965663262353666376264383532313062656265366166303437623061
66316434316266633738326430616438303338636662396366396362623733383137386565613762
31643661373539383631666432346239353634353463653832623565383362356264663837646130
30613366623332653939363932343232316337653233376131363837346132363530663864663561
35383238303533633137366661353230313531316239326337383931643532623730623434636364
62646233616333643462653234306463656537303865636263633631626333323038313431373135
65306438373239646361356634343635393463356238653333373832323264653262653732346433
32643334373166663935626561303264313865643033373738393334393038646265393261633166
35373835666362613334373337346131396262646232653238663065343636613830313834373164
34656138346337376630666333326165373130303965643531616130376336383163393334623161
37363566333063353034356332313663366464656335613330666165623231343839353261303535
36636536346537313338663136646266623733316335653766656330396131303638613935393635
30373933663937386263613634336232373637626365623832623964313138353433656234306435
34646162333164616633366439616265343138626562323533333336633566306366383563623231
31613236666565633762326665303637613061363363636537343839333330616633356563636137
39303137633464303161343136353037653132363266333363343537343834623334323739306435
66666233633964613466643334663639623634626463643230313535396139383963303761616264
34363761373535613236383365326234326436313834303762356536303938623538663235326661
61353339326634613333386332343634303535326164386331653033303161633566653066636436
65626135653061653332343461306434366262386633343136333662323861623466356432616437
61663736313131336438333434376262343131336536353834333436313736633465313533326132
37386162356330393532376436623130363836323737643834643431396336353535656431366437
64303763363534323531383036353861353831383466396164366430616238326261653766643836
63333566353466633338656361313961636332333431323265303363303261316136343235663437
37656438353765323061303538646532303033643231613631383861656661636533613330353564
37653438623233333163343835356261623633633139333530353461373535623465613965306665
30383331343261383134343337333761383633636663376466626264306338633932393636646262
31323563346539393533343837623335363338666264373232363031333735316131373538333535
66663337336532646462666464633839303138396137626163663361316336376132616537343730
63626237366266656634333435653436643461616561663366303166313530663866346439383863
62613336336238373430633335663138316234333862336639613031306330336365346234633931
35333965383139663265323431363666613035353835323034386138636639363933646164643937
35326562373166663461303761336337323038653263366333626635333131353433356433383437
35353332366634383832663030333661636562383331646433643963623566346136313332356438
37333133633432626363633563623932333433326239643461656134356637383265623433366637
66323062376364613763643534366638336238376664393638613239383634313131383734396536
35373766393037643962383062373563333664633466386363363738623763646130313838663665
62306634613666386462316338626264666666363838343865353631616465653663313032623263
30636432373734393130613934383833386232353139306233363565353762636632613731373231
61666662613339323738333431386466363464636139316533346665313466623838313431353764
38323363643537616230646430373466633139663934623066646135633565353064383264653232
62313730353665323734303933326262393665623231343531376334383435326435316666313561
63633633386163356232636432343236303461363463646462306534363830656433613431363966
32666565376263386639363662646463393036666365343566633636313163316132643031653366
66353166663762386333346266353161626566623364326632316161373937643630363163393137
35663538393232323439303432313866303839646661616230653535373765626333306534313138
66356162613839346232633363633864393135633339393636386266646536653364663465643039
61306464656564623432373065656237623034616234383964316266386335396265333664376138
35303036636365386339646464643838346331376461613565396633383564363465373762386361
31353038383633613336356437616362333938306234326663633434373033333562306563343130
35623435336333343139353037666532393365313533303438303739303133623662383665326335
37313134346530366630613435313536633030623636646337653039383266333936646465333663
61396238383664643666363563666630656561613563366235656639386637336337316634386664
64333066346462363237383939343065653530633138353261363436316461363635363761363639
38303836646136613765333137616130616133646532613166396134306662303134656464613531
32646364356431343030316137663465666264316564333639366639363935653066626661383135
65313563363366626436323362323566386339366234343931303865656462396466333464363838
30333131323830666330663538633666393735306237323035383664336663393938646231373536
39613838383862313264353137646537363032616263393636386236653932666433343039356536
37343765353738623531373364323661636336643937313032346465353662373461346265666366
65623765643965346566383439323562633931326538373733383637613661323839653236616536
62636431633030303433623862326163316630643465626239663433326665656435623639633365
62336263316432643434323933613232386366333232666162373935353061666534333531656135
32623538353536346339633337393433336665383464653161366331386134666261316532636430
66373161373336393734643666343865353930373239623537653063636265633163333238613664
33313431323861393766633765383266373761376431313865366566616239633736616436636431
37316166353739313333613165623938653231656434326332653134626333383237663633393035
64313730613238613563616164613632363661646530303464386565353461336539393761343132
63316235613566643362653763316566623730323335333839303531616332333632366435663134
37356263393831623338313535373736656464396232663064323965653338383766653064303033
65323366333635613662313538313737613932303330663364313639376638633439653437316331
62613762336463643030616130376635303962623133336636626363333531373338393165363031
66386364626439303434393738353933633662643539653032306134383134346238313363386362
62313536653763373639646636636362393337333766613235653361363038653334373833393837
37386461666333343765653262653837393737373235306231343538626331663664393839306261
34313866653136333735656266613232323863623662663531363863353232343030633538633263
34323132313837393431373632326530633034316665666134396236356638633163653665613339
38316666643635373539616430393237303161383136653163363762336534333833366161336132
65353633376139353432306265633338636233363830363063336136383064363033356662613434
34373735633938303964393336313734633534393831376565663233363166633832323265633663
30303837653864363861353037313030326535653963343335306130343031646138626438623639
30306564363338666437386633356232306565393064353661613438336166353966363032653932
38626362326437636632666332343063633033343463653061376362313061346538373733396365
64393164323135363933303862333861353664666263633534373736313764626232376631613236
62633366393164656636656461313564396636333563306439313335613965646463363636663961
37383831323930343362646538623434333766363338643563343066333933313337323462386466
61353534633031633338663835393364396463343263636538386531323463646664336662363065
30343336383934653662633335306639633436363137333933373166666262653965643634636539
64356563666236303732666533333166383136376365323834303338333964373639633835376238
62303762663466613361333165616165333134623933363432636633376266376536313262363834
34643535353836373766306130666264636132376633353931323838346638343334343264323966
33366538393364336232303134313138626564303164303465646133323938313237613837333436
65373232363531663035323636336265663737373339623039616130333961633930633862343735
32373332643337666638373831343334656564613461313562643030656137366538333561356139
66373832376232653636393039363133383866656234303564353830663933353131386435373731
37393930326533396132383862333739633830323463663933343730666336346435626232653833
63633732633730616332363366393839363031636431393462353766613637376561623464303262
33346161353164373236313633316639353733643435373866373238656333643762316336643839
31396665356536313538343635386465393935313137323661633136313038316463313932356638
38666162363662353632323837643534343030336661373639356334616236333138663432383237
61666163663739383063323736396532316235356131323335623765636661313765393435343334
34326330356566343330363262333837303161623435363337386366386639653736363161643361
66346463633238323931383462336239373230653065633539616432623432366331333833656331
32346438346162353538373161343633393334353536653030393762346530353433656230333765
62633764313434613338373832363835326364656562393030636263333531636636343162626663
66393633653235613031366661313763353361316635366539656266336665643565616364323261
38626435613261306163303861336434343362383064343135623635336530373462613739623330
30643736396335333663623164633731663737363165333136643333363134633633353666653735
63653039666232303664643239346565653236306238313339656333353933393762353166613861
64323831373036616338363963613638383538306662613430633630626466356234633661306665
64653332333832613138376438323562323164623036326637346163653036643837346164396537
34663835376431336666376239376261663862623831366430323734633665346161633564333761
33386437656434346133316231313439663466656462373663656335396138653330356366656334
35373061653730363061393833643137323166333965303236393534643163646634646431326266
37653261303130643737343164333638336563636438373132643562663031653061646639313462
35633039353432346265643264343237663038366339306230663736336666373731343763393139
34666563623238313362363964383431396161356265663961663531666163626563373236313130
32633132653637353437656465306334376565373536653631386434353039636434643762363130
33353633393231393931376564653330353963353034376635346561363236663632376365613638
64663836366361363932366564326461383763396134396264366631636166636133393265313537
66326561323265653238346161643930303034323931373332646337666432383663353030333461
39376239366565613133616432336435346639666131643732323134326331656262303430356538
34373063356564303536313930663666646563623239623065323863313135386234376262313330
64393266373037393335653434616361303638653364303537386339646264323034313466613832
39376630613233376439663239313430326664316431666462363065666565323936353362336564
34363761613630613739323563663837666561363134623330643831373632353565363961393661
64633630323730316662316235383066363038333131353530303634363431396232336236306561
64353938306539656139633363653638326165356632353435616661313061346535613662313539
34373133656130303835633164363662326465326534396139333763383962326464346637653732
31663263646536346330303738386133306635303738653833383465323531303630323932663934
36653733616132386332613337303432353335356435303235613432626431366436656433626630
39616361366337353338326138393236373631393734616639363366616637626264333938336135
37333861643833656334373539333039626161663231643638313065343061616462663265633536
34343665323562393433306237396430393835393761366131323636356265623136613134346330
63356633343461386431303262626136386261373765633763643763373564383930663265323538
65656539613439616334643433333934636137333832633365656139356661663430663464666332
37396561396231326639616164343433316661316234323234336330343661656565323730643735
34363561316639386263623765333839336130396463393137326433306637653562316137346330
35626434313631353434653431353131303130636437343634343363326665633538333435323362
33303566303737613066366434366438656236376663383466626232333231653866663566383766
63643063613065643863386162646563376162653163333336333235366365373361376230396263
66363236623965306338343135316263656137306630383834313062393436366634646164643365
31636361343362386461633664303230656562353234376234353434653161636162363364376233
66323738333631636538643162646461656130383463336636336335643165303235626431613635
39323931316433373734306432326139626535643766353831643532363636366433343633303936
33363632666533383035313032623232313633653235386466666130633262643638616166313862
35333465633564626363666466653233666563343861366337383365653062626635386338356262
33376535636266323733343364646133626532663161303839633861376464386163363266383663
62313334303064326262636566396361316132393837613630353262333264333762353262333737
33363864643031613733313161346139323332363663333832393938663732303837613131353037
30373766393239653431396334353036663634366233376363326466623039663565323739313531
37366132643738333635633538306163353732346165303230323632656136633339623033363465
63313964636534373762363032616238363331366566636133626436323463383561366261653135
32653362633032373532336362383936303538383832636437616261316461633261656365366530
62656262353363366538316462356164613335663061316265356266316466653061613762346235
64353735363738343338313735656239396634346236616364653935303464623338646534333765
37623634316661356636643930656463363366346532613835396137373336613733633530396233
39346232383465313331613539663364346637616536633439303634333662656336613166646633
39393366326161303166363730366161333233343437383132343830373362663230356434346235
39373565653437666663663765313834623163626439333239646432356163333734343530353465
34333137623336313162323763663430313536386633666332363433386463636332323639653836
65653334346431613761633137393931343131346337366537396536306362353231313163666537
33383833363437366531643438346331366234646137373539316162336564616666613961383763
65386431353037646439393463383434646466643666326232353430343531313138663436613238
66386266326537643064333163323038333832316338333737356139346265643035333737313661
64323130326165656535316636316135303734633132643465396339373939373036306639376231
36326633326131323632303066613931643861366232336532316630626565666563356531636166
32663635396334656362303830366130636638326530623361373461303033663332303063373130
64366162346436613966663434346264343233303537663134633533646165383030323430383836
65376532316538373565366130646632646531356232383862386133643334386530386534363534
63343264396231643165386231623033633432393138373931373732623661616662633838306330
61633939633630646133636430346330613163376437343730636265323737623937353563613536
62383966316361636637623532323738366134613861346638396436653535666364613130363161
30356339356266356164383236353962666662303962316230333737353564323339613239386434
61373665643631643964656166373739326434626164396539636133373436623864363964333138
36323061306232316464646337376336396536363037626139316366373232383063653964323661
38366563343238343130663139356538313766396531336339326263316134306361666364616465
64383865323961643663313564643261313966353066393663643937613731613730643663623235
66323436363937653030653563656666316464303266323831316263663836323835636438376630
38373934636433326665393434393637316465383335303361396266343361343766366138376138
37303232313338393535633335353532626337313139356237306533313965323737666361336464
38633132666264343566323266356430376539643366643232343331633334626533323161613537
31666633353133616366653031356532303566656335383138376238343036353032353530653438
61343363333330643337356362336639626366303834656237383331643131643039313233303863
38613632366632363461616265373163376135643133666439313131326234346261333133633863
31303065376536653531393963353634613239353835386437363231323463313435623961396361
34656331343463343565373965346630373437333939616166323537303539306237373465623133
37313034336662383636643331316431363434373832376532336566363162346333353930313539
64613930623231346431653937653038343233616365343338343731376533306238323365396463
63376335363333363730636432316462343765616138346665306534386334656361343730633130
32333439313561623365346338323835643035386261396161323063396463303334383035353133
39373463383430623831326631386234623235613632316335393231356466353331303635663762
30613539363632663565303936393933633264663763616162653463353531383432323363643665
64366638356662623530623836386235656564363734346436383461386235316163396133333534
32346164353539643664383430653938326331346366303838346338656134353838616630616264
35643631383436366132323763353866643930353232303935313235636165616161323131663131
66666532336663396463623837333366356166313433636262633234383664623261313465333563
32313061353937363965343339363365613831393231393335353231306331353139613430396165
32613436333064366339313032656430643430623831383863613333343334383931323335353130
66636238663162306264393363623963636365666238393936373664396661363263613132336664
34626638633163333865323030313638393432646364626131646631343239383033333732623061
39353066613466666165653132663932373262376539343136323830643663373966376465323466
33393332646134363562653934383239643039333566373734393263656338636331666662646365
36356662643734336132346239623534663564666162393262386130643166333063343662643130
37343664366664623731343431643663616138316630643638666636373430663362363436306133
30333532303734343964663366366535613464613962393334313866623162626638646364383135
35316266396663356635633061666238326338333237663531666266373236333036646537626231
36653634616463643061663235316462663161666433653831383232633032316663343238393334
37313535623930373031623737633861656261343537336636613337313931323833623939333234
61666237323635616231396535623930363239326231313266396533643130373830336666313932
39333263303936336136343437323665646635303031313863396430383334393933383036383766
32363535316231343830656666653265623661386664346136386637663461393666626163323163
33346666623533326265346562373664363738623737333334653066326632353132333030303165
38383637383863613463316135663230366563363939653563383738333263303033303938316338
65353134343833656263346662303339643066393666666436393234346463623234393862646433
63323138333939633836623534313839393665663466363930633939656135626164633562383830
63346130633366316562626166616261363765396465616537366461336266343635616164333330
32653066666662363333656135623733336232616663663030353436333963383661623364333230
33643434636631366638353738613162623965323335386633313236663634613939386564646166
39383636353132396431346663316634656434613539323063376131363265333835346538383865
30663934373966383265383237323730363732346330376365656362336365336536613936643039
64353965313164346365643362363735353362383838333630306665313631646338363663343834
38663132636236666363633934386337343066353337376436333834326437656638323330373736
64363239353431626163356134623664663235383232363135626265303634373731663464643462
35333235393864653462323331353461393233393265613338336232333035643834373261616666
34656663616438656166323739373130346435653261376361656438363261666636333462306238
31613366343933623132323734366162653939646662643665393234626531396439373365313565
38613031366433666264306163313636356264386339383937623461393663613462393831616361
30373766373537663939396239313730363230656634646536313933316230303331666537303361
39346564373063376632303632666137663862663762633533613438393238393465316136393465
33613464346538623736313163363033633661653366393932653532633131323362376464636335
61643832666338383534346164313130353339346463636239366263366236383738346337373262
66656435623737306564316461303630373661393932363565663462633262383466373330313730
34383836626637613239643537623339616462666330343932636632623966343436363336386163
39323932396339356537663761373039303366653837663331306339396662393733633735636465
37346638336261306366303632633434356532663335616430346161313333323865646564343035
65346237383337346664663637346663313937616135316430663461663837356462663365383732
64343435353439363534303735336562323331353463623134666663623530346635303961643136
33626630353561386236303238366233626336633964333564653330646266306633393461653366
63383332663737663739326638363163363164363562663662333933653461343231326437363064
63326663613736653030646264663966373230626261323664386165343530313033316235373932
62343233363662656339646237643636343864663664396335666438353862333631303833333637
62323738376634316435643037366332663463646164636436373562353236303266396363343335
35383538636162323565376133323566323839396431323130326139376364303562356262613730
36333466363738326334363633353862366261306333333963393136626338306162616535386538
61636336343739353533323030653233376233663064656661663436386362633064373038383234
31663835643536333164313538623031326137663137313138373865646636623261366333393333
39393537386132333739326637376633616431323938383735303835666364363431373538636161
39356236616136323733373035396263646636303864646135313162386262353535326163373232
33326464376263353862393765613566313661396138633865616436626663646439303436323062
65366665386430316362333230373535316336396233346461346431333833363563343861656639
32643134303165616439333939643563653435626461326631666432366565343565363766383937
35356333353631653537663666306562633962663035386138396236343837353138356664393430
65346433363661333431643835666237343830333038613831306562376362643332343262303031
62323230393136376162666139336437373032393661376133353064306231363661313133643139
39356563356565653864343161343636613261313432386139376239343233643565376134616535
38313865386564303637363038363164306535623161326430373632353261663738636539663137
38383736616463353134633734383238366434333332643030316137323636326463653165636637
61663839326539306561616265303936653133636263363936663634623333306237313431613438
33663430626131316431616336343639376632356663363730313333316339333164303634383930
64356362636239306532633565333361623432323734623039363464643663613633373539326162
66323232653032316537356666626265313765376465633966393661383065663538306236356265
36653034333037383363336562643933353830383239366130613361383834626163636664356435
32313865663263356161336433623139636231313533313961613533383865333062303736383132
63306331346564633937396266306635303234346266626436663132333830353565313464303632
32313839313230373137396430633934663133383330333430623039656632303863646464623565
31366336626562623265323731646238303762373937343532386535623931303962653266313664
34393733313539376263626464636135306331633361343866646531333662316138333231303431
31666339663163396466323234376537623534646563336336663064333934393835323962303135
36303662333361623433353764336532343237383761316234613231346439636136386239363639
63646464396565303562656439653038663737643465346161326163626461653736626532313431
30376563646263373235666166616461666264383433623439323137653130306434633035343366
30613937373536623734666164643039333661383962356539346332396562336439363536643765
65636132393836333765653032313565346361333361363766313562333335313336633035366538
34633631316639626531626363396336353931316131613639383936333964663766343133306336
36626530393466386534346131333763393762656661623033663138613466373734653439666465
38393438663330303031393037653830396562656539333366386264303131353262353130623166
65376431376334346636323865366335623439393038376231356234633636303435613937353538
61383431386330653262663337313037613161643537396663343633623532393935396332656337
32383030663133363062626337336630373735326563623133356230343761653762393466376633
32613539363838643464393263396238303864316530356566613162656364306230396565383164
36383738656164666337613837636636373363323730643536306234306437663761623936303835
32373930623361373836376362306132336464383534366536653935623364333864656335666533
63386364643636313831306434383062333637336436313038633231346461616362623063646465
30396132613765363035386165356361623437353833333433613539613836366330633763663361
37643461663334663437386430396664366532323030363263323631633964393236346166316564
34663462633431656334383564623566353438313130373166643266666237656536336661623161
63393966313237316232363963396535373230346562363635393338346332393236623962663935
62626335363163323165613933643865666439393036626537613166656534323635343462323361
36623838306230353764386565643936616534383234666665636364323232656566323965313132
63653239633063373630626531396236666230373261623030386561653738626438666166366632
32336235646262623235633462353964346162383239616630626431303639383564623439633231
32303763613131396366666437643231356165366234313137373936383962326330613132623931
33373931626531303262646263306131656334363437303566643638646533323763623331646561
63653839636565366531393330633265656639343462393333383530343834646633613037613261
66346666353663303838353737346336383630336662346666383463373731646634623935626434
30383131333861643262353462326464643835396138336134356564656336316433343133656666
65333430633438616233393665373765313534343262393435336463643264356236316333336136
32343938626161383332376433333738373238626661333539633065636331393164336432633464
30346132643933393333316332643261623638623165643633353163333065346563646136623636
65366134353734653231373562366463373332306363653734373661363634623665616262613165
34653832626663653363346339373462373834356532663264363630653437316131303465613064
33346666623564353233366239346163393036313334623633303432643337303537666332613264
35633336376238356534346436333735636234343861303834623766336135373966316264346630
66313161643131316135326165646266383035363033663833353831373265646364316666346637
66386636353337623732663835646139633761663833316439666534306631613139316162353932
36306333626436393665343564393664356330643936356563383030376439353231646363636533
34643562373630373132323031613361316437353032643561303333333235386237646465633433
63313639613465383638646334393238356437306337616330336533663962626233663364666466
38626164623237623565316432623230306532383534383435383462393639326364316661656465
37386432663765616561646238656265653438326430666661386163636565326438343238643039
31313636333237313961616664373132633038313532613464383861336662313538383536623962
30633063373863393432666437616364626137353732616236623537643162653738663364633665
38343032643165313839623639613862383235623766383064633633623930633065356366643266
65623532373564356535343232383437393932323237313061326335613063383964396666663362
37373863386133663237623061613333633132346436303362353134323263373164396134643463
35663661333838653932303137306363633563323865353962643630643765626563626433396337
33643731623835613464616365663064303435656235323334623431343066323237343535303037
65623464623561633732646365613464313332623065396131646665646330346462303337656138
61383230386535633365316362356665613864353162373237386138633231323530636235623465
39313730666165356235323433303439346564376566373539356638333135376534396565313264
66616232323038303066343866376662363632396164626135356131353631333030626665376230
64656234383561356130653337383139303233343335383336666432656261633331333161313939
66313433643138383435343464326465373335366637386131663639316233353662346233366136
39303438376431333633363036366435366634643736653530343730616530396230656363373566
65623034393037616635326264666532643564313261623531363933383663356536306466643033
35323732316365343238393966373636306336353836343034666335396435333232303434393665
65363537626165613438363135623364323164326130613937356661613133653532376537376266
32346361313535656464653865663064336665386539353331313032616636666561346165393232
61383036663966663437313834646533343964353031396134373462353731326633323763396663
31376330666237313239643861653333646534333661633838346161386632396633656438353534
66363532343964363031666632376566373431623231313931326233393033373465663831643236
64656362623037383833623262353762366339666264636637636338383937346631363066626661
32336565313830386662373839623034393033653237663530386266613766363333373436326435
37386665333538383266396638653065353930643039666239313233626665613930303533623339
34313130336438663832346432663037643234303166653765343865613163333964366233343232
65396533373336333463306330396238333763373162646638363737613237633661396362303139
38336463373234333661316161666334633939393333346336316630326531336135326263366235
65343935343664613230613838653837343231336131316466643530356637663730336436326635
61343264306139323630663837326438633663313733393932663635356537393930336636613932
30373934363733356339333031626531383262316437623831643132353561633738393834636439
62323036656564363461373535356634616664396633653436656336323134643636383239646261
30386665363330373063373939613530633938393633353739626331343864373731393734303937
30303163643638613330336265306466646634616436393532666261353038626632373038366334
30323235373230306261306330386331393638343566343638346539653235663263656138386534
62343033663930343763663764366665653236653530646335653439386566306661653961303134
36376365326639666130663666316530663431373262643530303238306461326632373139623234
64366631303662373234306564643939343337373661366636343139656266373438376135653062
32616334636632316339616238316438363636373132333236303238376237633638336361366165
33373432383136323264326534666462626366633561333261666662613761376164373963613934
65313337353863656465383436336239636538613562623165303834646230343963633365623830
65646537666364366438386233303935393735323334363363323438303638333162643636613361
62306433383439323163636336623234386337663366346639393765363939303035326135363337
33346636326433383635386638373632316461623061303263646330376263333034643732316366
30333239646430343033373536623234383531363930623461353861333534643437613638373733
36666139333135656239376333636238363335613534666532663931613565383132313064393631
66313234366339383438613135306666666338323936323537343938666565396331393539383965
66383765613136386337303732643966346235616466396235336633643066643234373165336264
38616166366534303330643364333863353836633530616231336466366532633534396334366333
61343338333162623639623436613266616365323532393438386563393066626562373637346430
32613261323235303864663665353065326362666265336531373631333537646664303438306434
37386334386632303662646130333639356433336632363464363438633333323031653166336138
31323266323466633365303637313235303261303830636361623030356139626439656230323239
31636239616439643865363339646530393730356633333966346365386563663165373966666433
61303731336430623137393236626332333234653031346332386538386431343861363265356332
39313966333730316634666532376530303465643865663737316365383136353563656362366633
64613239616539613634666431613462623264623337333830366166343535386131613862623334
61386439306236343938303666626438623766393433316337383763646466653261646163623164
30623830313032616536343733623437353230356166306435346362343330343563393665343837
65373236363931313638313636383230393961383336386135653537393339646335363161613931
38623564333961363064393562366337313338366138636633613334343234363663623433316432
38363539316632616336646238613966336436333532383166653761303738323461333239363533
64336630396664336663376637666464383232396462363563316231626235343061373534616332
38643738653034646538306465383761363138333862613031343538306364393364343131316664
61356136343931333163616162393666633463353861313062356366616234356237363237303431
32383163616131386639616134646637333236343365303130353737336361623937376537333038
30323734343833356266343735333035356336343338613338343031366565383736333138366531
38366166623333346635356163663765303132306363343862336265353637313231336462643064
33303435383630623633303435623031626636383866393534333539613630646135613163313564
32383366366233333332393231663461353739613839613538646539653666316461386461646530
64653931386538323132623263383937653939383438373030333030326165393537313639333564
61646434306534663633383537383032363763623565353561353132663533303264353330356265
31653834346637323463376666386566646365303661366334373336303630386437306132613165
63383664303837633065633836666466313034353031643534636162306531343163313963663533
38356231613563386465383531643664623739376530623733626165653362373231363566373132
32643961313433336633323739363430333139303138653935616363613935633066343263653636
35393034333632303335626238326339626238336339613862633639613637383433616239343661
34623031646539366539366562623731346433353934333635613435373432666137383037323935
38383638663333633765666462353965376138363734386337613266396436343062323031366234
31323230656566326264343563376166306666363561623030336137303436643332636230323433
30333237643237636631633538623865306132313364656161313334393032653933323838653938
37313430646164626664353936306265393737666137663239373839336164623563386139353137
37383835363532326263393561643466376531383837626362386663383031343830643433643030
31386437353936323839373330633138373262666663366134363462373335656639653530366633
36363834666566363637376532626432303066613332306137383962353464363137393131303835
65613836613038373036336230633333366465646539393033316162336138393166623930666237
37306662336639643030343239396336353538323436646237616165313830303963656230343732
64376135613634633434346164633435386434656230636633663566623134316662663935663863
33303362313265643538653761626632333764306230626336623436613637613563393933646231
37376666336232333435343833656532376630343566303735333339306131383438616366653661
35666233616661643939346538373963306334376337633335333764333966343239613862643564
30653839393332613463666663613136373662313433343964383335663234633630353039636534
66346636353730613765633631616635646130633263636534646434643235343539353234323233
37623131363664636634303263653237303134303836623135623130656336636465303536393366
34356232333532363666386233613966393162633835373061366466663566363538353837346564
64383034346231326137316338326437356166626265663137396530613933373938363832666232
37303933306263396364366131633336346433396662383537383239333631343366636439353630
32306563613761643933353765363736316461643261616533326362353033313566366237346537
63363939666264643162383236363239376365363630636638373836316238383932333838383536
33323765633232643634396538643465313261306437326162343337353634343534366433363239
30363730323063663531643063313066333133316130616337393039663632613261666336613337
37303439393032346462626535663663613536323030633239393365656564353461663334303030
36306537626235666362316164613139373362383734346231343337636136666539383637303335
39643031366336346163636137383832633132646131623634383239306462363934323834316266
39653763313439653466373462626661626563623465643832663536376631343034333139613536
31353533393333396136653563633663633338666530663434373964386564666133393130333762
38613438313730623139656161373662396361643961333131333138326361383866353739376565
61346636363430616633613334326662386534666534326538653732636561306635306364626462
32623132643034366438356439623866333134316461643463333966626266366434356338393032
31636431396232363862323537343766626463316139343865383063313565626331646533643763
34313739613766643765373336373561356339643438333266363333353438313133363132343431
38663261636430663838663563333063626262626465393739356437313335623037373063653364
37343764393730393962363132336331333335373935623438663163303961336434663735396334
63363462383230303236633363396236616261653538303931323037633364306564636364323962
38373565666366346232636332356332323836353736646661326634326664663862643134316262
30613338343163616130663433386565323633636636643162356332666665316530323564386239
64313663376661656131376666666466373865343132653830666264396437383238653232326362
61663538643634636233363430383165363034613439383061356131313565363165363238303061
64613562396139306438356432333837313930616561386264666632623662353866336363306266
64663137633265306532393734303334363133396462306363363930653932636562623631633037
65386265363465366435366365643262646632656537646139383231666239656236663463313262
35663765363262646362336436643463326161396534613935343539346135316339383664303932
65646539386233333365393865386231656266356330376464633361636536386563643963666337
32373261356633336433396632653166346262623532336432663538633039313761356163653135
35316430613935656162653964336133333339323434303839626532333539303036646337343239
30363932346231643334326137346235633962613938303134656565323435633835306265623664
64663734386164353465386533376338303764363532373638633335356661373564636637303662
63623234373631343832613261313065383733633132343931323138363032303662666331313731
39356162346234373039383634636334303033623533353538363332643235366131353131333739
33633637313134623664303031393330323832643633373937616530646139326565633035373264
33323665626438623165383932643632373232393635653065613237643538323262646231373261
65383331386333663935663636383035333664646234656637366133353230376263636562633436
66326263303239313264363564363361653435616163386637303765646131303633646135656539
62386435633938643865356161366237633833613766313535616538333032356263643637666334
66616230343165376665646365306138636564383236313633663839393733353562343862396137
33316635633639343662643832653832653138653037656537356137333061623030663636623932
64363537376330376566636435306534303466623837386464666530303730333731346332623839
39623638643431393232303261336666363366643361306565656266313533306635343036616666
37653764383437333131666132393432633861363761643363383136663432336366333661633533
61323661616264343634636361333830653764633163336233353163313937653062323763393238
36313238653565373166666436646564326333663833303730383639383463306465356433313861
37616366616637626162333937366531313132333139353735626338373132336237313963303761
32393062356332343263376138643165313932336437366336386630333832653330366361633137
33363634376233303031353566633363623235653265623130613536356563663865626438656137
39386137306237383037393732373633386235666136363662373138653431623837623632656261
32633039316262363939623233393165393161613437356463353066356531333031646135353531
62323734346336396162373039356361323861313063323661636134353134343330393935663230
65333761303336333030323630633262366533316438353239373137353730386665333033353930
65636465383031393334386233383163323232346330613237313736373133376431663634326139
32393032633363636266313233646262396637336334316361633262326431323135306333663266
31613530326139353965343138383533363166336564373238313961373561656362336132336634
30303836623563383962396562613737656464356265353065363761643838636334653965393465
32313932306632643237666238363637363861643538646666653834386266333232303933326130
32646163663238316538643639616130656663633634663834656338346162666165623839333539
63393336386635613935636266636639326532353362383436323739393134343637386138633562
33306134636339653637326132396631373335303334396637376437666534616265373661366230
64343136353636323537626236616637313239363934383436326162633962356561656664363164
32363531663666306437386234333065646538653939633263363330633639363435646666353439
61336437356231333062333739326432343438623232373762383738666434343264623236333434
62333265383362353038303539363730333263336630313835623361663033633064346332653731
35346132353533313461623934393132656435623935656437313831623439383134626562313238
65333030386433613661363634643738656234343635653032633637303635316433656636393737
62306235363137323237386162623766346465396661633038636162663530643836386364643231
38346162326138386365393639323764313534316666383864396338303963313635373331366561
62396264356631333136346163363938373837373039383663616638363866633534623231313065
61663534316165363165356232393762343433666166363866373165366236386463356636346130
31386664303761643365613937636364366363626333373161633435356339343638383561356637
34363934353766646332653338383935653965316262343934333139316539633264653839373737
65616566363736666230316164313038343532363461653237353035323839633031653936333865
36313934643366636338393734643264613661373165626461343632376630623335613330373161
33323463343463373837356563303762383035623732383166643233383434653235663130373565
66623030613063646331366334333161343630306166613665653965363233373634343232613534
37356231333739386338653636656338366639613139626466623333363332636332646364333539
38616365623565393061396238313765396662393838376238386331333631663533366536666463
32633165613038393039356265336235343164323364626564626166323633376565313036663964
36313638383138613035326231326266656532663731393330656236643339303133346563316635
66626530623933396631313366353135653839353066623165656664396436643030646537613936
33383661366339643062386434313265316264376662633738636161636362336131653337313364
32343139336636616139356165363730383039633636633236626634323163333036366562663564
64336431313866346232623763306135303562336161323232633263616232316231383765353536
62346137386636643364656530303335663036646438643162333134303636306136316261613431
32636164336466643165613735326664316439646535663737316538663334663535613839363934
32353030643462653063376462643933663836646230313261316134346135303564663262353834
33386262386137303433323037393764306336316533656237353939626130373065323964353935
35383839626635343539363531633430323166363536303335326264363530373534653139303665
32653265656334353562373763653536396636336639393631383139396433623134666363636533
31636165303732383261353865373564333132393438333135663564373033613035633962623034
62356431303534356435313635613537376263376533356331393461663934316265383761666134
63323934636163373064653931353037373261306331633130303666333430353837643362636338
63323531333830323363343738626136386132353836613336393961616532373434653964656339
38643532373138313034323733386562616437383035336261373762373739373964303239616432
34343630633632393531646434383866646562623661343139613232326533653363353136666139
66393937633334663737663236643536343638383935663766663163376538303339306430356566
35613331633036373462366465646561643137306430333635383036303562303862633163353430
36363438346466316234636337333934386231313535383831666533393439323063353262353035
32356236376430323934346163326163373238393566373039653361396632363566656561366330
36363439356135326364323864386365326334373438623032383732316664663037363439353936
35386439616462366466383464626639646330323030656434633938386665386632333035613734
32333333336636636336663232393461663831343038393338373232623265366261616335646238
37616531346134363561356535353662363735326433636539313932353838333434346139613462
33346662326231373937616634303134333338366563376261336536333138636466386438353931
36393136383437303961336362646237663932643439303732393762303137633862373830626662
32316339303862623934333363616163343535373666313736653237393161616434393131353438
34343865623133383365343364636333343830333439613436666662373661366139346366356139
36626439633164336230666232663762653630386138343862663239393863633237383563323635
63396235343963653162663534373433363237613231323332363634306338666338323238313932
66663139616336303431383863663736356332313631343637313631613336363265623133653435
36353839363736376137616131613832633064396163656635306466653237376661613537333135
33616439663036363166363938323237663163316135636665393064653930313637616338383139
62613065643131393137623666336239303165306364643631396134646366383632643462356163
62353264383433633632303466373233313761623765643732656266376338633636646162373638
64623235666439663035363061613562643532656434353437353136376233656236366566353937
63383666613963343363666264313837343263366633656132356538353062663737666234343966
63306333623736626563383534633566393861396661623666643337383434636635316338396130
65303636373364643864353637643162386430343161386534333338363066666666353635636664
33333832623230373264386463643738343038613439663239393434613031366364646430326561
35306530626336663163366636343865393338636338613161616136653338356130636237303739
65656162343034393563656437653334313432636632303936613064336535373432636333623338
65383135363163646365373836643964306434653865333638303531323132313162373661386361
63386430383935363338333636653836663639643261386566396461376265346337643064626364
35663063323964313831376135623936653632666533373764326433373166386531623064633361
61373361386361316334623433633938653530626336323930383866643032356634326565613631
39343839623033373034633632326130653464643661323935623161613730613163373063333565
66656463643366366165646231613636616439306639346164623538643862633962613738346261
66323034353832303131386563613230323831396665666633646133373162313065373663343932
63643466653161663133316133303833336662366536313866653365613830333363636462396231
34383765633531633461396639343361333965653764326236666662323639613765373836303032
66366636336536303833656338396332376336393730643333326430386461343036306463343636
65326162316238623262313334396462343262376332396137393465383261633964613864646239
62613335626135303761393337393737306132653233396366633365373133343038643430373362
35363665383865653130353064633036663533363162343866363662316664386164386637366332
66366361663363646338623238323438316432643762306337343662656537643164303462626362
63653038626131616431393931313463336330313439353831393961663933613430666130353738
62643531616134646637663935616165643664363864636563306230366662313937626139366639
30636338663938643564313866656137663962383736623164613939626634326632336638323566
36613639633061386462393437336333666334613434666564643364383234366237363661376162
64616431656232383234343330666235653366653832613666613431333862386564626536653465
32663766346438636636326139363032633961663365333833643564376433366463363738316335
37636333323164393664343964353031653065366563383866386263343635323264633061666439
61393633663030363461313863633766376633616633633838313331646231393966396434323533
66643830643537353662366433616265376265376262323064316665336530363735386364633965
62316363646661366563366332373934373438393463643836353265363632623637346135303334
35383764666537313238393636303333646133353130646332336163623263306236316431353966
66396461616162333237656134333930373366663061626232646263376136663537323533366261
37313433333630363163636562623965666537643134346365613036626332643537303331346362
32626664326234633738303533663763623830656666323431623732666565386633633130613765
30663664663866373534373363303235616564346566393566633764356334386234613766643737
38643935633836343665396462373736633864343562353136633637306633613964646138613932
61663634646363353930343764663631303839356335636431373637376335313833393565633838
64613764396334366130626531626334643265396363393537333432303562383962363966366563
61336462346133353830626637326637613837383765313533643236346366326337636562646233
62363939386562333536653361313935313366376435326335643430383239373438393465646333
37646534323630373461333139666239663835316433663531383035333438616434366536363939
38336535336331343365633262666434616465356131353464643232346465373333353033623261
66303664343962323163666334306463366437646233383531313931343966306561326133656365
33656133366433396338633663643865636261333431323464363764316631346139386433316262
34393535333966353163386630656335346433316462646538373931613530646261633263646163
39313666306630336362626436663463343966323438666531353463386362666665386364623366
63336563346561616130393835306532356538396564663736326634366234333639323535373733
34626430333866346365663666326165643561346631396331326365656333343730396633366333
35343463313233396433646365343035616131643561393530636333373731333765316432646132
39623966303737663262383639396561323361313632396437323735643865373565323137663330
66343531363461303763306339336239653632303330396365613362616661316533653263663735
31656261643430376136326461643863613135346561376138333538613934653436373233306239
62613232333163373339373132393834316135633264653731396531386364636561326362613336
39373866396261313337333036623830616638323338393734636138623561353937336435383830
66353663656431616234393038626463303332633837363333343430353630326462383665643066
38653036616231616166396437626537613132643766333862393132343933333037386130333332
31333233343761313464646462303033366130306139626365323766353165326539666665386161
32306333656166633538346238623866643731376431343632666536333966333031633063643539
64326634643031646266316230383865663036333764373562653533383666326164313430363962
37623261326139646336353837623862363336303866643561343865653066626433313163396230
63373432623939393137343430633561653839376233626466613765363830613332343463356136
66343963663436383064346431626361363834346333313236656133396436643631393137326661
35373731663761356132333338643365396465386162333061356131373738316465353330656334
33343737323365646533613433616333623163333439303966663562306531343533303966336435
64663932633130303231383738383636306431376435626135323834376439663734363364633738
38353635386634313837623839333764636133623930316263326330636464663831336537323836
30623930653662363861366661316238363731613564376238656266613631343364646261323335
34616535313737363932346235643735613361663837313135616631343334343134366666626361
66383733646666643638316430323663623935653431646333353230306464373833366236666237
64643661653339313231323934383164373038666537616561376265626561646463666366653231
32666336393530363134646661623030613432333632323731633732653332633163346131373162
64653032373035393131366134326561663465386138303436633761386231656138663331393235
66353165646633343831316433613166363230373064353432323439363661393564643930663332
66656266313435333931326538393466383032666539383565393230346132656435373231623432
61376534666533363266396431343232616437373163346164303061316433343836323135323662
65636335373534303936343433663939366535383663353130653539333661613539626235653432
61383963326233396466663530623835303635616338353666373433363534623032303435633162
38333739363138626237376364326332333038313032613034666238623563376565633837356339
30363339356339303362613134376562303665343337663134366266366530646161633332313031
36373430303338306230336132623163313765303834636136643735623264396336393631386266
35643639303732323365333830646361613635326235333565316666356166646562386130313662
33616134356465646631393065313563323338656664653863356330373962616636393566326330
30353430323261623735346634383361633030613862323037316234643938343966306666303165
34616138653363626338343331623534396437303066376334343330353937303730386635356666
65363238643464386535323931373466653566353265643438623637303835633535356334313732
66343236393265633736326264386231336331383666623565616566373066356262653536376638
37343564653430653666373463313832633561616662666161646236303235356234396434626437
32613937363635323966386334386535363832306334343065373036626265336264386632643837
61653036323737363937353565326331643633323930613637373137386161323663393866656238
64343831386462643834653839636662333431366435343832343562666563653662653464346365
62653537393666653134383366313665343763336663326162653039306162393532613964316539
30393638346134643461343331633662666234306434623733346563306564346137396635303261
64343036343933646661383066613832653532373137306136383130386134306438393566636634
61333931396564323832623830666437303133636537383730663839303133613339363264653136
31346333366335346162323831343632306634376266656235616139366633666134373039356433
34333363323032346434326131353934613836643130306562376636393461363331373032383136
35303963393636616466393030356332636563366263303030663639613233663439633865356638
61303363363235373539353362663533363031613461343962366233643832396439376539326664
30316363636466663763356232666464326634623065616132353733633836396463653034656463
32663132326539636131313163643131656166656438356338373539646333633935326438656336
63656538333339646335303361623236643962343761363261346632336662326237616439323962
37353139373064303238383166366138313630363238393135373234373361306131396539646635
35646163326139313462376161346237386364613334323538333730343537373130633631373330
64653961633032323138616137633937323935373335333435353131643237666639326434633432
61396634303966326537303031306436653862373037646537326139373937323138643632643932
30633938613133616632613631656234633236393465643733333133623438333864326164623933
66346634363232643935336365653736316161633065346362663237306334656565383565353666
34623133613331663064633633633461643338656537623163356466313035666566366138333835
34353339386166393163663233643933373166646133663364633734376137653661353638333565
32356232623764613037616139373361376135333738383832376561653833653531373630383336
61303338303635616661363664376234383734393939613233633835383566653135653135323335
38653335343561653532333437643236663164633337343937326230353036653135356166646632
63373637323664336639346237373964373961323434333734323936386532653530386234613961
61653338353339393134323032373736656166363431653731626534383132666233373761373164
63383961303463623937336163316564666363316539316566393463313532303239363833653064
61623633613366623334386139656265313331373137656263346536646438646464613062653434
37306461376364386264333961656563336434313135613635373065326432663539636164353763
65323638373264303966313833393166616362626363663337386638343461653334376236363330
64643362643563623331333332636266613461323261633763363535366236366139393831353361
36633862396636613365346665326336636633643930633863316332613538643037363964643232
36613963626435353761383939663139363231643562346664363466336532373861653033303337
30643430666662666137366635663639303661363832363235336237323333386635626233363837
64613064643361346331653939623037396264393039366361376439636465313861643462656333
31623530626565613363386330323166636132386332353936313865616666653165353637633361
38613932343034623935663361313935616535373637336338643065396239323131656535333466
34343734346364316666313233366664386238386135633162383436643561613232613630333836
65323937666433333839346135613837366263303562643336343437333834316238303861613034
32633262353063656564616233613830636636336238616332353333633138373633363830623232
33663531313833346265323533353663366233343335386630663231363030656261363730623865
32396439346538303064353664396265386437633261366235626433356433613463643464613634
35313036313462323165613937616435363637383634306565636131313561396266303466353337
65303432343031303164646636643264636533363839363361656433643261653734653331653333
31383930623535623963323961623232313235326164313166336232313366343164303961306265
65643934636133613637336631303463336131656337386138383866303762393439343738633838
37623338393864613566643931363965623933353638613830653563636438303533306435373466
62663462326239663038663438383365306663363763313932393461366433343464353965326539
61613366633931366138346562383962346432316566646235343736343230323033303830386235
66313564386165656136316131323633396433306463316138643231333436636361323532663333
33333531666361616132343239363932623830303332623034613436353762373335376266626139
65646435653232363966646338336531626330303866633933653530303630333636363939333766
62646232343833346432393162643531303430363034393065656637363662623731353663303138
61663835313937333830613163313134383264633561316665663938616534326439646538656336
63373035643039646161333832623061373335336139383966306461376364623366353333333031
37623730656538313031346362623063633433646435666237346538653835656466623636356636
32373533303733366230396361326135383636613639326165336235636161313265363032363461
38653863393963643466323133356139333737656461323539323130303835313231633265366331
36613536626165613935313036353132373232646662306138376536646137373562363464343638
30633137633134353564653862393462316537383663313063623465386663653637383866343235
31626232623235633739386539393436383537316534396533343232363661366633636637306362
30656337343633653035346463366561336361663733363834636237386138376265336539613164
63353935323265663739666432643834363730633466306139666430343333396231663832363035
37396138666234383237373165333633643639663035366466616266303264323839313264666439
33623663383361353636313332366630393735346630623165663139643239316633303333363933
31306261616163333365393639316135663438326662633934656361316235616161336561646663
32636666616666393332393631373534636562323436353334666130646535636366303539663133
62333064373334323739376332366662373839663462343766303337393634353431663034636235
38633165343232313732376464623635343331356663646161316432316564323862333966373466
66353361373233653063303461613339643837616439643864663265353138373134633335616161
30623239653962323364656439633562326330613564353865346238343962323837616330363632
32636431356537366636366364346166333334346230316538613664366538366437376462356364
64643939386665316462653664343936623866343835366134663034373561626632326430393362
66613338333665636439626633313665323238303266323763666431623762336162633365626237
62666231346130643966623236326338346333613234363331333161363663393333333637643833
31303234336538303033373935386235343133383061383538623435313037303730386238363738
61383964623065363738346131393838626238356432623837316239386363626231623238353661
35343533316362396261633165653566383566303438373733306234333762383135643266636663
38326162316638626132336532376139303962626531353966353362383330353638663461623535
39383837353964303332656565323166323935656532663431656461346563326639313131393538
35326264623436643462396233366664333636383264663565643930613763343465613832613337
35313536373139333532363561656531663763653032313263656664343639623134373331656163
30663430343338653865636534613836363537303362633237656639313333646132393363633933
64303063643466666264616437353833613261316536396563346338643733323939663064363561
34313131623235313565306562646366326537386338393837346330373366376630623734393961
64326437383962663536323038616433663831393235386537376131366666633139383633636234
66356336393635353837626237623330663937353166333434313536343032356630653633333363
32666362343638343964353761623732643362343162316331316338303334393161393933333433
64623738663838643565623438326437633938333838373239393034383139663838363162666463
65316230393435623161643464316335333330613265663063353030653364333336343038303334
31343566393536653337366135643162353365613639656533616236656664343166336165333465
65376539323065333835373230643734366430343434336265313133313662316636666138393831
63623335626333313634343466323839646566663735363862343631323763353239626332386465
32643362363334373864366335336335643636373535386333623535613765663337633033643332
37373261376534386238336633313863636662646664383735623334653165356231343935336265
35343861666437353139616134626561313334636432353135353639383634363233623935313364
37363862636365353934333137313264376566353163636563396664623536353763356664613639
62326232316263383338393634343062333939333863323635646637633264323366666165643832
64636131343833656539666161663635633562326634373536393235316364613335616237633638
36393937633331376466336562346232366139356266626364373234306264313939356132613766
33373366333233646539316165326139633864393634326262633231303561633764363965393334
63313663323130613034633036393533303438366264393537653230333136396430633434636135
63616236623533626162336634653230333063393838663131373664303239376462326161376532
39653937613438336239353535376162356231383333393932656364643934343833646365366336
32623832323237333030353631306339323135373339336666633665366639663630343237353234
65653763313833643438333764623161666538613734653362326138396639316233663434356662
33616564666261396534653364653730653636343637656561383235663165623733343837353765
65623936333535346537643130613763306239663230386266353937663662646339393933666634
61393236303135373864383030313037353935623631376538313065656165646131646465336261
64616130356639633436363965663461366639656635613030626139633363396338643636346137
32636561666564623061383063613961633161636235333431643738313465396531386635336438
35316465326466623432616163376363346236326336643165373039386236626166396137653064
61356436316432623365366461303462303762366165373861643163643861353338653563346362
38356232323261633761623034346537376332393832663433353638366539303966353039663030
64386630663564303061313366343533383231363865333462343631616538323865386231643964
35653233666332633036343937373366386665343232313934633864393330663162636633383862
65663236326561386430326437643033343166663062623566626363643538353935313563393238
32613730623139363032306438346330366264323339346338626337333962646566333935326639
37656339363833393334623061363062666162643461613630616333363832303865366665343533
34393236373066323931363236343638333637383662306164366332633134393230646439373832
34626130393335353831323364623035636665363365303162616136353665396639356336393834
64346564643430656165353265396462316335613637353131626631636437643362303432366662
37393131303166343637643661363335316364653962393462623265326135636535323562616365
34326132656336376130303837663964336662366262346237613837316534373262363738393863
31306332646532306666306631633233663333313365646535336135643330336462376237636430
34376533313536323265623365653138393538343939666332383965353165316361653834643262
36336231363238363237326431306330346461366130343839633432656531333861613264376133
36366163656439636230366439346662336634323430323037346535393535333164363137623933
36333630626431366663626362396231363537363761646635653633393934366334336234626365
33393662356433343138383333643936653535333036376337376430623166616431663137343134
63663635346431313063343236393933333731666532363162303234326363343730396538616664
37386135386631353437663235353533613135386136326463316232313932633965346433343434
66346439383732663939363963643533613833646364313261623462383566376538363332656162
38363833613566313666383638626139663234386134366132396432383536353233653336396439
31363837333935643238383337323262363631626637393765383363616638623737373861303435
31373233383766393762653461383862376130633739343630336431313465306561336336386631
31383562323431343037616664353062346534653138343764356430316366353439633962373265
33393363376563326536646137396563303739653362356366653865356563633035306534656565
36353762643032623138646439306536346137666438336634326265613964353061323032303861
30306536343232366232663334303264376431306636356238626264363338326263323361646165
62643136376266626331326630313739316538363764626265613831386532353431336138376134
32383865616162646635313063643663653635323133316530656136313536323932333862663964
37333063643433336162343435353139396230326164643531356532393965366636363933326464
34356264393461376365653263353338313966333663383465636636313233336561343433326563
61643132353261373766303732303461383463313634343935616465393935663863643135633038
62633862363339626435306639376134636365323337373331663665666564343938636364643063
61306537373766633230636135353965356364353933356662653039366365323666356163393261
37326266393036366433323438666565363032313265356636313463663166623764393062303839
63633131643632336264336230383335363665633135333338373264383832363839343632393230
32313339336363313934666164323165623963663634363833343561383935336539656163646538
30306238303163393535656437386635313137373563346238656564393138393666393732613230
35346539303565656332353439346631323431663831336230393961656539653862306431303866
65386633363466646630373061343137383938376336343135336430313939373365356464306439
38373165626539323161353562313238653739353536653262333935316130616664346235383931
64363439316332316532663066633930633736656165313464393832336564396161303531373033
63353734323231656333383466633764643665336661366632323865663536353330303339373264
30353062643162343639636166633038616638613235346535643838373661616231396230336136
34333433646665636432393138383635326538653934323662636337623663653137333438346136
38353133343237343637323334353965613038633966336138303335306633393263646265633139
66346135663334356662303235376138313130643333656531323232633038373431343730336364
38363136643835326134313635633734356339356531323436303633333630646433646566643863
36373666356431353036616337363761316232353565626533313534353765386661343739303132
64303761383539373866376535336135636539356163666436383964353261313339373736613366
62326333366336386663666230376632613432323736383439366163306536626337623832616639
35363338623134313061373130666365353666646665636166346131356437643237663732646235
37663539623235643639666562636566616532363063333933343934326639366136323433663262
30383237323031313762313261636631633733633762616630616636376234323937346261323064
66303665643438653032616432646134366536663036613730623331646635643530383339623065
33336430373365326530646364313338653332313530613032383266373063336435646462653037
32306461326430653430613437633032363965353435353662353833376130306636363461626265
32363665363938356234363635346362303430383832636135373065323731333231323166663539
33336261313731633430633438613732393835366166343261316634346231306634386164343066
39616338613261323835633463633739383631613466633664313631626236333464316636616536
33363035613266346264653537333730333636363438646562333762336366323337343837326561
30653764663934323865663132663632323232376361336438373561353364383337313863393631
39353235393562626637653034326130613238366663306238626531653633646533366132343065
63636130656566386232663938343461633062353835303665303632643163643032663630333638
39666136306164313134363736623938363330643465613632323833383133616330643265363438
38376539633961646661366233613831303966353561353466333139306231323430663063666234
37303237653135613061373366386338636562396465663033646238306538646365333366646233
64653633383433323166636361636536303461393831396661353330386330613563663165326239
63396431643963343033616463373032663961393963383439376464306462346563623839316163
31643966613737653634343231666131313664333230303263383938323262613830663636333463
65353466663866353633363365626138353534316436663537333934313533373134636533303736
66313937353264313634366332343030643436666665376534396262613639663036326639653331
31663430373564363562316632653636653865663363366431643561373739616335613465323761
62363835373634643366656161393930616336663337383039306235346664366661306666666366
37656364393536353561646330623535333735636235333833366534326532303765356531316334
33363034323433323331323132633364613762663331363232653764306231366461653532326335
61653061353966653332373230373035353730386261353531656366623634313336336630613963
38653636653132623062386166343563333732393864346564666636323965633236383961353830
34623164363234316138646433386630393936663534613361616331663966636439316462393165
34383264366564633265343836623063306436353962376263323033663363353030633138643737
34393932343935333932383030666638646133333932393232383337653131363738363662333164
33326431373064316135303631663063333932623064313338653236336136363631353439346265
66393535663465393536346330323034643434613238376264396337646237396538393666393730
66376333656135396135343061393331333861616462316235393730346163346239313438616165
33343861346334613739313665343239613837313030646363366438353532343330623333373362
35353031383630613038636230633861373864396538653032383633646138393463306234623361
66336363626539353863643737346366376562653037613533333061663938393135383130303261
62336135306433616636633239356166373165636533346432656430323464356330353139363063
30653538363839643035653330363666356635343238646238646334653930653639323834663935
36326536373031643763373639643931363531653330316165633031653965343162303035323764
31343938616139623931376134396634623235653563363836636532316236356631653837653163
65613930656632383735343166323933623861346130393333343863613339386566353731643962
65666363656538653432643866633063633961613830363332656632336230313930393233623933
32643038306338353530363837333935383436313437613935366261343939396163363237353364
31343034373037643835643530653462336433333664336536613030366665646637636562663333
61386664363437623133303431313963343631396634666233666331393938313463643066626331
38653932616664613562356462616162313338386565316135666237303039343935353663663966
34646339333630663964343934396135646462643136326135363866326365643439356162366230
34613636376462643331376330383532386262346533386438303333323631613934326333656136
63393835653734383864373235623634326130313132393535393465646333626232316465363438
36646432343035653437343935313261633633633638323865366231653734643634313733613532
31313565373335396636633337323130363336306638343261633034333266393466306165666330
65666632623431643931616432363838666139326166323936306437393634373561333565646266
33386631323433323731373663663464653937316138343363636331383433313565343762373431
39626236663861393939313963313938646163383032376461333035306436666232613638363234
39323034633666613761663163323765613238363364393335343138333633376563333738633930
30323338663961633238663766396533366365613962363337663237656433326138653131376336
31333839633365323562616238366262303165396163396431343637306466396639396237303632
37626361313135646130633662363233373032663931646633333636643939633032663632323166
65656634616365383963333436366230396533656564613766623938623261313631633934363365
35623864663961343033356266396133393830626330346534393433393063306138653162623431
66313238633436346333396633643438333939623230656437353066313366636437333037323466
33313730636635393736643765613538373063643233303231326364346563333630316530613036
34326536353238663664623465303465356362633662303939346234356235393536626633313836
31616166303438353538303735333536333939356136353334336633646137666237666638383736
63613434633935633436343231613061336332633664343330376466396333306638303835313930
38333037633662393937353265383263356336326133623061643761623431313136393738383837
35626234306234333762346336323065343638623938623435613637386330663364643434303332
66363634303634383830323636353563653831383936366261353565346561663136656637646138
66663836633566316539643830373939666237626661366664323136633632376234393861356539
64383532643066323264376337653133633732356166363266393838646134396635366339346632
35623236316132323232306634643839373466373062663162363732656235393464613939653664
62393065383239333135303866373161646434323563636362643131653932336261343838303434
37326435333565616130333532383863386330663831363231383363626135333862666365353064
38636534313864613532666331396531343438393261356361303533656638306438353730323866
62376636643864333438376431656639343436663031303163366634613438373061666462303666
61353332363933313935323061393732613630623932656330343366323965356239363436333163
61323132363364363966303733363661636333366339353366363034336130656366663135663565
31306565333837633861323165636436623664636331303363323738363030356564666262353034
38643339316266656633316666303035333639613933656534636632386263613136346562353466
64373934616164366433393337616639633230343835633761363864643162353261386233623538
30333238653130396138353335363663333265373366373837643630353762353531653766313334
61636564363738343736323963306435633138613965646333643738343239623435346435346235
61656433353335376637313834346461353461306266353436643562666532336330643230656564
65353230356466356134643137663634363033323536386434323632333263396430383830373133
39633566666531393961373931363665666363316261633865396338336262633363656438626236
64346432626539646337643832303063336136633331643263346533373830323738623138633635
38663338326637393363653338353961303262653131646632313632636136306362666261613461
62633836313138333661316164373638306237313537303030323761336463643736626530313537
31646665326561336662363733643331663935383130383665353338313236623230313832323266
30626230613964313461376534636235616235353132376130353534663861653138373736663565
63303236613439366166646362366431386666626632393236393835653239643464346533633436
64653764623065353539623061343433353936643834323832666562346339653963363533626338
66303333353331326639613166336532393164616530376562376562346631356663646165396537
38653739626439666238336164396636656562333938353637353439656565376463633534653063
66313665326161316636333831346165623463343235633533366536376561613930336638333161
66366134356335663930313530353431356266356565653365393261373865616236363465336231
30653238613130643930393561353630623532613761393335306362316433353965373763656536
30656535393039316665373732333566323637366237663531613132303165336264303239336465
64643565306166303962646132363534643632613933643265363062623538303738386638323764
63323132663937373338313230623237346563333831336139666430303766346438663161653566
66363539363462316564353830313464656230323962623237336634313664653861373834303238
62626562626538383965353934666235636236613137323863333331346338356366346233353164
31313036383033633361323239323662663731323530303231613639346331646465643961396664
34303831396635356635616131663936313734326333343137303630663662383139353437376336
65393831383366666466366238646131343631633035303535646566646238666262343236323465
61393634643839656133623634633666663139383732343439396430613136346162323938653765
32343066366339653263303933616664343932643039636634313561346634396232353332633066
36633530306166303331363930313466363138343630316164343665396432633963343537393533
63663566613661303039336430366632653338623564353136313537663437386233366337393665
64343461663838643731336136613534393065363964336330393365653565326332376664636530
65653965303736313535393362326533326532663736373434383534396362363237666139623762
30333964393266613563633239363637623833623962383765373664393562343836323538343463
33643765366331656237663934373662303038323062313030666638343037303962346230626237
65376638656166366232353230623231663338326634656431613731333165306335656662656563
38303233313938343361343835393939653066643562346532653936383738383865383133306231
61333036383535306531623165373837656664346136366665393362643838646265373331383065
62376462323239323863663832333465326263616662353339356161636434336433663436666264
62343563613533316133343930383663646263356463303830656565653939643331346534323532
31303237383638383234336637393562616266306636376637393661646263663135623762306139
30396337623837333433623666613934636436366436633834306363376636373535313363663234
33316538383533323962663234373037313262346566623633323264306661393062623631383932
62396662356636306434343763336364333838386236643631353330633565396231393461633362
37366163663666323462343462303165346565363431366233366463306637356664666536396461
30366234316333653566653237326331336666363963356639333031363937366133306536303361
61373132643631366466393861663264383632323337326565353335356330646266613236343265
32363732616163363034616535633763326231343265616161313439653533663032326464613339
62653632633565366330346535323932366565663262616266373566316336376137353664623138
63353462346239666132383730383932353830353932303832616362656536616364306264646564
64363665373464336634303763356330323335623030313964636461303365376436376336636635
38326663336432303936636261376632343835316466613436613633653437653834356435396638
62653534616630626666333066653932333865333361663439373539623964643832353733323566
64343262356462333262333531393834326133326237346462633735303764306436626366643064
64336466663230396136366635343937383132326265343835376530626433303635313334663838
31386238663236383162613264316366323431343762663166313263363662633030353030336462
36326136343839613934366365356564613233393034623333356263623337626431376438303866
65386363656331616339613261346564663230306364306263373466366632356563343632626534
38663239313133666534616161306266646339623865363037633132646138323666633531623965
30353433366461326565663338333537646133623536313036366430376264633730623264396635
33353838633730333163363833373435353733366439333136373633633130353031366665643562
31376134623365303764663339653665306464353533636164356438366465353862656633326665
61616631353633333666323161643433653039393437373630333463396638393635346335366132
38383336623833646236613533336433343666653863386530616664623638623166656165336431
39323637636461343063393736336138333932306262623939373339613836616334303331396666
37376165366236323433626261343662353665653565663763396662393637353231386238653639
38316537666137333266636262383361643636656364613931363662303061663662376230646637
34663063393562346434373530373137333035336261316430623734316538313239323365326166
66613131623237303866333631366630643465323935366364333864356138313037393038633335
62346638623664313436363139666631343864643636363930313630623433383132353364303064
36333733393033393366396562346562336365373065626638643661653462633230616365346338
31373739316236646265316435633337633431623635623530336364643363356164313336663836
66373034383037613230383164346133316664613763383530633962363330626161363931336535
63393734356536636361653035323130376265373032366165386161656233666235656566613562
66623932343665336336376333343162353037663832383839636532316630363964383033396334
32396336666230313965393332303239363264383533613833313061326138313364353665373538
31316233316536613632356165363138376162663563356361636261623931623230336161353539
62646438633963393036613766383137396532323239393930643039343139313862326531343336
34346665643831633439333836336230303737623136306534396464396631363437306561626135
39373461633536386633346137363838373761656432623664376332653232653266613533626664
35653966353931343030626633396530323032306636646139656130323032303233306336393835
61343365316565633238346235343364656263623665343235336465303530323364376436306566
32343262393764333939343565343963633962373438646337393137643537656534333931666634
66363365656439393433373965656532396566643833623030393037386435316265393336393039
30383963633832366366396235666261343130356464306532336664343730323738383637346462
30356533303162653263393033663331323138643434663632336665663730316238663233376239
34616137336334393333623532383764626432346536666435366533366530386563333534383738
31633736646134613632303963316464376264303730306366326435303061663639663862623932
30303633633930386230616435326639626466656666613534633134323738323665366164333461
64646332623739313662326338323231666137626435333331653537613730316330363662366135
36303666636662623162373831393730626332646636623135393531356339346234386364663538
39323163353835303338346433356361653365653539373637653030656364393234333262633164
39333634656366326432376265316634373737313638666631626163643463613765623566663964
33326261333732663130633665323832346130336665633031613664303533313462306235626165
66306132343163393937656336373636336131366232333135363936356363626633646332623365
65313266633364313438376130333635373335653736663134396531366634363337643762623863
62303966393066656530313532616131323638646564663265316330313333373531353739316439
31383766646134383566653036323738343732613736333266666238623538656565646464643732
39656432303962356336623936336532353365646565323132643739333864313961663832633935
33663337396638653532663664643933313537313435323738353163303334363838616561636134
63343864633037623466636362333237393935333634616235393062386433386161316334386334
30373837663961376431386166623833353032396533363033636534316232313231626337386339
33646461323266646666636664333139386136363064386634363565613966316538306537393834
37393337653565663636336235653630396161393430356233376134316433306334336435633136
32323230356561373162323034386631363137316566333137313931633465363131623062633335
62383533616439613366363337356631373063633035313932616665356138356663643061343237
66356633616131393938323465353266393462323963313465643939383063323130653766303831
33373935346338333566663061343731376636366163666530366264383866343465316366663536
63663332343135366130373930656365383966386165303664373535653135383863616231653638
62373135613764626662343765363164646332303631393564386461353030393964656435386262
30623063356639326161623032373432613261656434376135633136666637393764353938636562
31633265663535346333323030666365353461353562376236313433333632323534356230393761
39383830663063366336346335623262326638313931623430636135336366353734353136663838
35323138323439333532333031373135623362303335393038663637356463613631633135653661
39613239653761346463633865306661636139366638373062643064623562313430323430353735
62336636633031383264303438376161346266653636386634313434313039363838623734383463
34626263343564376639313630303135316536386338316438333862316437336265623362336132
33363138613135633632386230646634346231356234343663313366393262663039666231333235
65636336653937313866383338373738306234346666393061356238656437653137373234306333
65333064376266393937323262386563653266323664303962616532393934663639626135646135
62363066363832613439303137386161643265353930363337633435643136333661616365656361
65343933376537393235383264326262353062333365353530356339386636353465663764366165
62623265323834333932363830376465306336346561366162336439636237316564396236343336
35623533383534616333643638303939633366306165646161313263313632316239653732663534
33363832663838346236316435643335316231613563613761346563333566336364646164363335
33323231313639643939613866356263353131353164636161666436626538666363636139396238
66363932356135353131363036316261386262643737663530666334386532366239646334666139
33353036323537386564336562613261353935373661393663643732643338376439333535623235
32613939373064306265623338376333653061393633653431373763663162373866363165613634
38646336343761343838323963646538666134393131383663643734383533656639346666326162
37616265313966623331653863333934353033333432343537656238353635396639383138386462
31323438323264393264393963646337303236393566323365633865303463336132306663346166
32343230333132363636313630643634636664656562373666626235613231653038666136356239
34386264666363336663336166313030666434633333376535663533386330353765363664363336
63386333656334656363306537313362383039653762643764653637313031316365343935646535
64633632626666663133626236396462393432623636373865613864663035336663326162633363
61373430303938623737643631343365616334663434366538383133343966656264616263623231
37303937383738313332313930363032336433616261393766643862306438663837353533326238
39323163376266316133656338376635393361393462303064343565303331376539383063343363
34643133343530386664626464613735636439333130316433623466306265336634303732323935
66623263613232343932643162613138373733643861613465633238323164623039623262663863
65656465666630396630303037623036623838636439393964613734336230636431306366663862
30333561373162366661386630343863653431366466396262373337383964623630366538626338
31613764303530333631363131666635306538616238383964383263626234373039346138363136
62626537386366313962306162623633626362366365613566303363393164666532383635623733
63383336316562343236383264633937646161383463313265626435356430353966356565663035
35343936303466353530616664373735336364326539386236393136626361383030346261643837
35383664663830336136303166313864393665653632356535376433393830626234376239303830
34343635616238373662306662666661626537336532616336663864666533316665663131376132
35346231343862363964663962363337656661613465326361333038303237643932393031643566
64393537336238373534383930613231373866356264353238666464646132343633396433633831
61623466363763633565363330666432383765623763333039303137623634646232383632323766
62626365316365383533653761346661366264356436363333303235386565396364356262356232
65653634333234343239623132646130303430623161363239626433363534313662623265333136
33643563336139316563343135393462323437306333643966343030383635336630383039643238
66313338313838396465363834353363646531373765303730356130363166633830643937653262
36663139313532353135663363643134333033346230663863373739626434636165616137613661
31306330656631366436343431396432346331323735303532316434346133616237366435383337
63656662316234313738653031313032373761383831343362373939633138383064646261373339
30316535633832653630653235646162373232306566303131613438363562356536613961353832
64653535313336336533373833336634383434363062376434366133633332666361323836343538
66663938346530366632633062363338333662366235306639613764613963343861313632313832
63323866666634316538656439663266383564393430656433323438316265343738646139646435
65666232336530373439333166336563323165646564386137386537323430323466383739383432
66633137623466623362393961613736353232663536646134353862303035363535636261666362
33336231363730653436353065333163623661363636373234343462313965356463376566343963
66396162373031373237383533376638316565623566623364636334303365353766343966376436
34316165633036366336393662613461353738326331346334366561663533393738616533643137
31663139626366336530363235326565356565373539323763363037393238396237313032656464
31313031363665616238346230633464656530626333663264633834346565383666376461316363
32663535633438313233623964313364366435613630333531633866346630386430663531386237
61376166636338303262653461323339313364303363363337343166383831653665623431663638
61366561666362373532626435343838336264353732306539326239373566303066393539363838
34333066376334323931346333313864623266616564356265313634326535616161383034393961
64323231336533303839656137326535616333383638366165303433393134633663306530333835
32663866303530653466323962633463323932633064313466306237663138343333373362313264
65666162383963383430393466373635366466636561333163616261396536383462356333336661
31333462653634306439656332363864313163346332383835373465616462636236306166366563
37643364623662393334356330393738356663323761376465643464626238353465393530616464
66316238396361646164666238643337663639623037353334643732306231643931303366373735
63663434336234336137616164656631633066663031646261373662393831356437633962343130
62353237653864623933313338393361313136656436653162646264653632313034353637363639
34346532653937383665336631393030636263636434306161646332376531633264306334636435
33303235303961366431363965356261653330626434656131323265616233616266353432363666
66623939326630333231376666313434383637626334323361363538633764393964363336656261
64333331316365333063373439666432373963636563356566346537376637613863623162333162
39643865346361386166623164323665383335346236396231666462633663613664633836386131
37343863343864313735653937393763333366636361353438346365316530313762313861343938
63656330313033616633396532373062393162353032313030643834376363626630323535303938
33366539633163366138616438396163323262323633663163386333366337316439616236613438
61383638353364666338613037366634633134666537653765613766383765633635323537323630
37393533626338343864363637616133633564353031383039663735313264336437343162306537
30663239313137396638376132643430356361326162393331343765643730343235303838316265
38623830646538393738613338326566323061306535303435616565313531376366643335633736
63303238383661363832343138373031313466343863376136316135303338323831336432323137
34653336643665343263306561383637633961353734376564626635353736343833656531383833
39386532316334646531313532313839626563396162386531353538666335353538326234653438
39636539313436303432653035313730313366366532323730636534393135303661343965366462
39613839373062613132373237356664346235343464653362323963663661666234346264346332
30306565643163373762613265613464383961303836336339333234643663393037643330373665
63616235623763333330313630623237383032613665623761663733393964373238326231396164
39323734656235303065346165373637313566343961633264366136653038316165373964396135
61333537623766666464623263303831626230663734363531393130313539393164633832643933
31343865343761316464396339643339656331613437306337653765613035363134373762306430
63626335646232386133363037653933313733346434303465323365613639646136666632303236
62333436393464623965626362346165373539626436343966656263336131313265643566343334
31623732343365353633626462356436663238313337363166316634373936623237306362303538
37346162393063353833326564663935393330353936636165313633393664313063376434376565
32303466663931363530643561626137373831646336653237393233636161666666393263313062
66356439396564343066383839313331353339623466336635393864343436643938336438346636
30633861366338363736343661663132386130393766393961303466323563313131396539373763
30613962363634353930396564613730363166366230623066343336373165623963633132396365
31646438356431616261346238393233656135643438376561343735653130666564653461633334
38303963623765316532346462333464663338303963336539353232666433346635623562643938
64353030373631393930313237666565633936663334306435626261643966356336376530633631
62646339336534656633386664633964623538366161323662363065326261353466633337336137
38653037313163343134616432373138653266323464616336643466656462313039383635333935
38393065623039653537383332613564646430346639613737623961666238323733363666626635
32393532373230336464313334366263393930393563633263626239383539326166663563633631
62616366356139396163353730393063633865376137633235666365626265396430306162663034
35626634306235613339376365663034346363386561373062313037373931356131363264373332
35633263306462306136633939656637346236623430613161323431343165353534363438663361
62343964663533346366663730306366306665393466376466653336323635643436653135383537
62313836643563626433353065303264363033393265303566396366623935616566616336336666
37396532343865613963396162376233366439646565356462626335613333373266633636653562
66653536616635383337633066343463323436383737646433303461613833333061663633666665
31356632656130386433343133636564616535623264393661663738353866633463363736636238
32316639316231373536353263303231313964623437643032313536376161336663333535656333
39386331323662656362663535336332623962313137343430613530313064633833656331623238
66393936366433356238316166316638326464376563623232366335646530383536306438306163
61383037616463343930646531323030613133316233383232323866626264396130376334386134
61623639653937316162303533653532373461666632383963326165626466353433633561653435
64383136646432613736303533303136663737633063613938636164383838336335616130323734
33613963346533306233303639313531353035616135333631346263353737303831313361303133
38323065636466613539656139326336623432313164646566353761396161303064353830396237
36663932653433633631333331303964356363646132343433616433396437336162633536363838
30316430343833356464323333313835323162633834383364306666626436366463336637636264
39383539313333633963323638616135643666323632613233393335626138303630383237326361
31333964633636613562613863663161323062336631663462393235333863383266623835646338
30316263376530323866316237383762376161366638343030616439626136633530323834356139
31623936306462303866303937323032656366663731323133386262653937323334323732656538
30643336393933616434316232393833393863343033323265306334613734333537386231313262
39303034396164316138623938393437663233646363386333653434386533636462623935663930
32616435636463323762613439323039306638323766663764313365636532376432323166303463
65373231363066333034303633333837303333386338663133373931363138373231616663306263
34636164353166313266633162653264393765646130393462386565376330383537333231626637
38346333623733646364303536326336663338363636613630633261643835316466343432663434
35346330356335393661306264323263356662396137353065623863653761363361306534633839
38666261396231646464366433373438636431353138613564653161653331386663393734333737
61303138303036633035333235336263396636623962653537333862653932613231643332326633
34373065363530633337616562636634383337386339346263646139383533616132343639623666
30363738373034346564646437383230396130393165386166393065393237323563636139633439
31653962643635363030333039653338643665643231656635623132643830306232313963326161
33383536663736623134626665363332313861643931343466373435373538323838353962366538
33363135643032646132623830356664616461623731303236313134626232366562616161373337
65626239366562343634626630656535343134316163643861316538353964343538623337326234
66653163373066653264666130366235323238313934366539393333653032313866376334336162
37616239633361376230623039353531653930633333346461386561656536373461343464356361
33363336396330373235336331313836653937656535323463373464316137373061363065643938
61653830653438623334303332313839323766313537643564346233383430653338313032626632
33386333343866373835386437363234376136373366393436353537653932393162646464623562
3264
