$ANSIBLE_VAULT;1.1;AES256
34626536303231626261386134303032613361383964643665323231643531333463313839626234
3037343265396536613061336436393831333635316432650a663765613732313434383633353764
63616535326435353565313231336332306166666339353132306435326433343164313931383838
3136396131333233650a353862356437356362663335353839383036383633366234633134303538
38653630633134383536373563326664326532613739386566316432323237326339336237393230
31373331383433313334636162336265643339643364303035303962313133656635323765633335
30666438306338646263316333643736343064386466666233633038323166353736613237343265
32616433333930643335666630393966386339353335353163373837333639663834643763313231
35323132353364666139303436613431306662663066616536353631326365323339313265313430
30383639323465396639386135333164633565333935663037623233613761643432373566336131
63326530303765663866343135373731643732613431643862336561663036386636326432656161
36643232326365373364346235633332323565323835646233626266663535636633613635323966
62373735363662333437346163396131613631636363623535626438393264633233623730626532
38626131666165316134396133313634366365343230626332343965336564653362623466313565
38323964386234643038633465353838336465383635393364666461643638313033616434346665
66663137376239646539313934383834373336343361343331363535393364386636353139393236
36306364626535643537313930613339663634613064386565646331323439316437643363363361
61653039393236356166316438333039393639393735393361643161373063633333343333373362
35353562396164356232393763323563356338303662343263623836646537646566383836303631
32633266353765613764313131316230613135303035666139333766393761666537346433343362
36623735323433343431346465346366626536343138383366323337353134336563376461353438
35663865623732313539353862663865346466633337363162636131356366653961633037663138
36376135616234363430653038666334633233333832333365643837373031656533313538343861
32656531363433326538386135613934653466323163626431396363326238663532316535396663
36306337663335383961313830316663626162643734306633323765653739663832316534653864
62633832363634303764353264383034303335616633313664326634343531646539303632366338
32663930353061626339343535333637303031376337626261626166653932343333643761646430
33366433386238316633303862656332656262633063663632636338346565333062353863343937
39643265636239323832336531303566333166326564386634633734333238326361613062636135
32653233353433356234626433323535633532343135346639356237623333633338656536363036
36343131386634336535336333663230373633306132363833613364343935326465643133663931
34333334653837616665623263393236663738386665306134323161663530656538396364653535
34636162303239633066613733313965623736643030333364393665353932363261646533656563
64303932643434626233643533653439333137323137646339613431623836613865323266393339
37613835663433356433376434366131653563366134356430636333343665336436663133636239
62393661373333626564666232323238383332313135366262346663343233353366663833616661
37386432326566336132376631396464343531343736633230386662343436366232383261626464
38326238333161633636626636656537613838326566353766383332386537363065323863666136
35346538393636356537613561343839653936316665336335326130633336663838366431653333
34636563396136333565323064653261656164393036646438663063623535343033323135613730
61333136616534373866333534306533313530323639383864656264303566663832393033333231
64376334346565663037336166656538396137626161383164363161626361326138393832373261
61613861333466636236363566656137643633313334306563643263653266623065343663303230
62333435363461313932336463366363343165623263613130396536393538303461303234363465
62636666383730393235376261393137643866653464623561373363303739323139366332633735
34313835613430326539616337346339633433386233393633353762323364323031373036613435
61306230363863643966386165663261346533333365613530363839666636313132386237663734
61393430656536343733626165336462386264376130666365356639323465666536333135383266
32346161633165333932636164376230356531643932383230643636613163613037626530376131
66643330633465373861626637333962313738366265636130623935363337616461336461353561
31633639643437663433316234623538393537333463386636316238366264316138333365633033
62316262373239643934306265396336336238616632303836386239626230383634623936663832
37663930636263316632363263303938653338396232366331373564313363353231326630626534
35376539643161346331656337353930396564323432376137643333623361366262323135663534
62666561386439633366353635613466346564643138383938636166613063373137373662303134
61363039376665663035323061396637313964323766336164633533626563623632643863333664
64343838393131343439376435383834343135303763333131666338343639356461376533383861
34663035326266626564353738316337366336323734356230396436613765366266306563653664
37633334633965316338616262646261653437383636373263623835636666356166366537363964
65333036663437323637363330396638613134653132363431396239653239643162616631363939
37316637306438623037313030363134373866323037363335303761333831616133326161346638
65363434666437326438353134343131393637653037633363343034316162343765393837643330
62386139373539343030633936633762386634376461343837306364633734623233303037336664
32663665613930353536613834616530663432643635383537616562306465393433646331633561
61343061633636303331663062353439343330353938386339653735666135306238616465663638
64613437383831383734333634376661376433613737303837326365323136353863636265356338
62633333636432303066663330346163646664373135636161616363386533313166303535393861
63656631643335313631333365663230616666353532303165656363636330316335656135393737
37663739366435653335343934646437626665383532306339376463363164383964363030353836
38333063666232343433383465653366313736633932343061353662333832626365343932373865
61383936313361353937343438656361373036626462616365666433656665323038363234666137
35346538623262643934363737656463306465353935313466666561646561313466653861333033
65626630363932383837303964616564316536313938313632316561396366613030356361313165
34306539663461623763333663306165386635646463363032646462306461346236393030393064
63356430643765396434363537303531353532383066623138633134626238623237393730353337
65633533623432663465363565646531323332346563373963376134313536366266653934386562
34383065616336633234613030363133636464656134626637636166393363356462356365356533
39303433646439353864626366353831356531616164623632643561303431336337646564383733
62396566623834663664386435366133646264626336633138623432343830393261646363396130
64646337353431366662396438653861313733663434396537393234393831383339306531323264
35396333363263653730626136363338356531353966343238653263326364373736386564663736
32613361643535356366626562653337663132656134623466366232366234393139323334383336
39393261313439303530326134343533363362623134323434613833303064363334376139346465
63396462383233663536303438343631396434373265666363613533383533653963643737633132
32663938376639393433386134643634333530363235323461373264616331636636383733663463
62663033646134316563303961666432343962353563313938336161643936343039326162666164
62366432313963396262313830633433666463643630643336373336346436663337356234333063
35616533343663646635376439636132393638646433323261363635306238623438666539626434
34396639396533386239636634333832616463633234376562653035313431316633613539626632
32353539366433333430366165393832363065356137376165643237373134383937613563316338
34333736393664323238306466343333306434633134396330333132633632363865623836356133
32656433623535626564373166663239613636303764303239356139643537663534653761316166
34373733383839343362363632323634316332336161666261633939353236663962653736356332
35356232353865306464663632366534303336366361353737663632636232323631353864313662
35636132666630373730343130663931633631623963363835613262353936623934626461663038
62393766643838636266356135633433656161343335646663646563636331636332343534333134
65613630343832313731386439666237346230623163636133626463623262373065346136303663
62356564373063616263303766656462653937303931363431313337373037336463353264386466
61633566623761346164383933613666393836653062376164643336373632663861326330376230
38326130333337643163313438643765383233333936663664323665656233333331653863636636
66663135386435663564323964373936343232313365306565383339303663656534663437373331
32643639313934343962633734303731326238633361353761616536333236363162623832363563
62616662353439383034663264383534376162653037383031343930643737333164633061393331
62363732306665666661636433373235363836653762653864363538663764653634656431663530
38316332313036333030346361326136613662363230653234383266623731643034373036656636
66383964316666393766633962656431353737336132353336376366616464646166643966623534
35613331343264353931633565313435383334633230366336353438316335613633323537323761
32336136663334353363313330643965316438383332653063653565656565313861623530616537
63363065366661343366396262313838616637393264643539393232666231626534636536376131
63333233356163373239623933323033653934353039373632646561316261643135623962396264
38663834646563356562646438643035643431363837346239393133396566366435346562383134
34366531336133633164306239656134616163343462386530656139306533356335393134366639
31373836333331633538316365643232326530373339663238363030326431633235366164343530
63616533366366393831316635343933343132343864653733336236623466626635613564626338
39303338313030353931396630666165343061316634366339353238313464613036336136633961
32666332653063313135633736326133626663626131303165366361333237386431333731313963
65376464643438323736666561353534363362353034623866643864613535336436663465343966
64646130323536633831346430363366353836616264333734373835376339633232303266326330
31633333653962333766643137396633343632323633646639333538333637356530643236383533
62396163666564633765623536363436373930393862313236383730646363393637373436376636
38643932303437373736656338636437323735346431666537623736363161633963376331646130
30326635366135393865366130393535633065643637396633653763343835636465623533393539
63663332306665633536353630383964363763343964663738383536326635646164396262616131
63316138373531336635343939323764633236323865656439346565393363666630303465396664
66653531616433333431323065626234333034613063363366633934363434316261373936396264
31343764336134356636353436393233373766663466393065353762386462393838343833646266
65663334366466323166396534663563636433636531613739343534633963326531623636373339
64326566393465343162353237646138313462326131653831373361633561323536626563656365
63373331333633326637643030663731373066313437396233643135663565366333616463623739
33343633323537323561323765383734366135643234373735653266353831386165613864626333
66376365326439306632306266363835663566353965393435613461306564636163656432366537
33666464636435653162316166656662656335306238323335656461333630643764316566623036
36393566623638643834333732373264326237656163316433313432303863616162396561623461
38323734356433636264343361663963323066646538306331656633383236303331393334353331
30323935636665336565616133626138393561373739623338313537343739373031623730613431
39396134313963663963666337626137643035633637653132616564396361623139633132613939
63333237363134613234396561663833656134643836383536366463383038646535326363613961
35666161383761646231646133353466316561643766393935363036386663353630306230303133
66636265336463386235306534393938626364666366316262666262356636363039646339366365
36643238626232383038653538383063636538326338396232616238336265646165643231643630
34326632616430626463353964393562626637616133636565623439313730383663373530633734
61633661346536333334373861383137333364646434313236386461623535653236366339616431
36343730663930663239323332653030663861653830656264633633383963316632396639626636
62646261613037663232313739306436316630663933343231653732616538333632646139626130
65343666636332323234333935343662363461653132663065333533306337333934333934386435
38616335343963353663656530343539626135616663613234306238323562623866616230623036
65666266653662356639323563323730363531613563653232363462383961633763366534666138
32333839616132396666656234383265363732303037636635663839343731383238363530333265
33643232333536636130326334373966663935393966393762316137393431363765336133353463
38663633383134333036343261626638363034623830653062373133336235653230346163363564
62646364643365623236353561383437313563313464356461663761656366663731316337623133
64313039303431366661656264323933323937386631393565613965643338643037656538316536
36383566373261346537666132653466333639393339356230633438666531346264616332316566
61666438353935313962353865653438623565303038653637396364353864386135313838333839
36643239396130356665366362646534373430343736303836626533363662386266363866303466
33656562663062633531363465356663616366373138646461386464666637396233396332346164
36353634656135393339366135313232643265333638623532343135633834323232663836353933
62303364643765663635313432313735626236363439366639373362623330393037616439353063
63333163663037653864333230326133333830323937323234376631613166663433643931303136
33353365393330366161356430623835633862613730396266303735623233366364653132383864
30306464333861353362353332333936666631306661323665353435623635393130346432633866
37373838313935386264663139343661396665383465306561326266626439386262363464343664
64613231343966613966356437376533336561316262623965386638653963326530363934313334
33306362393465666432303563373861626136323032346362653762373033383336663731316439
64333963326134393636386335353364363266343666323663336638376232323165656135666138
30333862643235383736323563616665313464343434353730616136303333336664326239363032
37383665306362613163353963666639356432396636396135633239383536363166393639323739
63343666343330626533363638376131316539636165393635613164356139643264393933323239
34366339616363623761663834363831366461343430663534363230373239613561623434363762
61316561303963656464663136316364333138616361373964333331346639616333663930363039
35643736326361353565383736303361346132303032633238326631326539623238386135623437
64373462343533393836643865636633363066353031636465353665333536363035306263623434
37653332376436316637343330363736336461646335353339303936636230346330386437366566
39356439323834323861373666386537393531656563336432366630383663646434623630316535
65663539653261326536636366663335363864643433633763616465343330663131383261646136
36376233666565663464626332386237396166646231373735316462356663613861623236396332
36306232393763333064383633303265643133383864643562663762303531643132336664356463
39323764396266393131353139616531396532356562623030303537323064353731363130383138
66323764646539613130336138623838636564303561613131643630646462306165613236623566
62366262303138333937613839336538376166353364336465343061346338343539363238653638
65313036333139363566326539633861356466303862623034346564373562643162343861383662
30346635616562306132316534643231653436346534636634323763313939623533323466376439
36353130636564623161386366663137396436363231336537633262333235616131303033666634
37393531353766333464393437633139633030323263646162646463326362303432643666313462
66333165363735326331333431613233363663313134393131353834613032616433656539663939
62633233356534333663626631303832643762393333376462616638316236613232383261336466
64386238643163353733306531366562336362343664646632383065633534396330316136306638
62356634646335356430623736663532376663346663313065316637366366383733656135383661
36306433323837383766316431666435356530373634383330373262343339633330386361656235
65373861646232623162663161373332323466336437386132323331396632663032353131353030
63653434653865363331663036303864326463653538656330643235383535323739666164373535
30643239383032613162356132636639623164646134323161323330653639353264633832616231
36653666313632663134643566306666376133356365323163353530356461636436666533656530
39623963623333393663666664333434633336326662386231633133303662643536363064326136
37333265343933316437643661656536636131336331366333313532613062643536656339363039
31336365626563396639616235353333636332316166323537353134333966346362613862663837
32306530613431393034643235653732653430626539323338353464343833396135353430343766
34333166363638656639376437396438656234643663303364333032626162353863386262383035
64656461386237623365366165323633306135326561663237333666323535363564353039636133
61336139343231316431366139636131633162653162373735663866616230353635386637323731
30333365666436663462333738366639323532386263633563396662313237353361613936356435
35373038383038356230333332656161393234613265316631363234653134306262376534356231
30363537316161373963363964643632346232316462663735633138333334316130363562653361
33353239393635343832343163633431326466373264343130383236323461663037303664386263
34396265653165303465383261393439633534626338323663303564656636666664646431616535
31343861363535646532303462613263656437646263346638396634656435343465326462623037
62366130336261343338346339653736663137383232363137613730623539623036366137303736
32353535383562663739643565316536343962663866653034653232393566326330613665323333
37323131616262343866303265326364373032313166313936306662623161663862383731373630
30633262323234656632323530323932316365393463333336383866343563646631393064636131
37373938656238646566343537663535363338336164363531396135613032366132313063393931
61393635663032613862306138306535333066376538643333343966653834666436383162356365
66306536306436306433363664366464346633303031333038653635616331373532613466666234
36363638626539323732356666643031383565636266336461386264303538613462373965393238
33373235336635386336313833313739613564633462656634613263313033643864323433333434
64373464643963313034666632333562316365363031336333373234663736393334626161303832
66346237363635643664613337333065656630616633313930633566363031373538356333666230
30326639386564656132613432646235303931383537336366393535646231646166346264306635
30386262303436353561393465353537376230363237393163393539656365626338356639353438
61353366323633616634626465353561326230303432373831343838323537376433383038323536
37386230343232626133303337666138666661393138646462316432643637316636386331306630
61393663353739663833643430313535646264333534323439636336313031393937373833343034
33656461346236613662306532643739646535663338656237303833613265666638313165333861
66333064376432616139303932313362376462656132346337653564643230356639373665333537
37363934613331386534666364633064333735666362313238646632313265336231643733376537
64633239376533636565626361343139303533393334356330636436343536663737373565636262
62376333376535616535333835363830343130333532643435663164366166326362323561346132
35393538613264653539636262316631363231636638313164633839373262396537363431306530
30646164343235323135306139646235306231626131313437336339316438363030643739656364
63393033373234656637613361633439366336313133316337363839653531323366333539306136
61643963336437363531376237386365653738623063376333303635376239323833653438383335
61643639393139626232356539663230316337356439313630393438336331633937323037343930
36343135383236393532346438356434636165636538343736626365373437323263613838623033
39636462623935383030653939356134326463306139363437663934316534336239353637396636
37326232386561626631613438323839633865646363623339313732393162663539616233373530
65656232363335613432623761383462643839626365666563386463383735663731643562343134
33626331383361383630316336643466643966633332656534343034646135353961656262396135
31326330643262333137613533333262613162333633326338663866633039376261303133663336
65316536383038613561613263373161616437633366613338633966653766353737653834356336
37626638626332613961346465356333346564663834626134373837623236616336646432663134
35343835653337373264646462613666663332303031343964646530333236666366326562373935
66633130303062346237383938613238613536323031653534343033343939393465343536336363
65623266336631313838306533383461376565643062343363343536373432323533393832616562
30656163323164623434343462343334303730326664373935373965323365313039653466353031
38633532346166636665656461633833326530643161616339363135633935666638353330393066
33383565616564366234616162656538373764613262386139343963336137336262623333393139
33356538326361643432343663373037653364383033303833653638393832303536303366633466
36653263303262373630336461393035353735313266316438623661343366333034656437313738
65383761346139616266346134386565303631323963323931643038663232316230356266376536
30376234613334646665633534373737623666326234363939663731663664643966393233653031
37383466666236356562663766653166656662343730613135623435633064343036326634303563
66616633356432613131333130343536343730333266616531636539336334313733663362313932
36373365653032653130303036333462313139393631316266366364393634393930343131653036
64616334623063366339613039356364643037343034366230636136306362383830663662626436
35613964643666303830626537356662376561663464636261383661306534363437623964326237
65633135326339636131626134316264613263323838366466366264623539353565343133636235
34643161386133336564396232643634613939323132386232363734346663326366333530666536
36386337646335643165643437303734666538653335663664646530316438613462393833663238
33393166386462633239323165373035653736613438323231366266663532303633313362393234
61323463376361663363353039373666313130383339303930356435303937616566663837383130
31653334303033653561636666626132666161376666646430353137306433323337373534383664
66386334373339366562336532663464383236323739333938663063626230626161396636323438
62313064356635643663346566663833353634366534616232386665303465386464663964323065
34663335633032623530656465663164626336356163656235396336613131393561316434316363
34643336306131646338313530623134366264313162613439393236636638663466376563343662
31333434663366633335656664393333663036636136623966323963633965323165393866663031
38653633633638363165373264646662366264363037316434646531663136356130343434663364
39383130376130353732643161353466666137363738343962336538386662396633636262373831
32613336643231623039373166353432643863373261643562623436376361653531396635643232
64393362666537613633393930643431373739366636656136623861383037313036326263386561
31636333376661323061646330653332313034636431353038336465383639396162366165393339
37636131663432616664316432666161343736663332373530303765376238316435663864373463
65613163343639346364653666653061323732363336643361303233636666393264643431313539
36626535373630653036356239363939633039633663353536383737303532393062613134656637
65653339386138643937366162633961366666656363353463626133643039663834373862656133
33623335623539636136376136366131346236386661343638386338333130323262323664336561
62386539306139376230653933636633373965663232643136313363623539353461653239636637
61633636663333373830393066626463636463386635656237626165306464653864353438386239
64326163373363336664343761623364396334333837396136356464306463376433306137613034
36633531313737353630336434323866366264643637363763626534313362303233356161323338
35653935613239613964393637633335346265396265353531303063363137633738656338303235
33623134623963643337353565383161653530656338646363366137336339613234323837303163
64376336326263623561373831643863636166316161366361343737313638633034653465376135
36353333323766626161393630326665313636333635306332373763373633396437653732636261
34313030656431626339313062636539323439623765356236306333626463343962626666356330
30653832626436363736383563383338666338623161363936626165306463356439333262343766
61616439393936623064326461663233643333306536653230663336383162653930336431383265
33626532663331373830663136616266613435366139343037623764356430336437356430323739
64353934343063623339363465656362353836303465323965383733313339323237363364386637
35363238646534356630623733396132653731343166356462353936653663313231613533376331
35623236633063303766653366633437656461396639303039326531616363653639333261343364
63623336373330613432353932396665366439646162663530656439363935383863663232633332
37646161643239663830316366323338326265663761306334643435316263626436323935643066
36663336653765653538633332343162643166623433323065343037323337376165373762313638
33363433653562613066363237653134633235326165626331386232663933306634383164623437
61323434633239613133616532386237623632663730386164636562633233643730653638386264
39353439656162633836613564396466656633663736323435623739363864363332346131323030
33323135623831333331636131366631326562643532633031386436323933643432393662333235
33656639613062343731353537353065343335363035333035623963343662356439666230366439
66373439333639396436396437626135633862613734666436396532356261383464386131343239
39323563373335336238373338626533386264616263653165623031613339323233343830383463
31656135613730626134383363386362313961373633616632336336306136366363356532323730
66393337613863653231323364636638646164393534333362313435393864623762376233336438
32616531343438616161363263663431376361633861613065303335386261323133616233386161
32343130383765653965633362313363643966303561633132383066656139646466653635323036
38373266613139613033626465353465646161306431623662306231643530656533653934653833
35643062666565303231656664656439396164356365376363323262653735323631366266666261
64626230643935363639616466646464316238633332623937636138306631303534613530393930
37316162313239393166316237386563316565383131613138633664313537643662313633623431
61316664616436363434396131303735623166343439616338613438343730393835323438313437
30343362383834613238356430633538633563663539626637303931626263323334383661663536
64303864653038663737383639666130663166616663613266303531343961323162316231313835
63393633636666363433366336313963376261326365313030663230333664616439363465663930
32313837303030663138393566393362383365393336376632643432373534366662343966303334
36623535353964656363393435623865613865363536353635323164386338663161653834303561
66376365623430366166386636636233636636333430313337386330323830356465356365613537
37646632323932386662386438343836643763323032666331376161323734643164343161346135
66613237376637663630376461616466343831336266666533653161363736643237346638373134
62313437666437623237353665303730666436353633626461343835326435356664653539653365
31343265613264316163336432346434316437333862626263663332396262393864343236356233
65393761363830643563313638653364643235343635646438656639326566396237383737333839
65313965653330353364396365313938643731326266646363366631656138353035313834636537
33306361316236613234306230343935653063303862636338313661326438626363663131616262
37633663313466333933393836343537633733393033646136353136306465653566663465363037
39643334626466646538633830373834643430646563656263346562323764313239643630303039
31363138336238313038356361393030323237383533313334636465376363356366313038646562
39386332373933306361303436613632326464383662643339363261303030383636646162666266
65396464653532336333376564363066636234306362333737346364383561336633626265313335
31316563303864383233636266663263323630336635633461326336623165306361396536393566
39396131616334366465393834323565666363336135396330343966636338343933316236393264
33363762313332316433386433303439373039356538306161656464363835666436316362633731
32386664363862616239623637303732376232343666366161643435323039353363323131653761
61363538303964626162386238663534323961383862333335376236356633393538663732386666
65353436383038363432646464383130353535663637353831306261386232333737313638396336
38356532643266613633353964636235353033343830313565646230313738666261643339646531
33383462346630343061386636346435663736383032643637363763623133306333343962623761
35626532363233373962623535643832356135336532393261383833613464653965373733313137
38633066643137346364623964643663353635373633333634313665613134343535653938316633
38656539653166646234313838366137666535643236383964636138643739613136643736343763
63393434353165326234336661663561306263343561356632636538663961363235333364323163
38383333353734356339663536386166363939346334336236366161613635303138363034303930
38626531346236636163353664336135383964306330383539366334346133336666376364643239
32396539626532343237373266363763353937323237653938303439353235356132346561656165
65393363643131623630653039643235396332366434666338373630306336353131383839326164
62376433316362376138663138356666373365653366366236363961376139363666356566326638
32653233393331616437353538303764666538373966616334343034393135616636633763303530
35353163613039663139653662353939373731313133376261396461663631353233313837383637
63326563343332366237656663643236323965333837333132613738303039313866636630383635
62373232313862366336336231393731646439666637303239393964336538653062663962653965
31336130336164363834653034343165303538333334633038363631343062383234313433333864
36303765353235316462326538363364333939303239373237393437336233346366656665383966
35343662643339646638386262353039353765333438336166616630343836363837643162376435
64303032633165363961393237623037353534373830336334613534323335396166356165363931
36303037653665306239343664366130666332386263616665393563356134323231366334646134
62623532343365646631396639316230663933626565636565383636313831306262323762353636
38353737666461666439623166323461613533373430393065383533356363383338386264333533
30663565366462363866356539316335303561373163373964393738366661623366376535323330
35323639373838393565313261386432373862613336373530346665663035383732613930313935
37316539666433383862393766363361353830656334623261623061303933386432363135353937
35633234663636653233653139313436656562376663373562396338646337623538636365383337
33653934386639633436636437623637363664613664663439306234303732346261643763366134
37333763626234336535343034646163376534613139343830333965393261663236663139303439
35356339396262363063666130313634613963376265323362343264613339663736366230356337
38356161343334303432323861633832346533366134626131376363383932643862616235346266
39376631336131323636396533626265323938386335656535313037313366373566343435656538
38636638643764653366363231663232353165326335393362363434316262363532333632316365
34393931376336626636643862316338363066323064303731623831663737383664323932333766
61623831636363353530333265356632303738643865333635396334333335393137646463323433
34336430653734333861326566396532353134616438316332303436373963373536653734653266
62356131333639636137383630376633366436313237643439333135306265343537396635633565
33613930316134653734343936666565376135373935646366663937343032643137363137373035
31356532366164356366303132316266636361666165656237616135353035346236373835353566
37623466633137393434643636366566363935623537303831373862333634616161346362363339
66633930396236306364303565313864303364326639616439653636393465663635346464316563
36313162636237376439353939613531636336323634316138343233626562326139353261313335
61383139623864323137616662383364626165303334663538633864636261656638303632626336
65646363346435333536336432636535663034393132663631633362343537616535666133373931
36353164363530613530623033313164356637343137333832656465323538333635346635326430
30643832633163633465303664383263303366343735663739646635353237336439383466623636
39383263663233613864636561323764306562326166336263326262626165626235383064326535
37613131616261306438316465636339366632353061356331636236396231366639653636366661
32393735666331363566393434313031393131353634633439306561343336613339363138623163
38623438323539633832386132643230303832643436383431623563313763623565396637323365
33376465333562643938306532633038623134356235643334616232303138346463303961376531
37383464663130343534366337613736326465356631616361383465613038633933353236373636
66363538386132336138633263633333356534396438366537303731313832636330346631336234
66666534386139666563306339626365616562316137356634383032666631343632616662333365
39393739626134303930326539623361343835353638353033643137613539303435636163613534
65623536653737626165343234663936623033666164336364646531363961333030616338613565
33666664646565396335346130333536613161333830383531313163646539313733656132623531
62626538363731336231306337376666653461333236373436373730353465323434653730333530
62646635356132353361333039633363353838333137323665666261343864326665363139393364
65636464396334323535363932333064346539656564343261383534356138353232323638323561
35346532303932316232666538353031306565626430313066323531346138616330643432393332
34653361353232333939656339356536666639323735303731626630393361393836383231386436
34376535373630663965356336616437326431653862663366383934333132353538663563373966
62306666636438366634383030663136643865356531306265386634613735643331656537386335
65623431633866373765313862363236303065386637376661366666363866396238636431613939
61363433623562643139373361316662326538333630356136333037613636393535333038663935
36623137343031356539633134323366376337363534373231616237313531393836306664303837
64356161663065343931323838383865326662373138346338313563343836313139303537303932
39613930613665303564616131663362646633373832306530663861346631306361646238666136
65333566376661656332636266663536653239393964633037653533393565303962343963323837
34323832633463313932656535353166643564613731366639656230663865303566353933316237
38346530393037633031336364643038616330336639316166333632333066333437666236663765
32393038393235326362336364656162383062633564313535326161376637316339363730396365
38653036316465393062363233366565303065333931613339653336356636376263623232383166
32633537646366336666356438396331383466633231383830326163386532663066643236636161
32663334633130633962303837353337343461393036313661363765383466643764626365616134
62653632663231666566633464376434666438343361373135383634393136616139623536316138
64633664323338626566323762363036323665353362303464653038373835633433306665343536
35356535316161666532383138633434396365323463626662626565663531623732316138653865
38306338373139393432653061333833363163303264653839353034356433636332343431623661
63646636633738303631653262663039363039306131343031653165303033643439353833653036
66633066343136396364613061643638656238326166316330616230366665306663643066313634
65666234346631393733343233316266353065663163636339656539616136616434613732363338
37616465356537346438353231333232393139393364323831326234386265633163643865663436
65646130616431613764316263356164343466636437313765393162333064303237613963646239
34313134306337643833306536313235393537363230653933646466643731356634623962353739
61333664353634353136633438313836386234306235373230336136323862343932623734306436
39663561663935336165656336333863653564656562383935316265613239623463633337323337
65363531643363373962633533323263623366633530613131363165663466363539633161326636
32643536643032353461353564663734376332363133366465376231633332376637396461333461
34643363376666613537666637633030616535633337313331333262396431383961336231336539
39363934616563333964363738313563633436333334393638613731393062343737313430383362
39393937613237626134626464663936303961666139663034386534316135386537633535346263
63613732393036626163386465363065343765313633353131666365303532323161383639613238
36373461396637323233333632313766346639393865336366333135343332373664646539386433
31653534346262616437393031396666356639323534373866616632353038343163343234356331
37386231613664666166303064633365376333653931386339363933646162383731366131356131
36396438366634333835396562636566353961633836663864356133373132393338653462333431
33616561613664616330383562316465663535386631653839333463633965646165636337613330
35633538396538386664313134653837663432623332643431643633383465363439653338666138
33336336653037626131666331333731663237326266373634646435643530366263356232633332
63643735383964323232333566356165663532303530393466656630376135336339613864353434
31323430653135653661356666303766663665643364636232663064303562386230396561393334
61383638303936303230333466633130303634653165353838323031643464623064363063303430
33656462303162646236666436663638666236343365373232303332376334663961613539333031
65616330383563356137623739356337333034363836613833666534386237366630356638356663
33316237646439303638303761373536646465313530613864383731396630396362386365333565
63663164393131373265376133396631376534653065313235646565326337343233393539663132
38316333323138646433323337303139653932633031333435613337653031366362303936373661
34323739643761383561393434656561623061666161346630333438353665613466386533393839
31623862333834643637656163353739323763653438346439323833623130383639653665393264
66663965353062306163623365393661626636396433303638313531643836323866313936343130
34326565306635366334386538616239366539613832333839393832616265333365383966353636
31303433306133623964653339313633323533626564363965633834633334366266343463373762
64653033313961616466303361353834323761373261386431396236376333383934316631633432
61333134303362636337376438393464323234643537626438376633323763366338316330613432
34343033663262366164643133346538323730336364613266633566623536643835373731333231
63353333643138313363333836343961386530613632666166383038393232623733626230383735
38313066383533653137663465396436313631386262373439393338386339313137613732336263
34326133633035656166343337363365306637613562643766353733393936663531373463613639
30643435373135343438303333353735653332386666646135353763323061346666643565633262
66643337306335646562353838663932383963336534363631316634316639333261633165363130
30633265623537633365663531323061343866383238366235303661623134336563356232393735
38373766316239643536336565363435613131326433646339383266623336333534346632363739
34633337623130336330396431646561316330363865323465626263336563613734346433373132
66313462396536313835626466386538363430626439623066386336653461333130396162363261
39663234316131363639306563623932386363626534313166656236646434643537653964313433
64643631363431393839616138633030663035636665653839323231633765306432346362643064
31666533393135323334633334313839383561356436316265633937633034623062623139623732
61333930643762386337363464373436386264336432633330366636393232643966616235326337
30613436653034396430353562633732386462386237393663343237346230303134326664633665
66323435633531363339383139623635303163646432383638643832346166613834363638613135
36626430653963303565333330616661616430366238616561613532373039313536373932313136
36613637376330386163623562386234393530353133316263323437643833326230663163386431
33303031626334623639323131396262343765323032343536653631336662366566326432383236
66383364356162336134386332306165363362623366373463356266346239323731333765643231
36623336313231613433636131383963313137633331616134356665613061633136303862376664
66656133623330316662616539373234343564623861316263306339396335313966313336383535
33663364653366313965353362666437623332363634376132653232623137393966626431333436
30623461366631333133366237646465386262383664623733393031353534633264663735396161
33316535303461383065353935303131373133653532616230383763376535363963623865356232
61326166643436383866616230373265363163396539613261373536346365336230306265633530
38343763363464613936306563373731613231333937643563383065343238386262653236663132
36616430613832313432393266373061343961643335623335656333623138383433343139666531
63633031343035653064613230313165323537306538333330326262373466376561353862363264
61356236316363363530343936663033613532393763646137626662613461383562363363316230
66333061383034393732633561326336626265323738353066383235333864613862386131313861
36346233643134323963363461333562666133393862633637366432393831363031343132613566
32613335353865303834626431343163646232613061343963616639323162616161366663303736
39616530323031636137626230623731623030633331663638613763383934343064343430363635
39643732663865316562353037663035663633356532323732313637326532363638343830626430
62303862306561323734386234653532313832666231633962616638366535353439313733333033
66316239353935626665626239313331383265303966633033376534636339303738346464396436
61333761336334373463373966616137623863303930623665646262313939313761366166313464
37313835383038393433623963363032363465616332373466653732323563383735336362336230
65333530396232393538383363383363383561633934383234333634333335663637633263623265
62303235643461323830383738343266363638343833356363323131356636376134626234346532
30646438353161643833303762613033363731633665346536363639656666633432653632656563
65363566616530666661343331313763373931383337663061303463626463663532663765303034
65363037373236633932313666643537353330336162646439373733326264353264333331313831
65376664366337663365613037373363666164353662343865653838343533383638333433646133
62353432663666303632613637373238393162346162333238303361663932376431306565376634
31316237643963376434393837656434323762323762303036626539376333383061376431666264
38646232306233306530656336393939613064346464386434306562613132623338373737356461
63653137353364316137626366376436626232363430316634633065626365376136393236653262
37356336336138646439306536366530333561363966376463333039616165376236626366336263
36376261393433623062396336613362326439616164386366316162636461373462663864336566
61373734316334386330613039653163663931393761666636666166303363336234623035313135
65353763366231383163623466656130316234663265326463323332656633653636393165353061
35633363613765396465653237623261343961336530333736376261663566653262383361306330
31366663316261363337376335616632333262353830326462396637333961356230613438323865
63636639663261636336383837326562363031643232363337393230393466313035363535376532
33356161613465626361393031373730336164633335633065613165623161333438663764376166
31613630613932373462663537303465623635376661626433343938666161393037333439386630
63653230396330663631616636386332633739373836633437633764336366393039306135663364
30653339373237623731376134383137663264376530623736633539306265393264376439653065
63343034393533313438376539313465373063386631393832353666653034363362376531303134
65396565366266303261623236663665663335636463313661646437653366336163663566383066
35343937633732643136386633653133626664393938383461633235346135386364643761363765
64333436383563356337343361356535346635333134376239616239373839333439366565326262
30633665386331653137306534303532613130613238666465653466613438316530623937616466
313336363835336563346334313435383739
