$ANSIBLE_VAULT;1.1;AES256
31303462663935343365326264306466323266653830326431346332326564353130313938613663
6331393930396536373639633665393137613565643532620a383438326238643264623465303139
66633931396663356263393366333264393061336261323365373537643231313664376339663738
6435386438646662350a636639396232613333353861613230623635616166636133626130383334
65626431316131653739346330656430323131343336316265323063623834376233336661653134
66353761383730323431633732313030383437306265303930333563656436323537613438363735
34303937333232366534333038653865383939396536393466643764613964303066383939643665
30343430636339376530613062303139353330326266653837653838366463393934653266663935
39303261643961653164663239616264623230353435356431323535323837376639353662333265
32336365623665363964393766623538393434316266386339393030393834313837306662303764
31373335656236323937343238323565663065313537356530313836653035633335383833386135
64323665323761323361336638623133656537373732383165306630636239343965303661636666
65383365363765383735323039663765663334656131643065643632363063303166373039333766
37346561323665616334326164643134623463356636636465646539666437656539626535356231
66366137633264383838393634376466656431663737313266613930356637656537336131386363
66653135653738313662323130336633366132343361333335333834646231663664313830663935
64316662353133316532303631336166656266306439323466396666636336376336633834353933
66663265626663336266336332663561366635306662303536643063373665393363626437393462
62393461376334366564643061386537343134353166383963303632333165316664396361376362
64356164633432323139383963313630383464646366663133653433353766623439623436663062
66333165663432333737303834313139623461323536643836323137356161383438366535303262
34373438613764626230636364313332336130376364323338313162663661303364303532623762
30346562336462613632613433623133313731643063386665326435353634316463303761306237
36656566636433613735613362353038306332623139636433626661613938663365623539656335
30323037333930313430366531386562356461376462633664353563383730303864303536643161
30623061316134656437663533373430666562356436313131383165653039656337393233393462
63343732333339333832656363643635323330646533343562343765373737643432623464366164
65633731313935353837623263353333353937303661393261643736616139666431653130303862
34663334643034396233646638666532623930383932353664643831363631636237356531323532
31313534373039633764303834613861393162333937613035393064636336643065623238386233
63656230326231313232353339643030653137633566333136373061386133303564643161396531
36613734326337656561336334386130613839623537373134313361656166613066363039636331
36636338646362363962303637353032653430323931656334656162333431626462333335363164
37613137663761313438663638306338393363626639376334396533336537346238646164303831
63383134376132666665353934333734336534393263333732353339353237396635393832346163
37313636313564633339646366633031623166343936333538396637396264616662343530356636
37643361626139326165366432306635343061633637376465646166316239336132636138376635
66336161343061653132346538383733333061613137653836616338323262393134346638313434
32346366373432336466373861393230623637633864313436643732373733363161643132343838
32346339636435613037306562356634333264313533303135393230623437653435363832356233
33363531633532323238623261333462313339383630626239353765646336636438336231353361
33366634333235373763323631303164666432346166343137636239656561613265623834616263
63376630643330393434653933346466633533633938663733353163656639333231373537383863
64616232346435616432306335623263363461383166316437313134313662343030616666333165
34313764643964643538356439306266343533643830333530326165666530343130653633333565
61393033623339663639313034396635306333633762633334663636343437336335376636366539
64663138646434666131313962313133663565363364383932326337313236333630326139636261
64656333613733646462333533396564633134303538646162386463353564303231663734623430
31666538326539633162343333323162386565346430383734353839333465383632646535656530
65303132633938303565373836393038373665613133393930633464643535306263636661326462
36323133386339613132306161623361336632333539646133326361373630393437306335656462
63353438663531323861383966343037663033303537333935346535323339373031353738326366
33663163363162323031323861333031663165643232656137383962316430313431306231336665
30376131356430643237666164346236623032616630323035616234366633353238303439356130
33623737623963373736636638613138656538363334376135653337613763613636316532333562
30663264373933303330346466643734373034613166336264363731373239393461623231656635
37303631393362643838383833623766363237636438363366333839323231366230613565303236
33613533616564393833653630386666393565323038393462396266373039663364323530363863
62363930633462386534653066376230316361653663336435373039383230633137343466396135
64636432333630333265343237353237656366396635386236373737316335613461616363653066
35643262653562663731663536633236313830356636366339646233626634363634386266303139
64666331626366306561343738333961366630316237326431653739376238656635316566333832
65633039303336616432333465306134303236303662323361616335623062356137663736323062
38396634643761323962656434643065386639383261343139656366633032306161303434386339
34366165626466313735626433376362306131646233633735346564313432303532373831353263
33313237306439393935646663393036636431626236313161373937643137336463363139356335
30363236636435383965623362643232323562393536656635343734333133646636616461303737
31313433646363363133636362393630333063656265613131333062393130393738353430663065
38306161353061333339623837356138383835386236646132373839663763373766633337393535
36396166656639353538326138346664346335326137333537353836313139663233643333366661
61333137393130653436633561323239313961613862613565393161633537623464386366333865
37323132343861633036386461323633356334356364343432303636356635396232396237666166
61643864643035323630653061376266646639323265313364663564376431623938373238323239
39653134623333363531633330653038383233326333643661633537653132353062306630636331
30376435316662313337393139633564613465383632343438383936383739613762343734643662
66363132643833613764626334613039373438653465663830363337656138373131646162623737
36333164363635643566393536356465366434356330306636313235653937333438643232363030
37353437643935623736336132393863303063303166363038366635366338656166656437363136
63393534323766336633613834383664376439613239323264363862626462633332623430363762
34656361363364623731306237626465383034353665643666343136363938376132643538663333
37353364666336636331343830636665363364373933616632343936663735303436373861343730
62663735373330316539323236336236396336613734376130353461636535666135306537313666
64313766353833393562346165333937633363613830303136386662393631373866333539353637
66303262626365303439333937373062626463336531356138653135623135313531303962313439
34333935363166386432336436353461666561323234396662376233663539353532636335313265
32633833393837323735376465316635303464386162663363613630623631666337626366666435
62373264373966363230653361303466643836376138343061386532353763313635303237626638
61643638346134623165626662376462343436653930653233653137353035666635343034633437
65383637396633366362323566646535303139333230326264323639353930616463393132343533
39646432386135653566373862326635636663363262616331386136343831613363633136313266
31643061393264653534616537636537383663393739613830633737616462623933636338313839
66653930613935396231393265346431396635376365613839323665633435303263386363633930
39396264343933363333366563323863393061323164386535353232656639653534386133376563
63616635653135333264373436363331653632343438633664653837313466323433313737376364
32323864353531646364353038663135376231666136663264306432663533393737613838396633
37333532313230616131633733303863653435333931323965303130343735393637333832356437
64366431363666373931313266663335383535636430616137303931623136396561643436353538
36656434306465623164646336666361653338636433316462343234663666633163323734346532
37393836623733386135386631643161316231663837616530656234376363313161333031386339
39366630323331666633616332383533366539303936383537393835653035326662313261386562
61336663663836353938343565373337326466396464613236633236663730386430353464386366
65313065626439353335323639623565393566393437646666343933363764306364306132383733
33393863373737646262303431616233336439373836346262666531613637633162383663333463
63313137376261396136323666643566353736356630393237363030646232393535363437663965
36356239393835336266386434383938613461343865616230313338666433396364336563653037
62333663333565666536326666333832303934633839316663333933313833653362656233376166
64623739376332393630376433653662316337656666343966323431336562373963366330303564
61623138396432653732326434663932383865373166626265633961643362343839326331386438
33626430386337653963366561663033663231313930333265343134633065303634616339333433
63386435313839363562316636313966356439663665623064333163306265393966343532306436
36386336373235383835303334666237383539326430653735383634383661313866656434336437
36313164306531396430613436633764396131643139646531633764303330313736633065363266
31306638623466373832373935363234343737366631373961373661336535646630643465303435
39396330316235643266333038306536323661646131386133613034376239363363303632623263
34613863343065363233313838653966646235303863363662633337666336313238326137313231
61313665616663313136383638616464646536333536353936323438326565303032643936623037
30336131616535623033373762323263386135373339643035303962653763623738326362613134
65326662333965316166383639616333643162356233313766353239306538653831383866346163
64363338323161316332633131393134646532656264666430316361663331353437646135623762
65383638346132653332643931666635346532363835643333663834653866313130356262383037
32333533313166336338303935626636636238333435316161343362366663663333623463633837
65663364313966666531333966346265666231393662303932376132393430336266343131626161
36313730353130663637333062613761376261656231633837633330306431373261393066393230
62383433643265393061653762663439636334386332393336616264646261373639653333393036
32363866326333623334363761346638626334343639306461353330646434393439333831326661
36333138653761626363653635316534373734346664646632326239396230376639613234306133
36613265623932303737633762623037323430303462613932343130323864336161636162623330
65326232636135653739373433633139633637323635396531306236666664333936613736303835
65633338383838343935393361613862343364653138666138633739663964386330393036653530
31323163376233323231613238616631643561393236653039376334316163333463313861616662
65323163373132666661643036666131353966376466646638663962343838636431623565613033
30643039386365313539363038326561316130656537356638386536666632356563306661616564
34643036363562623563353063326539323937333438303166313039613132666234346131313863
32396536396461396338353761633234363230353866646338396633393737323765376338653032
65323433353134343738663230663536376639636531383162343533343761666330353735373163
39633438653230616638393837343564343737666536613834313963666162346637623062306634
64346666316536633637646233616665386639663638636539356530366535373961616365353966
63316161353139626561346562653162316565633431353339393737343939646131636237373630
62636661623464333530386663633936616431663634333362336239366664353131303433356164
31336631313837636539393835643637616636313235356539386266626239353637393934313037
63393961326230306235346634366133373239373637633266396231336632666139306539313136
32663132666265663034366264343262353565333532626132626239363765316138333461363130
35656464396663653733623031333934326666376639306433383432366361396561616335323764
61376664346566373462313830363736323837663032636334336231376534313130663761396132
64343333386361383533376533326161343534663062663137323264653839653861636663616165
65663835623363613936306539323031343230306439636532663339636531646231353039313264
64343561653965313333306661636461386361633265393464363630623064363436356565366439
61643731643131626439653434616432303962316466313435626131376535643165643833626637
39353138383965646461353331626362653334616431656434326638666262626632343162333161
36623231313762323761363632383136343335363563663337643632383362636430643032343264
33313161366166626138353965376436626438623735393532616365366566363533393466323061
33396561386633363033666261313132356538333537663961363366663865313262383539343032
37393239626639666630626632386364316134623633373431386662306439653966323461373766
35646236343465336232343963373731306133643163656464313461383133356439316566623165
61333661343635313231333833313736353437633731643064333931386434613962656632323830
31383631363165663339373537663461366561343030326536376264663435356435316134353430
39616235633830346465636232323436616464376564326265396165353130613361623038323763
33633466386566643664333463393033396662326231383966323738313839373839353933396365
30346465346534646432656338386263356331333665653939646130666663323465643061333139
30346562643237613261393332343136633966356639333533356464653865643466373830363231
36303731306231303035316130346335623466306266376465663863333461343764663535616137
61626535636333353062383339346334646431356237326438623364386465363632613264666261
34653566616163306233626134396638373235666364656634366565316430333939633864393338
30343564656635613063613962653664663262616234373339366263333537376638373265613966
39613837363766633133616665666363333133313233333736373266303539303539663334663130
36393066376463666537396235663439396335643531353237333833303665613665616538313239
62313434333562613366393761663766313538373439366332346434633737363838383336313565
35313832663363616231653334336564633333373034306531353336313232353235646630343862
33626365663462313965363234393535316333656463336130376236643066663534303965663331
63303139346634366437633531623832653561623562333464333131663239663733303162633465
32626434383637346461303765656239633735303233346637363131316637343164373831386233
37643337396535333537623533326466313634346634663734346334356432356336343664343164
63363439383737653661373631643762306532666436323362373537383732346136663165336530
38633538373036333038326462313232306130636264383930613966643434303964373163663030
34613734643061393361633036623165323338373433343738613138343236383439386662313933
34356232613035363664646530646435613132663665646135363635336538353134383066303036
63663436316435326464643265306664646361313435616365386465616332363361666136653235
62353630303932613965373231313438363136623937303366666265383739633632393365326434
33323831346538343663376134313736333134663139383230343337656332363738643164663138
37333165396532653031303532343538616435336461343036636336396334326334366462356365
36386564613632613836373539623538616664366337613363393061343062336331633532383135
30663263343733343064346661386134336163623230323734336436323461393137646432623630
65363261386535353830323064616330313133393231636332666635373630653262343765303133
31323532346464653661666366666461653063303030353530303734383066373338383062643963
37353232366464323734386435383836616137303734363034373466663233343638616563393564
34323337396566306364363366663962326262336532336337386334626331623362313461333263
30373337653164373163316238656631653630396334323131366233316631316438613435373531
36353562376462653339303634666366326632373634356661633632663336373533363232313436
33336265633230313232316263323933343164613538616362633839636365356435383639653632
31396565616564303161366632643464316461363531383536346461616438303130323635343664
34613337336265313265623032646264323938333764323165393737373333623664656536373232
65356431373131663933633037633966643938376537323831656232636461663862336338383032
39393932376231656661646437343837376132653735373463363764383936306161303431623762
62653838393635383765393762623664643236353934346437633730653535666437323862383132
63656362333363366438303237376632633839363664636435666630336466323864396138653031
38353036373737376532316338613130303732616331346239383133346237386563323666643866
35616436376537326237336636663033646135316130343631383431316533323236666137306461
34323066626261363230346631633830363134343365643561306564386132303163653934386531
37613463656662616364373038666663656235343734326231663738303065303461353265303035
62363761643336636231666539633531373436386236623466353636363663373061636361393832
32313239363066653764376564333464326237333161343061343165643762303138373639363938
63313739306530626339316437633838636533656333323134353663666433316464663562653265
30333238376136376336393261386431353837363937353062663031306436353036623034363166
66383033303964613539326235356636343333333365343237356537663365656566653336626365
31383763666631376564316531343465353535666361383963353633636562363039326238643036
30353334663865633462613439306166663062333335386462343336343762616137323662613733
36313865333035306131343537386263333437656662633563303262303236373036616539363135
65323138353331653238623239626138303336353531616462386235646437623536383464346232
39646336366461613639663535646264363461356233356633383430633062633062646336646439
64663064643766633738306232653339306433633534656335316135303364653338623466383030
39636432376337376566336465393235323931383666353438393635346364363733333861653264
64316365393536666261316362373661393835373861343165656535626433353762653135366532
37383861663934316238626538366434616431303234653566383366656364663139656436313236
36363763626131616137623262313765623732333263383431663237653762353639613438663264
66326431386335326163383361363630613831326632636366356165646665353266373866383036
30343632326639623734653562303136373863613062313535336638666164383332306636613138
32346165366130396636663838343838613433336136626239373865663866376232666236353439
38663564373362636437306261353938623863323736376534666632613365303134353163356434
66326265393534306436376264396238356435353830313263366363383637376430303061323230
64346537386366353333636330666334396638363462363735303238303032326666656161316133
36643830626362643737323939393830306438353933616336343236353466646438376633623937
33646531313239653339303065373234666538363664353063336537363164333132396561353533
35626166323061643562356534353434353639346431336162663434346232383431353938643463
39313363393533376436643237323232656131333861613165316136316631393962386331306534
30363334353835366663383533303931633830386235343238393139383933643033643633373066
37396465623164363365623830666561353465623335353437633435363966373462616637393965
37663364613839383034343363613564376137376534366136323238346139613738333333356632
64633461393361653933633439383761313534636639656138393835336565383030326534313065
36326461363365323464656436343634613165666133366233643336306234623633366137376436
30326637643138353161313839306266323937333638346538363736396664316433363162363565
64353861666262623132326435373863623232633361393238663936643133363362626339306631
63653365643961386466646337303038363061316463663631343565343536326462623535363266
30643331353236336636336530333532386466643433623666336236323632323538633265303164
66396436373465623266363136343137626534363230636235323462366630383530313330363063
62616366373335373065323434373139366466383133366463633936626632616265363037386365
36663765643066356366386362346233376231663738386636363231363361623563393539653035
35373065643031323162646464393834383863643838376239643365623031663436623332373937
35653665333839303236613361393431336431393264663865623565626230656337323463376431
34646635616462376563643730356137613338306634643637663437303935373836363939393037
37333637616464393933366663616532613939333965336332343533303633653036356235353664
31396436396435316135663662613231663736303233636634316135303230363262383336346134
64386636356136613464313361303731313661353536643032313564383131396165303835383031
38363839663566653136353233346366643533316630326534656638306435663432393765363838
65663038623365363330383561373735386437346161383337633262316162396337633066616463
61653039666466303632313563373465643436656533383634386364363735616437626133626333
38323838663566313465326361363434636261643633366134643338393836383463343739336538
36363631666633653733333364623336323239636639633666383035643161393039643162333862
32313837386438646532623233313465663339393633653235306236393566653531386664303137
31663837653763656664666262336162636437613933333561623232343962663730623430383666
31343230613538623638363732303866663934343865373131333364616164656261666538383164
62303030303965643961313638666334333161643731633431336365353736343134653533383232
38376438656136613030343433633033336430616436323931343762383531393365313934323436
34356531353638316463633138666463393131303564336431663135616263646632633536616438
39666132393461373536666566343164353738363164356430333638623633303261346339633965
34386564636534393363323731626632663637663462313337646430346462663261633363613862
64633866643766646164396663393362613566343165643165363939316235613831343238613131
66653038393835373636323863663436326237336230316265643234626165663237663162393037
31616463393962303930613231326330393162383633343739313333663065353039393361613836
30643432373163383838363633623065343866326235313531353939343565383437653631663436
64656661353164303862623832363238326661306439613335313138393561653632633862366536
31613864663132336333613636303264633037313536663233363766373966663363303337633631
34326666613632376538343536383363343264623535326232346236636630623436333264373761
35326435393165333432383430303034333735306461613935376464383835656435623136346636
65656134646436313332363136643164633662353636326561393661383930333562383938333036
36393637353039666633616262333364636338653131376261313630386564363264363466663634
34366239396562633166623762636133353430613634633634313131663364373063613639643663
63343064646163636365336165623831616462646463373264663439663663623337613263623533
32376361646264316664313239376635316439313030666663376236643465363639613062363230
32353039346266326339343866383862636333353563353261363837366264623137306665343331
39333364653164383863363966306566306235623135663863356538306330663166643864303934
33623931313561626237666531363065356530303166366131363164666236643462653463396565
64373431646663623734366263356633383231376333313939393138396236633037396266383063
34336331326565383339646234623231623933326238663936666363613834306632313965653036
65303263336536616565333564363436303161653065646130343231653866366231313932613935
64343762343538326139656362373635313163623165333766386138656339343137636435306464
33373037373739353536376136373232356664323730323432363131313964613131363835393931
64343862653237343632306635653832646161386632396535616236376165376634666663323836
35313962616334666566653433646662656435336334626633303361653638303233303261666434
61336530616535363861333033363161316432626238343735383063383630343230323437653234
65373966613034396635316539623130383561623034353333616365626331643136356663643836
62613931306134383937326633363663393431393132613339633239343864343364653063383135
39313764616131303937303765336632613961643361643766636635646534383236373030323437
35346130643261336464396261303165313965393535386139373234646463373335633064363430
66656166623632343464626163326561323463626132336666336461323537626539653934653936
30303663653761356238353833653663356663643338366261303137323438383035303531333536
32353836313734386664396662333936633063663764383061646238653637306332336236303637
30336339633436373461656335343737343736363466303134666435353739326538393839653932
61316463303566303630363262623162363136643263323831666266343066653961396361393366
65323831626133663735336266316330386663316662663339336665393863343464316133666463
64623432663730613064653164343261323365396637336636303961326164363939303931653639
66643562636163326532656338306465636462333063336538373262396564346435353838366565
31316137326561653634616237363538383962653661353462373131656265613531353630613362
31303434663462373964636632646530666164323462656233353734663930393832393631353830
62326433663761316561646336656430303933326237303136663637373337623132386530343264
62323062613033643539366463643636613461613938303261623966356336653365383931346435
63353039306639633363333232363739366130313335353663306433316535333136353034326562
62396536336436613563613536333462383161633736366531626237633266666262326361356434
38636366653165356338633534356639666437383833393038343865666563356266373735393735
34333564636163663663363030393637643330643336323165663139623963643137656364646334
61613133316563313166633837343762353238303636333838333562656436653332656436333539
33326439306261383236323266656263383330363962326566613664626262366261623935373733
35613731326534666466363938353436383962623062326464316338323362363535663762323064
34653131353863613537333630313930396263303662613664613761303136356362663139616466
36343734613736313836396166336430373032343463346464373463353838316337396165383438
61386634386637316361336466346131313738356530623132313732333434356330663262666334
36653536393265633439626165613930363638353261333937666161633661663162303763306230
38396333643334336536336438656565373830303933666236393336333562363932666163303566
39306535373633393835303437316564656536613361356335393937393962366362343735323562
37663136313932633761303139626338366135366437313861663836306564633064663563393463
38636634353832393064636266666332656633323031366438663332373538386432383839333037
63316330333361383939343563633637353461326361613734646436376537353861306665386437
38633538643039356638363362656237623237343739303433356163616534653337623639343066
36383462613330323736623966616539316636376136623465643863313838623061343034616131
66356333333335323962383330323966633663393536333435386330383234653538613466353534
61643437383763646636663662353736613630373134353335623830623234393365336462663661
65653332646162303432363664613439616362363132366432353434383638653837666433303839
31353339313166316336623664643835663935613531626264313039646334643438363165666362
30643433363936313666343636336165386539663536643263643563373266313266316335356238
30393534383231646162393238373965663730313162663037326665376165653537653332336536
37316234363166383332363230633930623064363330363931623765366632303161346566623464
65666435373261373037303836373961343533346463646436366338336634376261316631616232
62383738383666366436343361346138616638373436383933333930623062663338353165356463
33303134356132356436336464386138376431326630373934313036623635656361653532653135
31653638396366363363356566623865373635633665636139636130393230333533623462663633
34353036633664653461366339656537313663366365383266623063656235623532333333663365
33366339363336656332383833396163373461376337343461363330613634376138396365333234
61613831343835643433356236353932333930613962613930333031383065386362383162366336
39643761613932323837643630366365623733613561313064366435303335373631643337363236
64343133613562666636306538663566643634303832616362376262643635353062663234653732
37656633623436313233336566643762623934663664303664636638333032313031343334383631
35393131313330356661366636393339363731353566333534333561303035363631613739366234
35303739306361323035613963666232303234316366393261643134646664343965663930626431
32656338326561373939336535303135663365353061343861356561303039346136666166346231
62363830663039343430323232616331313630646564326465303163343533306335636165356638
66376630303136393266346636666136303161313338633533396161653632313666626537653934
64613863643135306633626435393661396431383463373866313033356136653364343738623764
30353965633661363936316437373765333038656435646335373334626366336534376663613963
38383133616238643536306538323634373632373965313333323031303136623361623633386638
62653238323437373430313435326237386461396665613566646331326236376634313434373865
30333461626333633061313365643135333936636466626437663361383034356166656332643063
66636361393762343739616439366364383164303132363732363662393837646531343462323437
37333965333435313630353062373039303365643763336661616630653335313537343535326637
39393165303734383464616433653036633438623966336361333438633830633831393639393366
32326464633631353636353639666535313536653565383864376235623363336665366536646134
64653235323161356562616331646435386435353137336533383437656235333034393734653339
35613533623039623735663134346539396262336462373236653661656530363564313134376666
66313534643036643432613334656138303361303436306533616464346536396333623637636130
30316339303130363434356130663634323238326531343034383039313834313363643838623537
37616162366162373032373466356330376362623263363636623238323762653030643433363337
32653166663835616363623037623937633830613161653633656662623035356430323034653636
66326139616565653766353830393938326530653763386636663666326638353934396364653939
39336631356537613262366463393130643262366338633865353034326339333036373238623234
30373538323361396161333261623563393464363664663234656163313364343436393838353730
31343264363033326238323932616631663739623538316439363563373839396362633839353761
62663264656232633165323162323566313936616262353765323830653365363939306139633438
31623162623138613034613366643665626231346461666662313566313362343661313136616566
35333265653539343565343361303538373234393433623534326137313836346332393637313634
38376366373134323433336237633738333562396432616338613561616166386138373736326135
32613434383562616131653565363333636432373561343433313934386437346163633136346463
66396162633634326563656464316665643461653739623863613535333234383830323463343831
38643065623138663262623832366630323761333266643239333637363761303063613833663536
36346365323265396438393361636134656562313863316135393939306662656362363136646433
64666139613030343332313861643335653264383563363062653733663165383561303266626239
32386334613332633739343334363939643531666332306636383137353633396561616536663831
35373765376437353036303464306531346366616465306666373931646531316536626161316531
38613133396235666463333834366565663861656462666537323136313566646134636338643837
62353436633964386466313565356133376234646431366436326336303134646337393936363766
34383737306534343933623066653934373165333435386464633435323036333934326332383739
32356634653633343863343634363139313731313564656230386630333734333836376234386136
64643233343063323836613631613064666239626563613832396637313235313462613330303131
38623533323330666139366561616161326463656437346362396535636633663639363439336365
37393434303538613831636364343936346638326636303264626332383536646435353961323337
30353361616236363235396631336235613637613765326631316230363832333130616234383137
33633931623537326365393461393935343465393462656264356538666434626465636664643261
31366237373032313565383939653262653532616265343861323737656533396639366562646162
38333663636137373262653466633737653830333962343131613230393838376137666238366236
30643166663065356238643739313662663532616563373730363264393138326136666265663732
34383063396431313330626638383066316363393531336239306137393033373433376666346534
62343466336536626564353561643131363137613061356365613535343333663736613864303037
32373861636438383137336438653064383064346261613732656639613239383130363730636234
34663236346536306430353064393662336165356465643261326139616236363764353462626238
64653938376363303463383663373337666333626134663063313231313661623930653632643933
32313330316166613234393132393831383732316439653036356135336665346338303162373066
33343633616132646531303134626139353439666262616237353533653136306230326163306436
66396436623838636661383066326633633861663664636165326336356565333432343136636461
39323966663236323864393536663331366332333235303064373332316133303630366336353764
32336330613436346461303536373731636564393763393363353234663234666433376533653364
61326437336465643663656139363863346431386362653766313630306530303530346235383639
36306331626230353366386663666335633635656436633661613036323234316435373330613530
38646565336537376339643136336236363461396635306338333130323037366663383661353737
63346131303934336263323364363932613465663833306136363234303339646261346333663432
31336364363232333263323830396266373636353331313636663032326337356134386464333663
39343364656366626262363430393134643430313066616638623336623538653232346665656432
61653133363562313034646638356637653134336465336331396362356363633233333337383136
39633536633264336331633533333037363165366339663436316134656262636435393264333731
32373833333833373465383965306232356334653736353334343065656363346262636364623964
30346565663762393433326130383239663332353938393062396338663565653161626231353936
34643363396563336630633839396333373131353539343034663861353730643561653036653963
30333265373861366638376230613234396530393836663862616433393537626634396534373937
61303838663063653934646130316335373339363534306264343031656538643464323061363461
66386237373861376465636361623939623239383365646165363034656337376333316334653735
31386662333562333139363733383665396665393038653232373637373262613261653935303764
35343335373338313538386432383333313262663033623238316133306339613863613166636161
62626366326366343038653732313461386636386366623663626561333665383136356632346136
66383663616333323838373966633735613533643231333761333035653730653633663931316139
36306466613235363032653333313461303962643566333765646637366439663966626439396166
38613837666133343638366564333765623332306466343764626430323430386663663130643764
66353163363138323230626636343634363731623731643932373665316539616161376537656336
64386562656235326138666132643464643262363164386234323864383731323561333535383431
33303039343462346462383261333366376338323363313330393662343530363061646538646130
66323535636362306434376630333135383032326137343531613936346233633838636261303733
37373934326331343637316534636566346461326132343837386438353031363936636136343832
63333730393439666334363131336264633365656633333764633531626563356135613431353431
33333733653466383464376130646131303038373231343764623366333337396332383764626565
34306261616366313137373461326639306164333036616130313939323862343339383061656433
65613834613235396535346566333962393066323866623531626436653966373235393264633163
30633139666332643537636362663564386564303335323765346465333962376466383161343736
66383764626333653438343831373337396232333034383566636334386264373665626433313438
66666131353333303161613138363031316231303737376131316261376466316631643333656234
36643239353634323937363862386438643735353161393965646231646365626261396165643964
39363261343234333265626663376536333432373939343135633439653435353039303265623463
39356639393961376538313561663734323433373731343330326339383561323937396366646437
38643261313935666336616338356534643037356631383763336634396563376666633334656462
32386262633030303166646534376266653738373066313136303436323862653430383433303537
39386332663733623262623031653662366530623030313837373235373161386334356536633063
36663462316235653434626564303536656535373437663265656639313835323935663063366562
64613866643236353632613730326433653865333538376534376131616162346635613438323938
38336231643365353630643434383763376362643232393535303735386334666564356364626239
61353433313538626165396131616362306462613162623536396236393338643430643032613332
30363164613131326561383664386566333639353333623463626563616130323562396431356565
30636139303563323064616634303038663563653536653762326533323634303430386434623963
37343335393430373732323163383661636433396433356363363030376534393232373539646533
39623935316436303132343761386562373531353065633965633263636533306530623339303730
35336133643063313464356439386434353363623530623432353564313933346530653731373539
64313566656634336365393730353538653466323531363534356330336163663539323930343662
31636332613839636435363831326362636561656466653937656236613132383063393461626666
64376465626461656236333738656561653635633133333734626437633933373864393265333361
32343837636230383031346434333630643434383934613634363430306464343662303961663064
63373661336336323164383531306335643062353163656566616161633432623465393336393130
61393433613838636430656138666465663234393932323935343065323138393037376430346138
61313934386635663837383865343564613435353932313038643538363364306262393732333263
38323330323639663539653931303466623566366164643831313234343337646339316561343639
64616566303530663464303361383666656664656434623664323730316136363530336265326564
64623435393135393736383861326161313830636632383464613932383034326632313561313261
65396561626238623563656430333936623230343830626466663965316666666365313135396231
33643734356337653063636631333664373166333361363631666138376135623238363935353966
65303934353330653462316130363764333838653666626265643965663633656566616665313264
34636630393432366663653861613963613434366339356163653664636663393338626362373233
61313639623131643939633237303538623235393235663132316431363634316333663961623766
62636533363039663237636561666261313062323438353238363333616565626238323265376161
35326161376162323162613866333135386262633661343838363566303962316530613836326333
34316633623062346134636334316239316633653438653561393138343633326266303865653534
66383535636437623835366630326566623264393030393938396162353937386636663966646565
34646261356135326334646433373630343138656134623334376236383137653464613865346437
66653863623861386561346662366433393365343366623861373463636465383064616335626362
64363162393033333839396661343730373438313664336530346562383564306639613565633335
66323261656139653234643661373939653137616433323236316435666466613762623461363133
63663766363734383636653834613632343537373030376530346661303965626630653431373334
62656461353733376432656661356331393066336265316466333964306263373930633934303462
31306530343635613461343332623165663037363466356334386465373562376166656439316230
35313538306430373838623866633331666532343635666536306231303536653535383036346538
61656635623533303230336439303065626638313331636366326234393439393030343433343461
34653137363863313762303039613836323362323966326535383834326430366433396562313639
31663332383638653365316536666265636562393332626136656539393436613532303665353637
65363837313335356533386433366435353665613036336330646463313361326666656439376633
32343266663637646635646266613866396462613636306263613363303864633735316536376335
38356632356134363733623935303436643266623437363261373365323631376663303431313136
66343431363634663865393139353234386465643833656564643433313235333737353435346533
34656237653831316236393237373163633466646264613336313438356539383062396634343337
65663432326535333238613236303336616263333937373131393262343836313539346565656539
35326165373431396465366266356335376634363033303363386361303230326133613731616637
66653431633961366365643835383261343632333539646330303533306364373665633933386464
32386636653930633235303038303961343835386664353464646238656662373839346435386364
38333732326236376631306239626135613630393532646662633838383539333263303566363738
35636631373632336536373531656266303262373931373664633061343033663361643938653438
66313062303366343262303738663730636536626661383636613530646562336336386366303237
32303537666132386162613933383661383065653034323963363233353165326434326336313330
31386262336135666532626631623438323335626561653238303532643733633565343838346164
63356537656535373261353166633432636462653739323735386562363334336136363833633037
32613633393666313831333335383338643132386435643464386335653034356336336436623936
63383766636234386533646664333730373462316238343062363832636465396431333036626239
30343763373165363537643762383232643266323632353438326364393635653366393264383939
65393930373038353735323139326264656564646161343066303733393635346466663432386266
61376332383733373266623139613764663034376333613034363563326631323935353263356465
66346436393434373637313232373139366466613039373566386234336536303839613338616130
65653936393830653337313162333264396365373264366236663632393764613865616134313230
32643036333530653065386633653163356666356535393864313862613738356564313538663263
64363039633364633636663962396230376134663364313932633131666565323364613864356131
36336263646439623033366366636462636161643961653464383962656265383663626337613032
39663133633939653331386535326630376134656562656630383135303934313866633663316562
35616337643863356435653138383230623530613233343034313165396639643730393638316333
36653632366436613562313539326430616261353061353239336635623166363864653735306161
32633434393133363637303565396536663566616563386639633766643961633634643038353336
62663836363465366235333761353464356439306162303132626663633965373938313830666437
34656163366231663661663230636162643436353638643566363433386432646638306231613262
64373731356437653338343263663833343361323732656337353832613364353838633335316462
63386666303362393062666136623139316637376533313633386563393636353330646635663565
39343566656661653339633666313062333032323838646566636264633332613962613634643133
37653137653639623362656130343461376461636432363736343830626633653662386633303737
66343066616165376136346362623265303061333730393035633234383432666337653434666237
32366634343230653734616635363163633036656230386439636639366131613234613761643766
62613461653133383132313137633262333766623736336333656136646133343439343734653533
65323663623461346230643538666535303530313166333462343436343666343164623337383362
33386462323835383338396264646237653933653234656137313262643565613138393339666430
62353131306366623431343861393865326336386564643965303937623731333465653333656239
37313237613965383434653630313738316638366232656335343531376133386166303132343135
65383862396239326439653966626133636461653434326264623137363533326436386461653333
65653739313166656364373064333962373335376135386261663463306464393363383439616165
66323136306433333530303062623635656135356361366264383232633630643836336564303935
64356139336431383534303064373562626264346337326562376539636637313432623862653931
62333738396461366536306264623633353635396566353663343231303439646364373030636265
61633632353564366630613135306138396639393733386539366636656366313361353939633865
63373366306262353861386136303366616431616134646436333766336363303062326130306564
36346661643161636238363962646238633261643665643161633537623038656437306333393437
36613764653732656639393731323135626538663466643439643836393533386236653131396334
33663939626632363834306230313631343139333631323766663164633431346139656561336337
65383261396336623739396238633063316134666338636330396233376136316464343862663235
38653465613233313866653564383463366538366330346664386635653835666539366265346330
64613239636133376533386638333836353662303965656666303732356566656333383833366133
64336231306262653862343064636138396635636133343736646165633764393863393264343836
61656363303537656432386236623833383366623131663533336164326462323832343362356666
35383130343131363434376565653138343433303337353762646565613838646231653562383437
66353065663862633839346632346131653532323864353663623364343830346539323865343161
66663136373039306631336431393431643638313864623662643466393366386663663864343365
66303839356361336439313933343338323065323562363562656333313366313731353634626130
64633836343936336261646236343966666662646265393432386136393235653362333364386131
36383266303634663734366161613166653461356530626537386437633131383264393738366539
38663333363138323461616533343964366330323630333663663331306336623338646130323036
61613963306163303734333262393836653930643431353464363762333438313534363962666363
62366330623834373662303938633762366338393036363539613635366661343665653464333135
65356333353832643937343431333563656236623561613138306165346631363033323861316131
65396161333037343764613466373066336237303561383937663533366334623163393130343663
62633339353834353136663964636665323733313865613337313635653465623464343130353635
31663264373661303162666462323366376430336534623134646435303633363362326232643435
36313862363864343131623137373735653233646430326532623434323638383862306434356563
36636239323134373235353565343132646239396432303439306431663132333437333231666535
63363239363330343334623137303234386233626639326466353434616463353466643163366434
34313462623565376536353461306265623339326630343030303361646637613065613761346337
32623736643061353361623335623831383236393033363134656564303864376163613237343835
31663564653833666462383034623734613164373536663463613061323438363063323934656166
30343662663932393164663039333531663232636233626561303238376132626137626339653664
32373665373330393239313530303364373863363135653066393639323663313638626536623264
30333466333339376236383732376662653733386136623466646138383735643866333130303766
30646530313935316462666131633834656539623266613234356637653230656633393334326636
32383461343364363165663532643338316136363562616266633132343766656134626630663265
65623530366264656562643430373939616530303938316139623131646639623639636238623631
35376530303966653135313433653938353239653937623136303538376661613834383133613238
62363664373037353562356530366161303736396439333362346430336636323735386237356535
66303861653265373062386561306230616362656665663433396434616139393661633630353066
62316137383330333236363965643235346530653930323239316465363865393330343634623337
33623339646366326432356533396231383738663561376530613635616365373461383331336232
33376366353238653437336230653064343061616531303862353032313731336234303164373530
33383663343162343666363833613463393037306133623661373462643661643132396432653030
37363361666531626538353536376163383539366265303062633430666238306461366166303930
30653234306163376464316665383762343862623235393531346535663931366139653138363661
31663962333930396435383266616361376662366239333934323837396136383166363639636132
33306664343737623035383666666536643464623066666633383838336633636261323037653032
64303366643764376262626138626235633361646230393038643161643361653534336465636437
35353630653833626635303866613464343832396362346436383636613534333735653332653764
66653033303831343731643762343733343732396432653638303932663339636438623164333962
62633135323438643465666537336163353231613037646662306664336362353736313338326436
31343365376137346663393766663636333737336130626430343036656364323336323436363334
65346433326161396262333864373164316161346539663530356436373238633564643538633439
36313936303364313766666164383664323032653532343863666330346362333237383964336239
36396566316461313633306638316133653535666438646231613033323631343162336537386634
39643330306535646365646431653033366335326632313430636561643566333138343162666338
30366362653966356636316536623930383762383034306634633435376433666638633837333235
34656538306231646430663464303339356335313664626238343539376437666336316136343134
64653939383838333137646665323561313336303933373632643136326562633732323039393461
30313837313633316636646232636264386433643834643930663531353635306166356137643064
33396662333635613063356561613435343737623665633435363666336534643335333462326561
66393937323338326337326464316237316238356639613235653431303361616338323434333239
62373766613739643663626134336432383633323031376361323237303934333138633166663361
32613634646162306262306137303364363237366330613334383565616337303263303738316236
39656239363931616164613531666131663538323034376635383038626331396335336139343336
34333136633062316135343333653166663864663431323436373563376436663664366165323130
38663963393236313461313262333635656236303330666266316633653163346337343461616166
64303062626462663765393063643037333735303130323962386165646364346131303161623765
61356364633863383037343035323531356564656461353232313432333432616665666235616464
64393130383263666537613233353935663164653464363536623232366630633539643336376534
61393565663630333964646631636238393935656639626566663432366538386662653136666630
62626163656536663965643238346632356666346437623438633064376238343937353766623431
61343630383362626231613231643234643664656264633639356565303733316239623865366333
31653732653665613665643336616464396564626539313132626538376261333966326434373030
65396666653834613233323734373234613861303236666263306431306431373934393036663432
30393362363538303461386533386465353664653637383062306234373739343630376335303232
35626631346234663631363331363335323630333337323465366239316563346664316434376261
37323466666134633830353534363831613266316539383131626639316361653634663062393732
65383461653735333863316663373965323664363966393334636137643363383335636133313734
36386330663066663765656464653262666534326366616161646338336531336236303964613062
30313432353337316563663032663765646439323730353930643463393465636431663338356464
35623038323662323238373938326461643832353761333065313466363138386538363964633631
63353335353431366234653636303764336132363533663764643336303836356235343230613263
36316633613935633230333130363264633366376165333937653032303039633934643938623039
30353836663835393233366234306665623430376330303739356533373566356535353138343465
38306536656264343938626139333730356234653765663932313934353937643733356237633336
65643232623830666135363066353731623836343134653836653264383331346535316230653264
39353138336231353432623562376635626231303663656630316339313738303338356334373562
31346266636363666630353239616665383833666462373566653430643764633566313637393963
66383239323931396536343631323637323932306239303237356564663265343965343237383963
65386132363731363030343935653963303836306131346439386366646133383739613565626434
30363232623435633738336331393730376565303664336462643932393463326431613936383664
31343963373662636664373264323834353735653063326364303365623038396337626331303633
30356630393736336664376663646630383131313639316561363135336339346439396261343934
34326662323430326564623034613966636535306664643835623765396463316332386361386563
37663630663738613861633961313036323566306234626566636266636231326165663461633037
61633863396631313861623664663762396463656334353461383932306631366538623834396633
36363830633135623063346335383637636330316133393662633131326562373363616636616534
36306663353239346233363731326365353734653863653035316535626131336438643561313231
65383733633232353433636665383238383834353732303764376530333933386631326563343231
66373964363161646264356237653061333731303965626133313730383664666262393766616636
35363639653338383637306233343934373565613362353339636335656638626239373637373236
31353038396361613234316536616466356233396364626164666333663535613438636565373530
64373039333336663230316333663333636531653364633464616365646130636134383033346638
38323332613739623333393932386333313831326238623634653631643265346636623461313361
36336466376164383966623839636236343064623633386331356639333931623032393066396435
64613464653264656636306232306664386438393061316565303063386438316263376165626661
36316365656234663362383662393636636336383639663230633061383130656634663761353330
66663037653565323537626531616637663364323836356338623530316264323330383432343565
63346631393861356236636434633065666233393531383565326665393536313334383933333561
33313661333239656463616161623732386531313238383235376530646239306465353834666230
33316166393938346338353164383736303561313030376134313133386534353034343538663039
62303039336564653061643261306565333034383365303633356437313639376437323333366130
39336339646537316331343839353964633239326537393930653961353539396534333339333036
66633764346238306265316138303530303432616366626235343931613233666363333161373137
31343035346530363866623432646465333865623133366464616132366664333765343039366633
39343461313039663633333435623039393831636364643730373764303136613836356134303264
39306263666263356666343964343530633066336161386335623731363233346265386535626133
36623937316137343232666466306563656665623066316163393437333239326665613539383162
33666537393733623064643962666134633936363032643133373161396137636366323062613938
66663230613335306561323565353238336631373032333933613065656662653661393237396663
37653261663039346436356338656232326631386230393537356561386264363530633832633362
37373339346566333363323635633066623230383031386166356163396530366335363861313730
62383230613535393234393836656662653762626361623366303262616263393537303336363732
65653938313263333232383831616162343565653636383536636264323938303734366538396139
64643566313735653732323937393630323835383961313637643733373464333534316164333539
64376436623534376134323565333638663232316336363233643430386563623861616634613734
38353537383132366631376137626535316132653139343338356666393136623065383065356637
66663737653463333634663634363063323364336131323534323431356465366333623137353164
39613665393736323066643364333865646131616132313662343161383466383738323931623466
63396239623832316232343839316164623035306537653364613934636230636535383933363562
34346461313638353862376231646463656264393463633466333432636365306538383937346436
62656139316563323539616633386462376137633735336432303664393532663135626164316539
65613931643063393937656166393964343635356136353633346438333231333638363331653363
62663366303661316330303732393661343634376438613662393364613937643738636635663065
34316163646261323735346132343237636564303638663030666338656431333839663239333062
62303264353834333361323439663362343331313430623636633938343737326230383536333333
32646161323562373731656139353334623334633438313261623763316230366335303535393235
37623831326133393266626564346565633463393738636133333139323061323434353836306662
37336333376438623930303663393138633839313663333266393936353564623562336262613431
39303966323337626665633365396236333032323938623764666662643532623564313466333937
61663834653135356136346662353461653738323465303961313165343537653231646266336436
30303737363434653363303537386461616330366166333833393865376132326662663664623636
39653363393730346236313762373137386365653266393739346166396166383162613537656438
30393631343861626164326236653432643236633761333566633832643234653163313534333032
38343930623961313830623135636566653035323031616266666235366262333365316636323766
30316131663765666335646239623737393732306637633163633335363338323638383561626333
65663463393266353435613961363034326162303331386135353563326135313465366339346464
34313966393966653434333039383562313736323463373933373031333366623234316364323861
63323633356134386132383135623436303066313437313832343463653038366331373661343661
34366463666135663538623931336635613335633331343034363531386431636534303266333165
37613032326630666461316461326662316533303866393666313066653636303733363436653961
36306431623064626534353231363766643965383733636136303462376466623032326233323735
38653662393835383232383463393337653066626633356333363863623433363832653139643732
64646462326364636161386233343831616230393239363233356663613338336665316365666165
64636438623139346566343165646535343437623537656438656463383336356635373138383535
63633831313162623632663731646564396333663038343834366430343766656465656237373835
62393936656537323233336336613035396131626130663965303534353630336366326666626636
36346636323836663135633031343231353032373036303437396131613638613236376166343032
32393363633031376232623862636633303932653638626530306566326438383433633130663432
36353566653231626661356266343731653763666564383064643965366566663532663062393838
31613365323830616536353863303033396133306133623964643036333264353835303766353033
64646531366135366237356330333761316466333731336635366231623766363237336665386334
63626665663436346434613462616563393935336364303933613264366563373035633433316333
61363865393437626631623430636265363762383734323761643834303136653465373365363064
38386339616366623534346632643938326163613534383536623531643761656366393262363535
30376232663538313730623762653165663835343264613131376533666135313137393336343435
61363865313337653132353538636163626638393130636237353262353135306562666230623436
62326163663639613034316630653933663134376133336533393738653733343765393837363532
39633139353237636431643261643333363839623637363264396132313237666431376639313863
62643963616436306536346264656130386361626432336434373831356236666165363761626333
36643034383264393337666263303064393062396236383564323531393166353830316661356531
61616333613331333730636465376261396562626264326663383733313361333963613633376537
35353130316461633638393230393336396138646232643265396433383962323538326331393130
37386662656632396665336338623165333263323237613161646530396565326662366235326432
64393765396430663835396334323130356236336232616165376433343463653732613263613739
31396130346334363539663064666636393032616463366436396536353333343763616337336433
65383532383632393439376132333863353864386132366365633036336537626266643561393766
64363962663166663861653837653764626136303762646266613134336431373133373239386231
61633939366435636239616238333736346466626634376235306539326231646566666234383035
62343638366134386432336661363165623534333564613032393633656665333165313537323635
37306665336536663931363035353466366666336439643165306362373135356264333538313836
62643963623234313565396535663566646537323261316465633339633531656133623934353362
36653330313134306233666237396465396465313431633235353332383831653433366664663037
38613636633634396635643739386562323739633566633637666433373230643831393933363538
30656432613361663439663637616539396239613332656461303465396530343063303732656133
63626465636331653861326535346630653232323131353062653834616263356465333861646639
36336161353835306431653965383932303234666464373361393436636336326461336533613763
64356438313363366365336339343166656232316537633361336261663064363333346664623066
34626537393366343532396161383761396365653335336330336663323937653930393834353835
61666165373361383031326338656263636635633764663736343162643139663465613838633035
66343035383633653039306264623935633864656666383061343362323537653838653566346531
39643636623861376563303965323331383262316233613932663564633633666234376461383631
65663231333139656536323561393965663536643733333238376633346263303131323336316438
30396532636466653134333233366639326134306261326132623464396332356532646536336565
31636264616666633734653064373664643964323839316236373635353961386163656637373335
62363830326439373864333139316362613533303963373537666131373530633236373639616135
31613530313231333764336161396636643831623835653365386138333365653965653333326236
36623865356630386337363734616637316336396133323237613435356334626535623339366363
39613535363535366634303433343233653934623634633133363566313938643463636536346662
35323536313139326363653033336565396431343231613562663239633334663630343432343131
32376535373962353735373037636335646266323235383934353733653931313733343535386432
64306436313865363762666663316437633333303931326364646130653063613138613834323830
30663236373561666463303861393263333734303966353938653565383565373766386466393565
32653365373534653163613733313738316235633332383964306166346238646265323039636466
30356231356439373739333563636339663935356636326232363866663964663964623530396233
61313161326161313138363564633264623563393436386333613462623161646263303838613964
30373835653734353236653239363365346564313164613364626666373133613134333732383336
36643264386637333134356266333661653230353864646636343730346139623731353837626231
65376237376263323031663436353562633037356264373064626234366536643038313464376466
65326561663536336461366137663835623561613563343637366166663963343531363039613031
37323934623764303234366631643638313063626239643339323361633237346139623038633135
33333436643639353865636365313130636431383162623835356364653061646465633332386364
61646331663436336663303765376435663463343130393061643136333730656361626534343036
61623962313566386430303033343538303666613832326662373039343238393033353732316131
38393032313866366535623339663836393039343233376435323933326332633632396432353836
36373764363663636437346338383466323731356663633563643166383633613865396433326239
63323566396236316533343165336664333231333032396636323435616237313262393333316137
30303464623734323434643431373263373361666534316336383438303635353236613533333435
33303833366662323965323532373230396230623633373131376261366239613064613639326364
62363038643131653531646530346533616637633830346633356264626632376131333666313434
34613539363536633762376664333365353433333739616637663137323832343835613339383830
37316432636263343931363335323261333837643735323833383033396435356634386334323834
35356137323261363735623432393363656430353161363433623963626465356564613338373738
31393230383939316662633834303138613863303938653937316637343333666164623932613631
39373632656135363264373733623835376366393433313561343936616665346666386365303764
33646262633765336330353936376165353131366162333966383466306639343137353965396434
33623937316535346165323765376164653730653766393234363032373665306436373036336264
35613465326566313232633765353131373035636535316465303763643232616462326161383834
33383631623766636534663236386261396636366238363238353461623665613333323236663965
65343435396434373738353466393335333237303634636236346634323365633636316435356437
30383864313865366462356439633730613336396566633136343633353731646561643130306638
30656230383232376363336630313164303965373935396432303664356238343961326231306362
39356137666535303035303739646530656336306166636430323062353733356662383035653862
36376661353532613562373138383135663530646635356337663663336365616438616365613337
38323562356536346433313333353865666539656135376338643730363333653337653331333734
65313861633765636661633034396661333935626437336437653337613335303666623937323635
37626561343034356566383637303239623164313232626265653137616562346339623131336530
65626562323461343736363261316133323532343138313531376233336562323230383537363833
63626166623935326336343332643433356330653265633665643935663335663032653430393239
32316666666132316634303035623462333234353636346230323139316333653839623536306164
37633334316235396161653531363031383365313739666265353837393231633332353638343262
61643761633563616633626262353462396634313230663736623565306532663263636563396239
35323463663964353263313038343735663634623233333662383439363731313339613939653333
61346263323862653866396234313434356533306166353063386532323065653063623732396265
62616439323764623665343465323930396235383634353238356438336438343436356466646338
39663461363862653031663531343335656233333235353664366234386531666232666132666231
34303833383932623636623232376230303563373737623534376630303931616466343336333334
34613131333763323561383366613736663362623630396666663062656664633139306431323663
31303739303034363037326465613534663832326339346331616131356635333233336363646438
61303738316530626437333835343636613061353062363366323465636265633132653333616364
66366563396331393638393933353162376337376133356135653763316464646436316639343434
39316533323566623134613233383866376164313562636235333731636437613138376635623563
64323365303135306438356239373439366434303065346235653866383961363961643465616435
31626531383666366433653264316161643362306264313731653434363865346564633365656461
32353333313961643536646662616132666266623534643433306162356236613230363635666633
34353937666165313864356436313066366466323138636366303733656531623238656232346162
38323235646239306335373233343365383031353035333663643535616161633535323537643032
33313561323463323332626564646265343532623864363462313966366331393734303635663137
34333332643839613064366666363864656533626439363736636333393434336237366534363537
38626461353663303335346332313238373030323563366430666433383165343739353131336637
65386164306461303966346130313964303465363965636439626339323932333933336261653038
31386136383137663364323637383561313431313832303337373430363130373735313931383031
62366335356562643032326630383331356461383133326630663031633131393761363362376330
37396332373266313138666636393331303436626139363132303431303833316533333366626266
65316232623163353463386432656534333433633534316265666236376465313333643463363135
35323934333862663962353866303032626530626665343437383666393164383335393231623761
32366334633332396335393138353235373663633232656334643431373734333262616464653565
34623731663537343536343162636365343263353736353963656533616466346437396164363331
61336465306361303763333331386431346230666664316564613933383964613132386536656264
34636239316336666665636332633564313333653963383564363235386162666163366362346334
61623865303638366234653862643535663231346433353634316134303266343665643833313732
62303034653030383766316261613133326262326238356566396335323164623236363061316334
35313934383630366663343865313936383766323239666666623766396561313561613532666538
39333563643238656665333336383930653763363965373465633338346131396138333530636132
62663066386563633531653961366237336363643966353636343861326237326361353837333162
30363265666666353130373263306638363432616239623030333432663365303938626637303735
64386538363732366661386531316665343562373833663230653732336565383163383562393066
38333738646239663132613361616565656639313865313430663133633732663733373732336563
63656434636161353731616231613963333033376235323861323330326433346435636633343365
63323666333435656536616631356337353331306532323731623238306439383665303462613332
31373033616439313338616533636163373236356466346462393165666639373931623334613634
35343735363932363833656266643861343735613761626166376562656139633734303633303639
31633366336236656134396531306637666165636266663030306238623430313838323934633661
63613638303664333061383933393538646664613034623732333430643834643662373536386339
61643933393939643132306661656464373533383537336663333838656630353232663934303362
63656463393136313931663738313932323835356663383964616366333736633930643437346530
65373531616564656233356362656263323136356338613630663162363466633431643165343633
31323161383636623138383463613963323333336337636438376263666131313937343832623766
66326138373565623539343038663032383837313066666134666263326637396263353738656538
38363832626632393836323764643037666462363866636630353033366130313630643332343232
30383332323836663030643832376634383835383166313732653261313438323134666366353862
34306365633063343932393237336532643133343535613837373733353436613561616465616232
31633934336537646666626465313837316337626463303432646165653939636135373438313636
62376361626534366434643465633961613338353964316263376637396230356563376333396233
33363061613230386339663862343331346238353635373466386336656236636437343238646432
39616137666661373866363464343039333265383365653031343562313235326634386265316534
63316364616433373137336461633132646431306264643633376431653734353964663661613834
66323730623365653936396434303339313532306565636535306639326433383466656333323431
66383432346530343066313732616630386636613232303465653937343864316530313363336664
61356331666232623466656165393536326635316138333361373662396133653762333363646164
31343732636534353836366264373363326137306438636539616435666139643138346437656465
61643237643234636335373032333230373139353865623238313837373338353733386139313438
38633863313230666266623338643036613232666638636134326430393131366366353130306335
32313732306466613732643261353730633366353962336435313530383062663361363637316466
35353930663864393537636434353861633837326130343237373962323834353064633335376331
31363133666262616532643138376431346563353466623537316330646134336133396539386136
63623164633335396230633335356631613763326335643065323064343163616662303965396366
66376137636361666365353962666263313964316363626232656436383932313932383361393064
38373332636233396165306531346566303633626461336363633063653839643033363536366363
63333462343433613834333766633132303033336539363535316235366333343563333365623835
63666561376166353966353939343931316564633166653334373838643636316239313436323365
62343164333866316230613264366634336562323663373030336638303565386239653564336332
66343938666634323366613163616161366235613063306530376633366361613439626336626433
64396438306239666635343036656266363763666338653134326262363263336664653363313236
33303038313337303739636233623335343163623064393132393539366438633465393061313066
32346534313736646265623866653162336638356534383961643865636232326633616330613530
63653238396261366238366332386261393533343763306436393866666263393362393662623639
32343362343262346238343364663364393964303163353738306537323036326139633836336634
34393362306232613931623034383532376262633939363964653131663662643463313364313631
36393963376162356631323536626637383061336637613864646331343334653438326365323230
39393630353763396235663861383762356534663431383934626338633863323135343432626439
30666564616362373030386564616534356361336238663666396639623136396464643339303433
66313362353761653562663830383530636665623336353737666233633138353135396664303966
33323064313865376664303737306466356236363766396462363664643035626533366337373561
35326664313264343938383937623139383838663939386432346533333261373263646538616663
66333836346436623335626364313931613635366439613932663764383230616566316464303935
33663165666337653331663632343835616533376535323436363130636631613135656466633233
37306135323432626365616636306134343735326432653063336564653937383961656361386262
31633033613736646131303636303430383037613138313937393339373562663632343463316266
32356136373230346234343530326134333461643639393331343433326335363037643636646235
31316335303732383333663336653735313931353834356534313330646561343134353135613332
39613736366562633433643430303964353766643163663738326630313736393731306136646637
66623263363364633936653463376437303238633533643934316430303039326436623630623032
62646438353961653064386330386631326334623738643338323532636563343064663437386632
31323335613236323132303834336536396137663134313238313839666436343338633366323836
39366236646462663336646638646666363836343261383539643565636537373239643835363633
36393762646166616534633231376235373562653663336533383238613264343763306634666231
38656332613164316433366535353338386662303338613839346361306135373865633237353238
37663465623162623338643032373865396335653439623262326430623132353735656639633131
65333132633331643836323063666135376233363462666130623231373864363233393665656634
61383336633265306433306164643432643363323332303466346563383665623135353538386164
39623066643036326662626538636539643330326533343434386462323263613231643139643066
66383839333762626130616238613930666265343332663638623565616335353362303630373762
31623935393633326132643339633231643231303365616631393664653035643937303965306131
61386164616433646631316361623835616635336439343036666236643962343839353934656238
32656361643639333732353935326661383532653631343765616161633732653938666132633834
30336237333366363562663362666434353036636362373266316536643532363564326437316339
31356237366464663339616339333631366335656531393938306637346130653630383862313032
37633031343762376132656430376634366238303231333437363464386164623436356563633234
34373861326161653339343862333335663065393435313933336363306236646238636565333162
37633463336638616234366538333365643961663433613535376134346164333639636138353531
30626536636364623731303035303361313764313431636138646135383639313534663737363930
66383363306430623665333961313635346437373633666436396136633330626336303437613434
66363636623663643663666362653661376633353031643964313865353665306164623639633664
66333538383261616634663064633163376530353665313434333262326133623265363761336230
34623238303632616464323161323061326131343464643734363132366562386430303633386238
31623237333661353931316565633963326332353861613033316133396164336239343434363537
36666135393134663262336232313936313264343430633737613563373165336365623130646263
39633831313261363162393936656136353734353837323966343637393636353739366430336361
38356238626233363036643036613839303761623764393066356537306462376563613038313133
61656433313439323462373035386464343437333465656132656235616238633431613462326661
37363934316261663735316632323664336536626366633661346164613863666534353061376164
65616130346131653637663037313831363232313134633161316665393563393030323034613466
65666566353839376639333831626361613333313532613636613164323036383735653333373430
65623762373237366334373764623061613132393066366465323338616633346234366433643565
65623365373464363830646462616130623164356634336233346464363330643230636636636537
63366262633037343463653566336534313031323736313538306539313533336661393466316436
61366361396164303864633735386437396639346466396638353661353239343738333033656465
35353566623239323065633537353834363037393632613134393165363037353165646363383262
39336264313939333936353638303465653434313732616230343131626164323438303138343535
31323462353761323131653562336261646464366639366438633131396531646462626338346332
37346264333533393635616638663838323139613863376532373536383966343733373363633161
61353334353033363031653639336463353435303433646263636265333362383237633039336639
33386563313239663161633861383633373461323535623832343339623830383539363937396364
66646638616335326331613863663934383266333332383566626230323761333931373463366466
32363037306637626664306130366432353862393832616131613962333532343339376366383831
64346431323536653337653631343964343235366462346431313235656137343932343035636437
38663531666163306638303463636561626230366535343636343064323033303561353464633435
65306664363731363431333430383339633466316331356663396264383135623064623664306431
62613636353661643566393066613933643966343863346333373762643565626337373232366230
39623263626630313461383466333264383165376233303735656437643966393965616239316466
39646635366632656265613265306561656666333230643339616262313066663430376362313339
64666233333532626362643231303430326530313166623863363833376561666463376164336266
35306436393534616462663832346163306533363237393134313662653032636634626662303261
30623833363835336364386662633766326464363933326431313031633030666433333830663338
37363766666631346365623437303565313734306537303238656265363136666661616336633966
31623632656265383466373238373764356431363833383565363831383730656436393738373833
64623438633931616133653935313430373834353335373232663735386231623332303238386366
30353038356236633538636163623635666234623039653839646366343339326665373966356365
61383031323463663866303136333030643737343533663330313161306130643031356232396235
34323466653963343034616631396362653739366362363866386334343738363565366636373532
32346562613464316131356234316332346463633763643235636562613238313765396331326666
64316165313230666162303763373163633238306330613136343834343030343165376561633836
37326163623438646663306463373964626165633433343064613466346166346530383132656637
38383630666337636264323962336538623033373765336138666365656437373166393763353139
34393031336633633166626135663938646262373265333832343435393237343232666431363332
30383436323365313261616231636365393433333061656531316238363139326330366339656439
63663331393330633338643835326333313831663761313532323436613735353333653866653530
37393965383766356661373465356433303939643436636531346638636539313831353738353937
62323463313332663033653138363365663337643931376633366461396562303136363663383433
64643965313936643036366666356134646431393839633136613838613463616636656139626434
31303062633037316231626234653439386463633165326638353336396430353036386234653731
34303666653438363063633737613563383734316234646633613763636265633934393832383632
32643163623061396534326232373338356537313434653135643236353634646632396463646364
31356362353434613138373233346333313165373866356630333130346266353965393033326631
37363035636435636231353738323130666234633539366365376164343237373363613239376462
35646338386166326264656633363464353062303463333563393464623564326562643133333630
61333161333835303437313537303636613565393931393463626162363234643439653632303138
31376537333965386439366236616665333161336266623965616332633637623561383638623463
64626339373337386463646232333363346666396235343335373464616430363465373365373133
34346130353035626430646335313966663136646264613264336631393631333064623839316338
33643162613865363933666138353039656536386135306263393862396135343039613366623261
66343035336635383831626665323732323334303835633134623334313635306632613066666465
31306134343732356331346336316535343666643264376337366432616566313066386565626331
39323438346461396264333762386163346434376463303364366464613163366331343633623961
64653161663462373730303735313661333938616238323163646463343931643633623638613061
35386231316462363439386666396330633431643962323636353231653738383765306430623633
62353466623765346563303866383937616263396533613538626264303630633833316631306330
61663337666436636230386262376261343837633231623763346233346164393530333262626663
34653266393735386434366361633638356566313965613964356437653133626636316336646631
30356639346562646231343937663438343134396136376266363963666333323065336661333534
66346532636430346538343430313336316235656234386631303336643836326365646339646366
37323731333533643034353238346661346364616365656363376431623634383561306339343235
66353530653536353437393161636262373732393832353162363864396432333261356631376436
64313130326261613365666333643331336637326162393865363235643630616536666336303463
62643335376536626637393435303966643463333165316630366238633333633633353533303430
33653438636438376539636234613935353936373763666233386264373764643862316539363264
32666430383038346334323039383462363363363131366161393631313736623530643339626231
36623764346262633564373663373766356130626666383161363038386462396265643031386531
35643434666333653435633661313564393062613965326132663438623632333236346166663634
38376266343730356566636365306434653964666335363566306263396566333562633238623366
63373137636665333132623164346431353664373830356439306465333363653532366366393836
30663562346235326466323335363331383438326530366165356565353834333430336166623730
32646635313765646566333133333232323733303534363238306166383935643138376562353765
35633665653731336334656332313834343361306566643463643337633766333138636637346433
32313739663538646337616235663966616238353731633330323636666535333562323533306338
30633235663631373736366234646561653835656333313732656363336232623039646563353737
36373137336564646134383837376362353834393065396233383064393439313361323035636336
63666361633731613339363161386465343261666164353939333236306536393835383665323236
37356638643230346337383031333438626636653264386637313732336337353365323563346262
65353432313738613338363866646538616635373065663333633532666239363534333839303830
36643435343439326434663439313736396133633135613834386433633032393633306566303962
38326166633330393231633032383565636361343738353464323661613965356330393761653732
30633764373739303137356231323762366330656237383664653162336437653262316334313333
33643961363537396337656633333464653061393065393962613631613664323166336664663065
30653135333834343039643266646662643866636237386561373133363231396562653536653366
38666564353963653631633233653538303432363030376566363030303064643731373935386432
65373532333666323062333164633339383565393264383164636661363937653538363939633138
39646632643332353936353262623634613661383535386332323232373762396637363665313038
36326631653734393930633030383634613165346538626334613137663832343766663435333863
64306364373437663434356666383536616431626233646162653635333539373638326132353334
61346635613736646461623565663265633538323063383263343235353933373163306335393964
35386332643639316264636530613330313266393430353838623931326266306530333436653530
32346361353831653061613836343330396665633732396664616338396138646333333562653865
37393737313735636433373766633531663163306166306135313663613564613437643036333638
31636637373339346338376561383661646366636331313962633431386133386363393266346461
62353461646136366666663762666232323732363035303461626464633162306166353930356639
63633265313531363366303239643035353762636363303663303164623662356635333835383332
33393535313430316338663732313630633539373539373439303639303134333861303761326166
62613637373439306236383466633464663738656632376664363031666237653362633533363534
36346463313439626264363539323034313361333934343364313066353066326662333463626635
66393464363130373864316464306634346436323130646538636561623263333961616638623338
36393832663165663939303035336334663161333031306138376562376566343630656563636338
64666331396632303137326164663037346439326438336162353939396630306233666137303836
65663164333165333633333132363737633166613266363262643333376664616138356561306235
30313162666330636161393936643463336432646364616461646239386364346164363466383238
65633239633730643032613931393039616565393630386461393835333866313964663832376537
38353739633736343937363637313263623539626564333730323863363236346432383762663166
34393261343530663030356336303934313239666630323563666461623463643263393633663936
34313765346238613966656332306435323839323230653833313265323138616234383266323733
38666266396434616330326166303134396466373635326135396564346130366362363863366435
63316464366432333937626535666666323761323261303037313734346638656339393730626432
32386433663330313139613436613738306566623133353466636366633563636132383662313038
36356537646331663933623665376432336134633064656636333036373731313333393463346362
64643532626133643663353239353232306530613939303234373066333564653761613065333031
64366639303033343739376334333032373338656463376636306461626163353136646462363661
32393235313764303066356265393135343637396433643133623334643934616330646264306666
39333435343865316630663663336432656437663038313434306561373238346637663734313965
31363563393734633763393638663738313739333139343433613834303164636566386231356139
39353237623030633337666238386662663565313465653931383466373932353838623962393935
65383765333165626238656366306535643638316231623232323332613231373430643765626230
61646161343963383037373166623533333536636631666132643262643531653236653766613839
30373731303066633535373130373762353238666263653661656663663934646138333633316235
61353765316265306432316335356538393531356432626166623734633736303639656432643362
62633532386431386662626135343166356537343161333931363966316531316430363630313733
65303464313130306139353364353936333963353838623536353033393439303137376463303764
37323538306266316262646366326431313437356435633862353030346637303832323932333432
37656162303636363533363438346263383263353139643432613964366334303034656337336339
30326139633935643636623763643361646432613932613462316634623966366533363565643934
36343031653661383266336233343164373738366538316539353065653863373066323763313237
63633638386466383536383437363939393334343035663263616337663332613630623035656438
36646365623730623066313066643233643265646465386134323861613566666164376531373037
35393766343534303930336133326337326136313235386233626263356361323334396231633231
30663538326366353461343634393138313263386363333332303764663932346639323633343539
63373935323331353337656464623935633931623936383930313430326365313931303565326637
66303935376533313163326435383066626636643731346163383562656632363336663062346538
31323031353838383838346232346135646166393338613561373561316438383136323138386631
38346432316532386233353530396232623634646366306137633163316132623861333365316564
31383463666561306438333833623737636139636636373032656432663666616538303738353164
65383563353338313132653138373531633332626263656334333739356562366630376163343063
61363064643066313631663931383937356362656366613033396364323132393564623730663264
34626333343338396230336432353866393530666365393365373366396637626262323464346638
35376638376437356432306137336238643366323135306339383035393337376634393638366238
38353962636361313431356365306536346339386565646162346564613330333933396634396232
32396334393838306363393136653065333166633331393164373964623262356137636539373365
36346238326335333636643237353436303239656364623266643239316531666230303631643035
35626332663864306264326162653865366666306239376538623932363665633462313139356662
39386265323039623635383361363931666238383533383263373232373962666636313336316637
31333135656534343531633134363866643464616666386636396264326634633232386436666464
30393036366332636530656366326535616438396533623763626234623135633332626261626164
61623932643033363634383162636364366132306232373530623931326534386332663364343232
32333434653431303664303666383764643161336165366334356566333262613134396661356664
32393139303639633438306530366630376161643335323064343262663236363431383334383337
32616265616632393061626563663163643164376266303936653636653633633462303032303739
65643436366138396663333862633338316332636531623164353836396662396133386465376539
34363039656639623462303634353531356435363563326534633731613062666436373365346162
37303939616133303931323164303965626131303538326131666330623861663839306366666436
30626539386434366238616331396333626537663965643634323661326366343865646534366335
66303338363537333433363134336562663566353763353731623739346663323431613635646464
62346463663531626461656537386230343738646134336637663234353964386365316161303435
66383763363261396536393861316330313262333465626334646530303236633637646261363961
36386263623533326434626165653564356433343664353265666332643235616164646163353631
38353835316230656536376163303433666563383463643235643637343938323137356333313132
38353763646438356234653963353936653131613339333764613138323038666362613535393062
33663461303563396630633061633339333666326664376636633863626435353433356466363164
30346538626634626131626134303333333937393338316630373432333333373630313466316538
61633230616331633238323131613734643061336361393532373038383335373463393937346432
37376534323938613364313339616136633933316638383435663833376564323966363161653832
63633934343462396532313835633362316631346631666138316432303432316234656639313662
39646431666532396533313865663732616134316166393261316361303237636337613037626666
66393562343933653635303339616466663265393235623235393239316538333630313233663564
34366234383833633437396534376336326163353435313635386662383533333435663037366565
30343235646638623631336438396664663662613566666335663863343734376266326636333866
62366239613136316639396438373265663462636439303863613361333839666232396630346364
33626633396338653635313863323431626366346435623633306639636236636430613631613461
31363235633463366661353865646561333333356231636439633630613365396261623530343466
34393433656565333639353630313337613762656131353534376633666437356565646264313162
35356663663037393832363635383465313464626565623830316432353665343732633533643262
30633435366231326135616132623361393666323430306165643562653233373632313132643235
38663137396436613731666630653038663663376235343437356132303839393137623139656162
38326464633763353764663037626539346632333638633435376139383264356466303232303030
34323036313365376537626165336539313332646536623131393832316463363664633038336539
34363035343238643432383737363265633432376231623837643462386539626632393662643731
33306533386331373039336164613639356639333030343761316561393735303463663838656663
31626561663236613530623064636265623132623462333835353666346265363435356630356366
66643462363834646533396564383831383561343562393332346136393761633462323862623965
33623438663631353965393061383763643339326432326331353432306534343238643236323234
62313634666530623566663564383966393565613734356439356361383439616466666261613934
32613763346365363962363933623762643865326161653065663930343232303866323164613538
38323333343734626431643261323534393233313633613138393434386362306238663063363738
64326335336565343063376533346635613437303466306365666465313638353765643533336466
38326162623339353461633632323633613662613339303838363337353462613331613438643133
30646561333336616630346437346537366331666531623139613235316631336639323739313432
61626563383436653936623865316637393434303136346561653936636238393835303335613332
64386339333239616562336534633934333163306637626430626136323864383837313837303737
30396531313735383131363536303036633939326434643535313933626132393061663065336238
32363465316638376262363061356162613939643237313831666364336538613634386361393864
39663838373131663962653939646366363863616661613864363938623161613131343061636664
33373965643130643563636433323937333563353962323763353231633734383162303437343730
39663030306532363061383836363764663566313933616630303763383165303231373661326532
30333436396364303432363039373238623961656165383865313239613036353063636636643261
33663330363338623666613132333865376361623261646236376161663065323031393030656362
31653366653964313361383834623466616266333338323235623532393430643162336363323835
38666665386332383838613332656136333665353565653264366665643539616361366631613764
39363234663837343066623262633734346130613130336133623961393964616466663834353038
31363535383363336265383932643834633830303136323463326164633761333131633436626431
31356135353331313139336536376536326235636632653339386165616338303261323534303339
32386437386165636536386236383030643466323231383833303565396464316637643661643366
31643438663766383232386439303734343532636335623937323865393561643630383136376335
38356439396266613737396464303537353630376531303630356236373230346465386362623566
30626465356539663735663034346631343138333962643739613466373933316636353539303537
34313565353137663032323665396131383336313436343766336361336239616261623064636332
31303663626436643234393038306362333134396539393334343836306636323033653433303163
66623834636335666535306236396232346461626562646262636665313833303336653764666466
33396662303962326633336230383864336666393564306538633432313137393663656165636666
32656534616134613138386331353462646566343938376565333439323463653332373064363834
61336338313435336333393631623939643637313535323962393936616637613434663662653863
31393632363534643132626664393130316538333635666538353233313963313361643132646537
36396336316635363162316361373234323038383764346634663337333966383933313538653264
35373834616533383831616233643162333363343561303962386434633565663138653435366263
62656432663465303137336132316139643136383263376565663162646436333665626639666239
61376561653832386563656236396665346665393839333832336336633266383064396561636365
34363939346662393637366661666630356538653464363763376562333438316130316236623939
39613137633034663835393962316630393138313964666430346434313734333736366364656462
61653063376465633037626138353833656263313732376466333962633265333833353432383161
39623466303639373166313531366662613165393939346563663732303066663330613435393130
63306236326336336631653739383261396466623962386134326135643537373431626130383433
37323235663138333833333237346263306137343536633139326137373138643332313334383233
34363164636636393164626465616162326431343235363330313239313232333639316261653238
35666132363732316134353865313864623031316332333935356666616365656239326564623335
35613265626530383365306361316537613136393030613833383232643933333033376536613265
31646139366637636362613964363833366139316138316666633639326431303431656531366466
35626365626330666237333035303866366530663763653435333833666230323932306361303137
35383961376133666239613461396132656664306435303338626162643237313337306561316335
34653434366332633530653733353764313436623462396332346139656431316664353933393463
63333832666363366266653839353966666565643563363863656338636162626165646531343665
30353039633664663937343665343937303365363161316138393935316639663132323934343630
31306432313566326365363438386366346530346461616635393231623037613031613331613638
39366230383133636263653539303661633037646461343936666430363432353036366432663031
38343933316634303432613732363236623561306463633731313630356538353036313832343163
35376163346263663139323965633531666635353661366636353964616333633930366237323666
64323631343962626266373531326366386436373035656164313133623566656130386235313061
31376366613734353732626365356264306330653736393863363539346430356532383838386631
62333365326562373135623561356533633939666534356132323465623763393465393333623564
65613331333130393330313366353738303163316234623133346432373462643031306334646662
33623032623535363237366263353138336136623862323033656362666565666536633039653666
36366630633038323834386335643035363638346162353036333839623230313833313465363762
61373031626637333339626535623431303736363364383035316637636236366364396430366136
38356336316464643261353264383862663834323032623236356239323764636236353165333662
38366566666432336566613262353664323438383432366134363163333132336634346332356361
61336564326666653565663436373264633263306235393265363366343866636338386133616232
39666437636337653962373734616239343663383137633038303237303835613038356231343166
63326637303766616130666539613431383066343038643535636632353333396162356566383165
64663466616266626264306535646536343862386338626665633765373130386639623164663061
33633162326536396662653264373666303439306535616338336362623863623364356163303139
34353238653562663033373638326261323666613462663236303630343136373734613533373437
37653533313065653861343831383837336266333630626533313939626536643130623131326330
64646261353339383263643638346130306464393430383634313263623336373463613439336137
33633731376432653065666333313639306238646135383262633064316538653232646530663533
66306665633039396235633435386535366631323661663831346161666562393535396139636437
61363762653664396138363163356266363766373261303963373865316565316166616137366336
33396565666162333632343230666535613431646535663066663366626338356666623635373532
62313738383162356335376366313961623437646635616233376634313161396533663233633765
35386537613063333262633130616532653331343332393162383462393261623934386434633763
62616466373839623933623364643162626463353063626662633430333565346237663231316562
3437
