$ANSIBLE_VAULT;1.1;AES256
31313637316365306464316537643635363135363634336138616663383731323331643133663164
6166366637393131303566303439393464613636366438350a323766383434393863383430396535
31663935333535343965363333313361323537396530373938316632636431653636656630663163
6136616135656638640a643736353538333439383635313035613838333763303438633666643737
36376539663362363365646336663437396163613461316566656466613335356333656366343762
64393531333865383432626436376163663866666337323534643937333564623261613935356235
32316438326366323362366364623366363363383133373033343664313564386263663034623436
36373837303730393535303964633633376135666565616361393037343561323137373336326339
33346462636562383061376166643431383961396136656331323633383661393765363337656432
35353232383133303761633730306264643639333064633832633132636165373430393966363339
623934666534336565643032353463343266
